0	0.0	0.0
1	285.38	4.03
2	804.54	11.19
3	1173.02	43.86
4	2194.16	58.11
5	3469.96	89.39
6	4334.23	111.67
7	5141.06	125.02
8	5756.36	132.05
9	6697.21	142.11
10	7222.45	160.44
11	7659.26	169.22
12	8207.77	173.56
13	8610.29	177.58
14	9162.21	190.13
15	9362.88	192.37
16	9753.27	198.05
17	10237.27	212.32
18	10702.57	222.17
19	10831.63	234.22
20	11404.11	240.23
21	11879.12	246.3
22	12057.58	248.34
23	12654.11	254.86
24	13085.15	263.44
25	13622.76	270.74
26	14443.29	287.02
27	15470.38	302.27
28	16274.67	314.75
29	16976.61	380.93
30	17482.11	421.66
31	18226.68	456.65
32	18507.7	482.81
33	18993.49	506.21
34	19542.16	527.73
35	20034.03	540.55
36	20586.18	639.54
37	21141.16	776.43
38	21306.38	1028.92
39	21306.38	1462.23
40	21306.38	1875.24
41	21306.38	2278.15
42	21306.38	2712.02
43	21306.38	2800.7
44	21306.38	2857.47
45	21306.38	2922.66
46	21315.79	2977.08
47	21321.43	3326.91
48	21321.43	3326.91
49	21321.43	3326.91
50	21321.43	3326.91
51	21551.73	3329.98
52	21907.83	3334.0
53	22149.07	3338.23
54	22237.9	3343.39
55	22401.06	3363.02
56	22553.23	3371.82
57	22631.97	3397.2
58	22716.77	3416.88
59	22800.75	3456.24
60	22857.57	3475.9
61	22922.57	3502.92
62	22946.3	3683.02
63	22954.41	3924.88
64	23020.95	3970.22
65	23069.67	4020.82
66	23069.67	4077.81
67	23196.91	4114.22
68	23330.03	4126.79
69	23478.18	4144.78
70	23633.02	4151.82
71	23710.63	4156.16
72	23753.98	4159.42
73	23873.91	4195.14
74	23988.14	4210.0
75	24074.55	4220.72
76	24125.95	4227.21
77	24168.44	4249.17
78	24192.58	4445.12
79	24236.95	4463.45
80	24311.55	4472.64
81	24361.36	4497.87
82	24390.6	4505.83
83	24431.57	4534.17
84	24497.54	4536.02
85	24530.56	4560.81
86	24549.23	4585.27
87	24616.82	4586.16
88	24671.87	4587.05
89	24746.65	4588.84
90	24791.04	4613.56
91	24847.46	4614.93
92	24933.28	4656.47
93	25005.66	4712.57
94	25056.08	4870.14
95	25171.44	4888.16
96	25245.43	4903.77
97	25324.82	4929.67
98	25413.45	4947.11
99	25476.35	4975.53
100	25636.73	4986.24
101	25746.75	5006.5
102	25844.61	5029.51
103	25940.5	5039.57
104	26066.16	5055.18
105	26178.01	5067.45
106	26278.1	5082.43
107	26383.1	5094.87
108	26466.11	5131.09
109	26501.13	5346.7
110	26553.4	5382.29
111	26650.16	5408.44
112	26728.15	5429.36
113	26823.64	5455.15
114	26929.11	5476.76
115	26986.15	5489.81
116	27015.08	5518.64
117	27106.62	5521.37
118	27186.76	5523.46
119	27254.57	5531.02
120	27302.89	5532.45
121	27320.91	5589.8
122	27389.21	5590.18
123	27477.73	5591.14
124	27518.43	5628.9
125	27574.75	5765.93
126	27618.16	5793.26
127	27681.36	5807.72
128	27706.17	5840.34
129	27748.09	5869.14
130	27825.23	5869.56
131	27903.72	5870.07
132	27938.96	5898.71
133	28002.35	5925.78
134	28077.33	5926.52
135	28164.48	5927.31
136	28263.04	5929.26
137	28411.22	5934.15
138	28528.72	5945.5
139	28654.46	5985.02
140	28755.84	6025.28
141	28771.61	6176.57
142	28851.81	6193.46
143	28915.45	6199.89
144	28992.31	6211.59
145	29051.45	6224.59
146	29065.36	6249.88
147	29189.28	6256.49
148	29193.56	6256.79
149	29327.66	6261.17
150	29416.28	6274.12
151	29503.89	6295.61
152	29587.9	6318.65
153	29717.37	6333.57
154	29806.02	6357.82
155	29843.32	6407.21
156	29962.16	6414.51
157	30031.53	6418.68
158	30129.53	6609.5
159	30193.94	6616.55
160	30262.96	6633.33
161	30355.42	6640.3
162	30434.86	6654.15
163	30503.46	6663.54
164	30599.71	6682.5
165	30652.42	6712.28
166	30697.55	6712.86
167	30783.68	6713.68
168	30863.85	6738.92
169	30869.59	6760.83
170	30943.17	6761.13
171	31024.01	6761.78
172	31131.59	6762.54
173	31131.59	6762.54
174	31131.59	6762.54
175	31131.59	6762.54
176	31131.59	6762.54
177	31131.59	6762.54
178	31131.59	6762.54
179	31131.59	6762.54
180	31131.59	6762.54
181	31131.59	6762.54
182	31131.59	6762.54
183	31131.59	6762.54
184	31131.59	6762.54
185	31131.59	6762.54
186	31131.59	6762.54
187	31131.59	6762.54
188	31131.59	6762.54
189	31131.59	6762.54
190	31131.59	6762.54
191	31131.59	6762.54
192	31131.59	6762.54
193	31131.59	6762.54
194	31131.59	6762.54
195	31131.59	6762.54
196	31131.59	6762.54
197	31131.59	6762.54
198	31131.59	6762.54
199	31131.59	6762.54
200	31131.59	6762.54
201	31131.59	6762.54
202	31131.59	6762.54
203	31131.59	6762.54
204	31131.59	6762.54
205	31131.59	6762.54
206	31131.59	6762.54
207	31131.59	6762.54
208	31131.59	6762.54
209	31131.59	6762.54
210	31131.59	6762.54
211	31131.59	6762.54
212	31131.59	6762.54
213	31131.59	6762.54
214	31131.59	6762.54
215	31131.59	6762.54
216	31131.59	6762.54
217	31131.59	6762.54
218	31131.59	6762.54
219	31131.59	6762.54
220	31131.59	6762.54
221	31131.59	6762.54
222	31131.59	6762.54
223	31131.59	6762.54
224	31131.59	6762.54
225	31131.59	6762.54
226	31131.59	6762.54
227	31131.59	6762.54
228	31131.59	6762.54
229	31131.59	6762.54
230	31131.59	6762.54
231	31131.59	6762.54
232	31131.59	6762.54
233	31131.59	6762.54
234	31131.59	6762.54
235	31131.59	6762.54
236	31131.59	6762.54
237	31131.59	6762.54
238	31131.59	6762.54
239	31131.59	6762.54
240	31131.59	6762.54
241	31131.59	6762.54
242	31131.59	6762.54
243	31131.59	6762.54
244	31131.59	6762.54
245	31131.59	6762.54
246	31131.59	6762.54
247	31131.59	6762.54
248	31131.59	6762.54
249	31131.59	6762.54
250	31131.59	6762.54
251	31131.59	6762.54
252	31131.59	6762.54
253	31131.59	6762.54
254	31131.59	6762.54
255	31131.59	6762.54
256	31131.59	6762.54
257	31131.59	6762.54
258	31131.59	6762.54
259	31131.59	6762.54
260	31131.59	6762.54
261	31131.59	6762.54
262	31131.59	6762.54
263	31131.59	6762.54
264	31131.59	6762.54
265	31131.59	6762.54
266	31131.59	6762.54
267	31131.59	6762.54
268	31131.59	6762.54
269	31131.59	6762.54
270	31131.59	6762.54
271	31131.59	6762.54
272	31131.59	6762.54
273	31131.59	6762.54
274	31131.59	6762.54
275	31131.59	6762.54
276	31131.59	6762.54
277	31131.59	6762.54
278	31131.59	6762.54
279	31131.59	6762.54
280	31131.59	6762.54
281	31131.59	6762.54
282	31131.59	6762.54
283	31131.59	6762.54
284	31131.59	6762.54
285	31131.59	6762.54
286	31131.59	6762.54
287	31131.59	6762.54
288	31131.59	6762.54
289	31131.59	6762.54
290	31131.59	6762.54
291	31131.59	6762.54
292	31131.59	6762.54
293	31131.59	6762.54
294	31131.59	6762.54
295	31131.59	6762.54
296	31131.59	6762.54
297	31131.59	6762.54
298	31131.59	6762.54
299	31131.59	6762.54
300	31131.59	6762.54
301	31131.59	6762.54
302	31131.59	6762.54
303	31131.59	6762.54
304	31131.59	6762.54
305	31131.59	6762.54
306	31131.59	6762.54
307	31131.59	6762.54
308	31131.59	6762.54
309	31131.59	6762.54
310	31131.59	6762.54
311	31131.59	6762.54
312	31131.59	6762.54
313	31131.59	6762.54
314	31131.59	6762.54
315	31131.59	6762.54
316	31131.59	6762.54
317	31131.59	6762.54
318	31131.59	6762.54
319	31131.59	6762.54
