1	1435828224	9223372036854771712	0	2826027008	9223372036854771712	0	1773506560	9223372036854771712	0	3988996096	9223372036854771712	0	2469560320
2	1436065792	9223372036854771712	0	2826027008	9223372036854771712	0	1773522944	9223372036854771712	0	4021338112	9223372036854771712	0	2436182016
3	1465712640	9223372036854771712	0	2826027008	9223372036854771712	0	1773522944	9223372036854771712	0	4051881984	9223372036854771712	0	2374844416
4	1479069696	9223372036854771712	0	2826174464	9223372036854771712	0	1773522944	9223372036854771712	0	4088180736	9223372036854771712	0	2323562496
5	1489534976	9223372036854771712	0	2826428416	9223372036854771712	0	1773522944	9223372036854771712	0	4130111488	9223372036854771712	0	2267951104
6	1497714688	9223372036854771712	0	2848985088	9223372036854771712	0	1773522944	9223372036854771712	0	4169371648	9223372036854771712	0	2196873216
7	1497894912	9223372036854771712	0	2866106368	9223372036854771712	0	1773522944	9223372036854771712	0	4217061376	9223372036854771712	0	2130808832
8	1498140672	9223372036854771712	0	2889048064	9223372036854771712	0	1773522944	9223372036854771712	0	4253687808	9223372036854771712	0	2070806528
9	1498402816	9223372036854771712	0	2894835712	9223372036854771712	0	1773522944	9223372036854771712	0	4294897664	9223372036854771712	0	2020294656
10	1498759168	9223372036854771712	0	2894934016	9223372036854771712	0	1773522944	9223372036854771712	0	4294950912	9223372036854771712	0	2021011456
11	1499070464	9223372036854771712	0	2895183872	9223372036854771712	0	1773522944	9223372036854771712	0	4294901760	9223372036854771712	0	2018746368
12	1499475968	9223372036854771712	0	2895568896	9223372036854771712	0	1773522944	9223372036854771712	0	4294905856	9223372036854771712	0	2018451456
13	1499815936	9223372036854771712	0	2895962112	9223372036854771712	0	1773522944	9223372036854771712	0	4294918144	9223372036854771712	0	2017103872
14	1500188672	9223372036854771712	0	2896437248	9223372036854771712	0	1875148800	9223372036854771712	0	4294934528	9223372036854771712	0	1912119296
15	1500393472	9223372036854771712	0	2896752640	9223372036854771712	0	1948745728	9223372036854771712	0	4294926336	9223372036854771712	0	1837805568
16	1500844032	9223372036854771712	0	2897186816	9223372036854771712	0	2070671360	9223372036854771712	0	4294901760	9223372036854771712	0	1714761728
17	1501274112	9223372036854771712	0	2897600512	9223372036854771712	0	2122653696	9223372036854771712	0	4294799360	9223372036854771712	0	1663098880
18	1501626368	9223372036854771712	0	2898010112	9223372036854771712	0	2147463168	9223372036854771712	0	4294959104	9223372036854771712	0	1634848768
19	1502019584	9223372036854771712	0	2903146496	9223372036854771712	0	2147430400	9223372036854771712	0	4294914048	9223372036854771712	0	1632059392
20	1502347264	9223372036854771712	0	2903564288	9223372036854771712	0	2147356672	9223372036854771712	0	4294959104	9223372036854771712	0	1631236096
21	1502789632	9223372036854771712	0	2904068096	9223372036854771712	0	2147475456	9223372036854771712	0	4294918144	9223372036854771712	0	1632239616
22	1503137792	9223372036854771712	0	2904469504	9223372036854771712	0	2147479552	9223372036854771712	0	4294963200	9223372036854771712	0	1630818304
23	1543663616	9223372036854771712	0	2906001408	9223372036854771712	0	2147373056	9223372036854771712	0	4294930432	9223372036854771712	0	1578364928
24	1599385600	9223372036854771712	0	2906357760	9223372036854771712	0	2147315712	9223372036854771712	0	4294934528	9223372036854771712	0	1520848896
25	1599938560	9223372036854771712	0	2906882048	9223372036854771712	0	2147315712	9223372036854771712	0	4294959104	9223372036854771712	0	1520181248
26	1600421888	9223372036854771712	0	2907262976	9223372036854771712	0	2147323904	9223372036854771712	0	4294926336	9223372036854771712	0	1510440960
27	1600999424	9223372036854771712	0	2907709440	9223372036854771712	0	2147454976	9223372036854771712	0	4294926336	9223372036854771712	0	1509511168
28	1601703936	9223372036854771712	0	2908106752	9223372036854771712	0	2147328000	9223372036854771712	0	4128169984	9223372036854771712	0	1679884288
29	1602359296	9223372036854771712	0	2908659712	9223372036854771712	0	2147471360	9223372036854771712	0	3478839296	9223372036854771712	0	2337648640
30	1603084288	9223372036854771712	0	2909085696	9223372036854771712	0	2147446784	9223372036854771712	0	3478904832	9223372036854771712	0	2337767424
31	1603989504	9223372036854771712	0	2909515776	9223372036854771712	0	2147409920	9223372036854771712	0	3478949888	9223372036854771712	0	2334904320
32	1604632576	9223372036854771712	0	2910179328	9223372036854771712	0	2147270656	9223372036854771712	0	3479171072	9223372036854771712	0	2333995008
33	1605218304	9223372036854771712	0	2910683136	9223372036854771712	0	2147348480	9223372036854771712	0	3479093248	9223372036854771712	0	2332606464
34	1605910528	9223372036854771712	0	2911268864	9223372036854771712	0	2147483648	9223372036854771712	0	3479142400	9223372036854771712	0	2331127808
35	1606574080	9223372036854771712	0	2912235520	9223372036854771712	0	2147463168	9223372036854771712	0	3479322624	9223372036854771712	0	2330263552
36	1607344128	9223372036854771712	0	2913042432	9223372036854771712	0	2147409920	9223372036854771712	0	3479392256	9223372036854771712	0	2333478912
37	1608122368	9223372036854771712	0	2913947648	9223372036854771712	0	2147360768	9223372036854771712	0	3479441408	9223372036854771712	0	2331574272
38	1608810496	9223372036854771712	0	2914668544	9223372036854771712	0	2147364864	9223372036854771712	0	3479379968	9223372036854771712	0	2329620480
39	1609744384	9223372036854771712	0	2915659776	9223372036854771712	0	1582276608	9223372036854771712	0	3479543808	9223372036854771712	0	2896588800
40	1610244096	9223372036854771712	0	2916257792	9223372036854771712	0	1582276608	9223372036854771712	0	3479605248	9223372036854771712	0	2894778368
41	1611112448	9223372036854771712	0	2917064704	9223372036854771712	0	1582276608	9223372036854771712	0	3481620480	9223372036854771712	0	2890948608
42	1612034048	9223372036854771712	0	2917896192	9223372036854771712	0	1582276608	9223372036854771712	0	3481620480	9223372036854771712	0	2890625024
43	1612808192	9223372036854771712	0	2918760448	9223372036854771712	0	1582276608	9223372036854771712	0	3481620480	9223372036854771712	0	2888142848
44	1613574144	9223372036854771712	0	2919632896	9223372036854771712	0	1582276608	9223372036854771712	0	3481620480	9223372036854771712	0	2885648384
45	1614209024	9223372036854771712	0	2920517632	9223372036854771712	0	1582276608	9223372036854771712	0	3481620480	9223372036854771712	0	2884468736
46	1615245312	9223372036854771712	0	2921553920	9223372036854771712	0	1582276608	9223372036854771712	0	3481624576	9223372036854771712	0	2882658304
47	1616289792	9223372036854771712	0	2922491904	9223372036854771712	0	1582276608	9223372036854771712	0	3481624576	9223372036854771712	0	2878918656
48	1617711104	9223372036854771712	0	3028889600	9223372036854771712	0	1582276608	9223372036854771712	0	3481624576	9223372036854771712	0	2772582400
49	1618915328	9223372036854771712	0	3040456704	9223372036854771712	0	1582276608	9223372036854771712	0	3481624576	9223372036854771712	0	2759536640
50	1620021248	9223372036854771712	0	3091337216	9223372036854771712	0	1582276608	9223372036854771712	0	3481624576	9223372036854771712	0	2706038784
51	1621188608	9223372036854771712	0	3129573376	9223372036854771712	0	1582276608	9223372036854771712	0	3481796608	9223372036854771712	0	2666270720
52	1622564864	9223372036854771712	0	3171586048	9223372036854771712	0	1582276608	9223372036854771712	0	3481862144	9223372036854771712	0	2622115840
53	1623937024	9223372036854771712	0	3229401088	9223372036854771712	0	1582276608	9223372036854771712	0	3481735168	9223372036854771712	0	2561257472
54	1624809472	9223372036854771712	0	3274567680	9223372036854771712	0	1582276608	9223372036854771712	0	3481735168	9223372036854771712	0	2513403904
55	1625702400	9223372036854771712	0	3275345920	9223372036854771712	0	1582276608	9223372036854771712	0	3481735168	9223372036854771712	0	2511495168
56	1626595328	9223372036854771712	0	3276402688	9223372036854771712	0	1582276608	9223372036854771712	0	3481735168	9223372036854771712	0	2508922880
57	1627762688	9223372036854771712	0	3277430784	9223372036854771712	0	1582276608	9223372036854771712	0	3481735168	9223372036854771712	0	2507431936
58	1629077504	9223372036854771712	0	3278643200	9223372036854771712	0	1582276608	9223372036854771712	0	3481735168	9223372036854771712	0	2505654272
59	1630375936	9223372036854771712	0	3279818752	9223372036854771712	0	1582276608	9223372036854771712	0	3481735168	9223372036854771712	0	2502721536
60	1631641600	9223372036854771712	0	3280945152	9223372036854771712	0	1582276608	9223372036854771712	0	3481735168	9223372036854771712	0	2500325376
61	1632870400	9223372036854771712	0	3282214912	9223372036854771712	0	1582276608	9223372036854771712	0	3481735168	9223372036854771712	0	2496380928
62	1634058240	9223372036854771712	0	3283169280	9223372036854771712	0	1582276608	9223372036854771712	0	3481735168	9223372036854771712	0	2493153280
63	1635172352	9223372036854771712	0	3284254720	9223372036854771712	0	1582276608	9223372036854771712	0	3481735168	9223372036854771712	0	2491396096
64	1636384768	9223372036854771712	0	3285442560	9223372036854771712	0	1582276608	9223372036854771712	0	3481735168	9223372036854771712	0	2488979456
65	1637535744	9223372036854771712	0	3286376448	9223372036854771712	0	1582276608	9223372036854771712	0	3481735168	9223372036854771712	0	2485755904
66	1638674432	9223372036854771712	0	3287445504	9223372036854771712	0	1582276608	9223372036854771712	0	3481735168	9223372036854771712	0	2483445760
67	1639944192	9223372036854771712	0	3288719360	9223372036854771712	0	1582276608	9223372036854771712	0	3481735168	9223372036854771712	0	2481254400
68	1641504768	9223372036854771712	0	3289903104	9223372036854771712	0	1582276608	9223372036854771712	0	3481735168	9223372036854771712	0	2478313472
69	1642397696	9223372036854771712	0	3291017216	9223372036854771712	0	1582276608	9223372036854771712	0	3481735168	9223372036854771712	0	2475925504
70	1643696128	9223372036854771712	0	3292061696	9223372036854771712	0	1582276608	9223372036854771712	0	3481735168	9223372036854771712	0	2473103360
71	1645023232	9223372036854771712	0	3293274112	9223372036854771712	0	1582276608	9223372036854771712	0	3481735168	9223372036854771712	0	2470625280
72	1646051328	9223372036854771712	0	3294228480	9223372036854771712	0	1582276608	9223372036854771712	0	3481735168	9223372036854771712	0	2467565568
73	1647251456	9223372036854771712	0	3295358976	9223372036854771712	0	1582276608	9223372036854771712	0	3481735168	9223372036854771712	0	2465128448
74	1648418816	9223372036854771712	0	3296296960	9223372036854771712	0	1582276608	9223372036854771712	0	3481735168	9223372036854771712	0	2462621696
75	1649176576	9223372036854771712	0	3297136640	9223372036854771712	0	1582276608	9223372036854771712	0	3481735168	9223372036854771712	0	2461413376
76	1650343936	9223372036854771712	0	3298164736	9223372036854771712	0	1582276608	9223372036854771712	0	3483832320	9223372036854771712	0	2457522176
77	1651961856	9223372036854771712	0	3299385344	9223372036854771712	0	1582276608	9223372036854771712	0	3483832320	9223372036854771712	0	2453975040
78	1653829632	9223372036854771712	0	3300515840	9223372036854771712	0	1582276608	9223372036854771712	0	3483832320	9223372036854771712	0	2451136512
79	1655783424	9223372036854771712	0	3301593088	9223372036854771712	0	1582276608	9223372036854771712	0	3483832320	9223372036854771712	0	2447228928
80	1657868288	9223372036854771712	0	3302641664	9223372036854771712	0	1582276608	9223372036854771712	0	3483832320	9223372036854771712	0	2444390400
81	1659772928	9223372036854771712	0	3303686144	9223372036854771712	0	1582276608	9223372036854771712	0	3483832320	9223372036854771712	0	2441441280
82	1661595648	9223372036854771712	0	3304906752	9223372036854771712	0	1582276608	9223372036854771712	0	3483832320	9223372036854771712	0	2437304320
83	1663664128	9223372036854771712	0	3305848832	9223372036854771712	0	1582276608	9223372036854771712	0	3483832320	9223372036854771712	0	2434658304
84	1665708032	9223372036854771712	0	3306913792	9223372036854771712	0	1582276608	9223372036854771712	0	3483832320	9223372036854771712	0	2430504960
85	1667825664	9223372036854771712	0	3308171264	9223372036854771712	0	1582276608	9223372036854771712	0	3483832320	9223372036854771712	0	2427338752
86	1668833280	9223372036854771712	0	3309150208	9223372036854771712	0	1582276608	9223372036854771712	0	3483832320	9223372036854771712	0	2425774080
87	1723650048	9223372036854771712	0	3310346240	9223372036854771712	0	1582276608	9223372036854771712	0	3483832320	9223372036854771712	0	2368208896
88	1772396544	9223372036854771712	0	3311382528	9223372036854771712	0	1582276608	9223372036854771712	0	3483832320	9223372036854771712	0	2316767232
89	1821995008	9223372036854771712	0	3312410624	9223372036854771712	0	1582276608	9223372036854771712	0	3483832320	9223372036854771712	0	2264109056
90	1848459264	9223372036854771712	0	3313594368	9223372036854771712	0	1582276608	9223372036854771712	0	3528724480	9223372036854771712	0	2186711040
91	1881214976	9223372036854771712	0	3314937856	9223372036854771712	0	1582276608	9223372036854771712	0	3575226368	9223372036854771712	0	2104451072
92	1921835008	9223372036854771712	0	3316047872	9223372036854771712	0	1582276608	9223372036854771712	0	3623833600	9223372036854771712	0	2012344320
93	1964421120	9223372036854771712	0	3317354496	9223372036854771712	0	1582276608	9223372036854771712	0	3670331392	9223372036854771712	0	1920831488
94	2005303296	9223372036854771712	0	3318534144	9223372036854771712	0	1582276608	9223372036854771712	0	3720876032	9223372036854771712	0	1826664448
95	2045775872	9223372036854771712	0	3318964224	9223372036854771712	0	1582276608	9223372036854771712	0	3745984512	9223372036854771712	0	1758404608
96	2071584768	9223372036854771712	0	3319754752	9223372036854771712	0	1582276608	9223372036854771712	0	3786133504	9223372036854771712	0	1691176960
97	2072326144	9223372036854771712	0	3320688640	9223372036854771712	0	1582276608	9223372036854771712	0	3825790976	9223372036854771712	0	1648463872
98	2073440256	9223372036854771712	0	3321651200	9223372036854771712	0	1582276608	9223372036854771712	0	3872780288	9223372036854771712	0	1599471616
99	2074484736	9223372036854771712	0	3322802176	9223372036854771712	0	1582276608	9223372036854771712	0	3922108416	9223372036854771712	0	1546366976
100	2075521024	9223372036854771712	0	3323674624	9223372036854771712	0	1807200256	9223372036854771712	0	3958939648	9223372036854771712	0	1280466944
101	2076168192	9223372036854771712	0	3324145664	9223372036854771712	0	1892483072	9223372036854771712	0	3996033024	9223372036854771712	0	1146236928
102	2076844032	9223372036854771712	0	3324936192	9223372036854771712	0	1926107136	9223372036854771712	0	4025790464	9223372036854771712	0	1077841920
103	2077298688	9223372036854771712	0	3325214720	9223372036854771712	0	1947357184	9223372036854771712	0	4048863232	9223372036854771712	0	543944704
104	2064363520	9223372036854771712	0	3306921984	9223372036854771712	0	1967300608	9223372036854771712	0	4053815296	9223372036854771712	0	155836416
105	1988882432	9223372036854771712	0	3201556480	9223372036854771712	0	1959280640	9223372036854771712	0	3986731008	9223372036854771712	0	161353728
106	1907777536	9223372036854771712	0	3088629760	9223372036854771712	0	1944985600	9223372036854771712	0	3910168576	9223372036854771712	0	175828992
107	1832321024	9223372036854771712	0	2983206912	9223372036854771712	0	1931288576	9223372036854771712	0	3842236416	9223372036854771712	0	166092800
108	1790418944	9223372036854771712	0	2924531712	9223372036854771712	0	1944145920	9223372036854771712	0	3814719488	9223372036854771712	0	183279616
109	1784303616	9223372036854771712	0	2915659776	9223372036854771712	0	1968226304	9223372036854771712	0	3831246848	9223372036854771712	0	171163648
110	1778335744	9223372036854771712	0	2907136000	9223372036854771712	0	1985650688	9223372036854771712	0	3854389248	9223372036854771712	0	159617024
111	1765556224	9223372036854771712	0	2889166848	9223372036854771712	0	1999568896	9223372036854771712	0	3869360128	9223372036854771712	0	188366848
112	1759850496	9223372036854771712	0	2881064960	9223372036854771712	0	2021277696	9223372036854771712	0	3895226368	9223372036854771712	0	169086976
113	1750392832	9223372036854771712	0	2867879936	9223372036854771712	0	2041110528	9223372036854771712	0	3915358208	9223372036854771712	0	171909120
114	1739898880	9223372036854771712	0	2853040128	9223372036854771712	0	2063306752	9223372036854771712	0	3935461376	9223372036854771712	0	177045504
115	1732046848	9223372036854771712	0	2842308608	9223372036854771712	0	2083217408	9223372036854771712	0	3951796224	9223372036854771712	0	173522944
116	1722028032	9223372036854771712	0	2827968512	9223372036854771712	0	2115014656	9223372036854771712	0	3967827968	9223372036854771712	0	172617728
117	1707728896	9223372036854771712	0	2839605248	9223372036854771712	0	2146193408	9223372036854771712	0	3978080256	9223372036854771712	0	166858752
118	1700089856	9223372036854771712	0	2851225600	9223372036854771712	0	2147348480	9223372036854771712	0	3994214400	9223372036854771712	0	163184640
119	1688055808	9223372036854771712	0	2884083712	9223372036854771712	0	2147405824	9223372036854771712	0	3993288704	9223372036854771712	0	166559744
120	1677283328	9223372036854771712	0	2917281792	9223372036854771712	0	2147475456	9223372036854771712	0	3994574848	9223372036854771712	0	166572032
121	1666777088	9223372036854771712	0	2919469056	9223372036854771712	0	2147344384	9223372036854771712	0	4015775744	9223372036854771712	0	176689152
122	1662951424	9223372036854771712	0	2911277056	9223372036854771712	0	2147348480	9223372036854771712	0	4049092608	9223372036854771712	0	167280640
123	1665167360	9223372036854771712	0	2895679488	9223372036854771712	0	2147409920	9223372036854771712	0	4072275968	9223372036854771712	0	179220480
124	1677856768	9223372036854771712	0	2879553536	9223372036854771712	0	2146398208	9223372036854771712	0	4096389120	9223372036854771712	0	184791040
125	1671692288	9223372036854771712	0	2890465280	9223372036854771712	0	2147377152	9223372036854771712	0	4119097344	9223372036854771712	0	177950720
126	1654743040	9223372036854771712	0	2929635328	9223372036854771712	0	2147405824	9223372036854771712	0	4124749824	9223372036854771712	0	175484928
127	1636913152	9223372036854771712	0	2980814848	9223372036854771712	0	2147237888	9223372036854771712	0	4127432704	9223372036854771712	0	173916160
128	1621123072	9223372036854771712	0	3004899328	9223372036854771712	0	2145988608	9223372036854771712	0	4138274816	9223372036854771712	0	188575744
129	1612795904	9223372036854771712	0	3030310912	9223372036854771712	0	2145628160	9223372036854771712	0	4148690944	9223372036854771712	0	191156224
130	1601073152	9223372036854771712	0	3069194240	9223372036854771712	0	2145873920	9223372036854771712	0	4160323584	9223372036854771712	0	177700864
131	1597784064	9223372036854771712	0	3069190144	9223372036854771712	0	2147454976	9223372036854771712	0	4180791296	9223372036854771712	0	174026752
132	1599365120	9223372036854771712	0	3059367936	9223372036854771712	0	2147377152	9223372036854771712	0	4194893824	9223372036854771712	0	179879936
133	1600319488	9223372036854771712	0	3049541632	9223372036854771712	0	2147475456	9223372036854771712	0	4209086464	9223372036854771712	0	184918016
134	1603010560	9223372036854771712	0	3050037248	9223372036854771712	0	2147381248	9223372036854771712	0	4230631424	9223372036854771712	0	168587264
135	1599496192	9223372036854771712	0	3039641600	9223372036854771712	0	2147381248	9223372036854771712	0	4263084032	9223372036854771712	0	158777344
136	1595490304	9223372036854771712	0	3030220800	9223372036854771712	0	2147385344	9223372036854771712	0	4270473216	9223372036854771712	0	175587328
137	1596760064	9223372036854771712	0	3030700032	9223372036854771712	0	2147446784	9223372036854771712	0	4281614336	9223372036854771712	0	161845248
138	1592729600	9223372036854771712	0	3021004800	9223372036854771712	0	2147438592	9223372036854771712	0	4283752448	9223372036854771712	0	184717312
139	1594499072	9223372036854771712	0	3020988416	9223372036854771712	0	2147397632	9223372036854771712	0	4294922240	9223372036854771712	0	170831872
140	1595797504	9223372036854771712	0	3020988416	9223372036854771712	0	2147405824	9223372036854771712	0	4294922240	9223372036854771712	0	169177088
141	1597227008	9223372036854771712	0	3020988416	9223372036854771712	0	2147409920	9223372036854771712	0	4294934528	9223372036854771712	0	167608320
142	1598349312	9223372036854771712	0	3021332480	9223372036854771712	0	1669009408	9223372036854771712	0	4294959104	9223372036854771712	0	643973120
143	1599565824	9223372036854771712	0	2917945344	9223372036854771712	0	1485524992	9223372036854771712	0	4294930432	9223372036854771712	0	927211520
144	1600737280	9223372036854771712	0	2919116800	9223372036854771712	0	1485524992	9223372036854771712	0	4294836224	9223372036854771712	0	921477120
145	1601622016	9223372036854771712	0	2919907328	9223372036854771712	0	1485524992	9223372036854771712	0	4294967296	9223372036854771712	0	917434368
146	1602183168	9223372036854771712	0	2920370176	9223372036854771712	0	1485524992	9223372036854771712	0	4294926336	9223372036854771712	0	667152384
147	1602957312	9223372036854771712	0	2920861696	9223372036854771712	0	1485524992	9223372036854771712	0	4294930432	9223372036854771712	0	241975296
148	1540767744	9223372036854771712	0	2812215296	9223372036854771712	0	1462263808	9223372036854771712	0	4210831360	9223372036854771712	0	157081600
149	1470054400	9223372036854771712	0	2689474560	9223372036854771712	0	1433792512	9223372036854771712	0	4115140608	9223372036854771712	0	154005504
150	1395417088	9223372036854771712	0	2559389696	9223372036854771712	0	1403666432	9223372036854771712	0	4011483136	9223372036854771712	0	179417088
151	1384624128	9223372036854771712	0	2540343296	9223372036854771712	0	1399074816	9223372036854771712	0	4017463296	9223372036854771712	0	177999872
152	1381752832	9223372036854771712	0	2534682624	9223372036854771712	0	1397592064	9223372036854771712	0	4038774784	9223372036854771712	0	173400064
153	1379024896	9223372036854771712	0	2529128448	9223372036854771712	0	1396117504	9223372036854771712	0	4062474240	9223372036854771712	0	167116800
154	1376698368	9223372036854771712	0	2523430912	9223372036854771712	0	1394651136	9223372036854771712	0	4086484992	9223372036854771712	0	160108544
155	1370365952	9223372036854771712	0	2511462400	9223372036854771712	0	1391751168	9223372036854771712	0	4102430720	9223372036854771712	0	178819072
156	1368616960	9223372036854771712	0	2506129408	9223372036854771712	0	1390317568	9223372036854771712	0	4127232000	9223372036854771712	0	170504192
157	1370005504	9223372036854771712	0	2506670080	9223372036854771712	0	1390317568	9223372036854771712	0	4133933056	9223372036854771712	0	160018432
158	1368313856	9223372036854771712	0	2501001216	9223372036854771712	0	1388892160	9223372036854771712	0	4136259584	9223372036854771712	0	174059520
159	1383170048	9223372036854771712	0	2494894080	9223372036854771712	0	1387474944	9223372036854771712	0	4139487232	9223372036854771712	0	169877504
160	1417736192	9223372036854771712	0	2496204800	9223372036854771712	0	1387474944	9223372036854771712	0	3254874112	9223372036854771712	0	1022992384
161	1454723072	9223372036854771712	0	2497257472	9223372036854771712	0	1387474944	9223372036854771712	0	3254874112	9223372036854771712	0	984969216
162	1507270656	9223372036854771712	0	2498469888	9223372036854771712	0	1387474944	9223372036854771712	0	3254874112	9223372036854771712	0	931393536
163	1537798144	9223372036854771712	0	2499465216	9223372036854771712	0	1387474944	9223372036854771712	0	3254874112	9223372036854771712	0	898269184
164	1573556224	9223372036854771712	0	2500599808	9223372036854771712	0	1387474944	9223372036854771712	0	3254874112	9223372036854771712	0	862515200
165	1623482368	9223372036854771712	0	2515566592	9223372036854771712	0	1387474944	9223372036854771712	0	3254874112	9223372036854771712	0	797585408
166	1662267392	9223372036854771712	0	2528542720	9223372036854771712	0	1387474944	9223372036854771712	0	3254874112	9223372036854771712	0	743747584
167	1710227456	9223372036854771712	0	2539745280	9223372036854771712	0	1387474944	9223372036854771712	0	3254874112	9223372036854771712	0	683204608
168	1767624704	9223372036854771712	0	2552004608	9223372036854771712	0	1387474944	9223372036854771712	0	3254874112	9223372036854771712	0	611745792
169	1820041216	9223372036854771712	0	2555785216	9223372036854771712	0	1387474944	9223372036854771712	0	3254874112	9223372036854771712	0	553967616
170	1826619392	9223372036854771712	0	2566590464	9223372036854771712	0	1387474944	9223372036854771712	0	3254874112	9223372036854771712	0	535789568
171	1805017088	9223372036854771712	0	2579533824	9223372036854771712	0	1387474944	9223372036854771712	0	3254874112	9223372036854771712	0	544030720
172	1806172160	9223372036854771712	0	2591690752	9223372036854771712	0	1387474944	9223372036854771712	0	3254874112	9223372036854771712	0	530300928
173	1807327232	9223372036854771712	0	2606071808	9223372036854771712	0	1387474944	9223372036854771712	0	3254874112	9223372036854771712	0	515018752
174	1808470016	9223372036854771712	0	2621804544	9223372036854771712	0	1387474944	9223372036854771712	0	3254874112	9223372036854771712	0	497750016
175	1809539072	9223372036854771712	0	2633965568	9223372036854771712	0	1387474944	9223372036854771712	0	3254874112	9223372036854771712	0	475373568
176	1810202624	9223372036854771712	0	2640367616	9223372036854771712	0	1387466752	9223372036854771712	0	3254841344	9223372036854771712	0	151498752
177	1690157056	9223372036854771712	0	2518253568	9223372036854771712	0	1362984960	9223372036854771712	0	3138211840	9223372036854771712	0	154619904
178	1573789696	9223372036854771712	0	2402349056	9223372036854771712	0	1339252736	9223372036854771712	0	3025264640	9223372036854771712	0	175849472
179	1454403584	9223372036854771712	0	2283016192	9223372036854771712	0	1314865152	9223372036854771712	0	2909421568	9223372036854771712	0	196681728
180	1385721856	9223372036854771712	0	2215043072	9223372036854771712	0	1300754432	9223372036854771712	0	2842583040	9223372036854771712	0	196395008
181	1386885120	9223372036854771712	0	2220044288	9223372036854771712	0	1300754432	9223372036854771712	0	2842583040	9223372036854771712	0	188317696
182	1387884544	9223372036854771712	0	2225229824	9223372036854771712	0	1300754432	9223372036854771712	0	2842583040	9223372036854771712	0	182898688
183	1389006848	9223372036854771712	0	2226262016	9223372036854771712	0	1300754432	9223372036854771712	0	2842583040	9223372036854771712	0	180547584
184	1390108672	9223372036854771712	0	2227408896	9223372036854771712	0	1300754432	9223372036854771712	0	2842583040	9223372036854771712	0	177819648
185	1391202304	9223372036854771712	0	2228637696	9223372036854771712	0	1300754432	9223372036854771712	0	2842583040	9223372036854771712	0	174964736
186	1392398336	9223372036854771712	0	2229694464	9223372036854771712	0	1300754432	9223372036854771712	0	2842583040	9223372036854771712	0	171954176
187	1394200576	9223372036854771712	0	2230689792	9223372036854771712	0	1300754432	9223372036854771712	0	2842583040	9223372036854771712	0	169963520
188	1396281344	9223372036854771712	0	2231889920	9223372036854771712	0	1300754432	9223372036854771712	0	2842583040	9223372036854771712	0	165163008
189	1398001664	9223372036854771712	0	2232987648	9223372036854771712	0	1300754432	9223372036854771712	0	2844680192	9223372036854771712	0	160907264
190	1400025088	9223372036854771712	0	2234363904	9223372036854771712	0	1300754432	9223372036854771712	0	2844680192	9223372036854771712	0	158142464
191	1395654656	9223372036854771712	0	2226999296	9223372036854771712	0	1299230720	9223372036854771712	0	2837417984	9223372036854771712	0	188620800
192	1405677568	9223372036854771712	0	2227990528	9223372036854771712	0	1299230720	9223372036854771712	0	2837417984	9223372036854771712	0	177623040
193	1419415552	9223372036854771712	0	2229039104	9223372036854771712	0	1299230720	9223372036854771712	0	2837417984	9223372036854771712	0	163340288
194	1420873728	9223372036854771712	0	2221686784	9223372036854771712	0	1297731584	9223372036854771712	0	2830295040	9223372036854771712	0	187195392
195	1430167552	9223372036854771712	0	2222862336	9223372036854771712	0	1297731584	9223372036854771712	0	2830295040	9223372036854771712	0	175955968
196	1438674944	9223372036854771712	0	2224095232	9223372036854771712	0	1297731584	9223372036854771712	0	2830295040	9223372036854771712	0	167383040
197	1445478400	9223372036854771712	0	2225266688	9223372036854771712	0	1297731584	9223372036854771712	0	2830295040	9223372036854771712	0	158810112
198	1439535104	9223372036854771712	0	2218033152	9223372036854771712	0	1296244736	9223372036854771712	0	2823270400	9223372036854771712	0	191561728
199	1440788480	9223372036854771712	0	2218889216	9223372036854771712	0	1296244736	9223372036854771712	0	2823270400	9223372036854771712	0	188665856
200	1441771520	9223372036854771712	0	2219790336	9223372036854771712	0	1296244736	9223372036854771712	0	2823270400	9223372036854771712	0	186351616
201	1442709504	9223372036854771712	0	2220744704	9223372036854771712	0	1296244736	9223372036854771712	0	2823270400	9223372036854771712	0	185057280
202	1444380672	9223372036854771712	0	2221998080	9223372036854771712	0	1296244736	9223372036854771712	0	2823270400	9223372036854771712	0	181686272
203	1413615616	9223372036854771712	0	2260865024	9223372036854771712	0	1361797120	9223372036854771712	0	2796060672	9223372036854771712	0	175095808
204	1361670144	9223372036854771712	0	2241495040	9223372036854771712	0	1540935680	9223372036854771712	0	2752020480	9223372036854771712	0	182755328
205	1338269696	9223372036854771712	0	2271182848	9223372036854771712	0	1595846656	9223372036854771712	0	2731446272	9223372036854771712	0	177373184
206	1318920192	9223372036854771712	0	2298343424	9223372036854771712	0	1624977408	9223372036854771712	0	2714599424	9223372036854771712	0	178159616
207	1305657344	9223372036854771712	0	2318647296	9223372036854771712	0	1652977664	9223372036854771712	0	2702454784	9223372036854771712	0	176246784
208	1293676544	9223372036854771712	0	2344673280	9223372036854771712	0	1680834560	9223372036854771712	0	2691379200	9223372036854771712	0	174637056
209	1274064896	9223372036854771712	0	2387607552	9223372036854771712	0	1704927232	9223372036854771712	0	2674208768	9223372036854771712	0	174678016
210	1255919616	9223372036854771712	0	2433433600	9223372036854771712	0	1724313600	9223372036854771712	0	2658717696	9223372036854771712	0	172371968
211	1243373568	9223372036854771712	0	2460643328	9223372036854771712	0	1739128832	9223372036854771712	0	2647576576	9223372036854771712	0	174673920
212	1244872704	9223372036854771712	0	2461417472	9223372036854771712	0	1759797248	9223372036854771712	0	2647576576	9223372036854771712	0	149082112
213	1234395136	9223372036854771712	0	2435665920	9223372036854771712	0	1782841344	9223372036854771712	0	2638266368	9223372036854771712	0	187457536
214	1230696448	9223372036854771712	0	2424893440	9223372036854771712	0	1807310848	9223372036854771712	0	2634063872	9223372036854771712	0	186404864
215	1227472896	9223372036854771712	0	2414616576	9223372036854771712	0	1838649344	9223372036854771712	0	2630045696	9223372036854771712	0	186032128
216	1165242368	9223372036854771712	0	2273075200	9223372036854771712	0	1814671360	9223372036854771712	0	2580676608	9223372036854771712	0	164667392
217	1092878336	9223372036854771712	0	2105970688	9223372036854771712	0	1773871104	9223372036854771712	0	2520383488	9223372036854771712	0	174264320
218	1068879872	9223372036854771712	0	2049036288	9223372036854771712	0	1781018624	9223372036854771712	0	2499948544	9223372036854771712	0	160407552
219	1065246720	9223372036854771712	0	2038669312	9223372036854771712	0	1812488192	9223372036854771712	0	2495979520	9223372036854771712	0	158900224
220	1057669120	9223372036854771712	0	2018091008	9223372036854771712	0	1840775168	9223372036854771712	0	2498322432	9223372036854771712	0	173817856
221	1050464256	9223372036854771712	0	1998761984	9223372036854771712	0	1863659520	9223372036854771712	0	2529509376	9223372036854771712	0	168206336
222	1043111936	9223372036854771712	0	1980280832	9223372036854771712	0	1869172736	9223372036854771712	0	2552451072	9223372036854771712	0	185249792
223	1039560704	9223372036854771712	0	1970290688	9223372036854771712	0	1893257216	9223372036854771712	0	2578501632	9223372036854771712	0	161099776
224	1033207808	9223372036854771712	0	1954533376	9223372036854771712	0	1907998720	9223372036854771712	0	2594217984	9223372036854771712	0	165457920
225	1026899968	9223372036854771712	0	1938735104	9223372036854771712	0	1927856128	9223372036854771712	0	2615259136	9223372036854771712	0	166690816
226	1020182528	9223372036854771712	0	1923162112	9223372036854771712	0	1937874944	9223372036854771712	0	2627084288	9223372036854771712	0	185602048
227	1018142720	9223372036854771712	0	1916375040	9223372036854771712	0	1959026688	9223372036854771712	0	2652598272	9223372036854771712	0	158322688
228	1011326976	9223372036854771712	0	1898975232	9223372036854771712	0	1971265536	9223372036854771712	0	2678210560	9223372036854771712	0	168165376
229	1006260224	9223372036854771712	0	1885970432	9223372036854771712	0	1984380928	9223372036854771712	0	2695929856	9223372036854771712	0	172216320
230	1001443328	9223372036854771712	0	1874055168	9223372036854771712	0	1996701696	9223372036854771712	0	2714370048	9223372036854771712	0	173166592
231	999223296	9223372036854771712	0	1859833856	9223372036854771712	0	2007584768	9223372036854771712	0	2735271936	9223372036854771712	0	178200576
232	1044185088	9223372036854771712	0	1840537600	9223372036854771712	0	2002583552	9223372036854771712	0	2747113472	9223372036854771712	0	174338048
233	1095749632	9223372036854771712	0	1833078784	9223372036854771712	0	1447587840	9223372036854771712	0	2778873856	9223372036854771712	0	666353664
234	1139888128	9223372036854771712	0	1833918464	9223372036854771712	0	1447534592	9223372036854771712	0	2818719744	9223372036854771712	0	582279168
235	1195581440	9223372036854771712	0	1834668032	9223372036854771712	0	1447534592	9223372036854771712	0	2856112128	9223372036854771712	0	488660992
236	1251143680	9223372036854771712	0	1835388928	9223372036854771712	0	1447534592	9223372036854771712	0	2894749696	9223372036854771712	0	394866688
237	1298972672	9223372036854771712	0	1836376064	9223372036854771712	0	1447534592	9223372036854771712	0	2938421248	9223372036854771712	0	300666880
238	1361743872	9223372036854771712	0	1837240320	9223372036854771712	0	1447534592	9223372036854771712	0	2976215040	9223372036854771712	0	196562944
239	1393242112	9223372036854771712	0	1828524032	9223372036854771712	0	1432612864	9223372036854771712	0	2992353280	9223372036854771712	0	184352768
240	1401167872	9223372036854771712	0	1822248960	9223372036854771712	0	1422053376	9223372036854771712	0	3021795328	9223372036854771712	0	174776320
241	1393168384	9223372036854771712	0	1820368896	9223372036854771712	0	1417830400	9223372036854771712	0	3055034368	9223372036854771712	0	158982144
242	1365250048	9223372036854771712	0	1820667904	9223372036854771712	0	1404698624	9223372036854771712	0	3076648960	9223372036854771712	0	191717376
243	1352450048	9223372036854771712	0	1829576704	9223372036854771712	0	1398427648	9223372036854771712	0	3109822464	9223372036854771712	0	175566848
244	1333317632	9223372036854771712	0	1832828928	9223372036854771712	0	1389441024	9223372036854771712	0	3128135680	9223372036854771712	0	190717952
245	1321459712	9223372036854771712	0	1838710784	9223372036854771712	0	1383641088	9223372036854771712	0	3155279872	9223372036854771712	0	181440512
246	1310101504	9223372036854771712	0	1839222784	9223372036854771712	0	1378025472	9223372036854771712	0	3174801408	9223372036854771712	0	180822016
247	1298857984	9223372036854771712	0	1835384832	9223372036854771712	0	1372577792	9223372036854771712	0	3203850240	9223372036854771712	0	185389056
248	1287958528	9223372036854771712	0	1831518208	9223372036854771712	0	1367306240	9223372036854771712	0	3226419200	9223372036854771712	0	182337536
249	1275658240	9223372036854771712	0	1827061760	9223372036854771712	0	1361502208	9223372036854771712	0	3255300096	9223372036854771712	0	178716672
250	1265598464	9223372036854771712	0	1823641600	9223372036854771712	0	1356566528	9223372036854771712	0	3286548480	9223372036854771712	0	168394752
251	1255804928	9223372036854771712	0	1820061696	9223372036854771712	0	1351774208	9223372036854771712	0	3308343296	9223372036854771712	0	166465536
252	1245941760	9223372036854771712	0	1816662016	9223372036854771712	0	1347137536	9223372036854771712	0	3328811008	9223372036854771712	0	173948928
253	1164935168	9223372036854771712	0	1783177216	9223372036854771712	0	1311105024	9223372036854771712	0	3230990336	9223372036854771712	0	165343232
254	1055924224	9223372036854771712	0	1737924608	9223372036854771712	0	1262817280	9223372036854771712	0	3086430208	9223372036854771712	0	192364544
255	981323776	9223372036854771712	0	1707220992	9223372036854771712	0	1230069760	9223372036854771712	0	2988498944	9223372036854771712	0	174579712
256	975802368	9223372036854771712	0	1705340928	9223372036854771712	0	1227390976	9223372036854771712	0	3005444096	9223372036854771712	0	176414720
257	969048064	9223372036854771712	0	1703096320	9223372036854771712	0	1224171520	9223372036854771712	0	3023560704	9223372036854771712	0	181587968
258	962875392	9223372036854771712	0	1701052416	9223372036854771712	0	1221132288	9223372036854771712	0	3037302784	9223372036854771712	0	192430080
259	963960832	9223372036854771712	0	1702313984	9223372036854771712	0	1221132288	9223372036854771712	0	3067375616	9223372036854771712	0	160075776
260	958836736	9223372036854771712	0	1700302848	9223372036854771712	0	1218580480	9223372036854771712	0	3075268608	9223372036854771712	0	175366144
261	954138624	9223372036854771712	0	1698799616	9223372036854771712	0	1216327680	9223372036854771712	0	3077685248	9223372036854771712	0	193388544
262	955215872	9223372036854771712	0	1699979264	9223372036854771712	0	1216327680	9223372036854771712	0	3097808896	9223372036854771712	0	171384832
263	950796288	9223372036854771712	0	1698242560	9223372036854771712	0	1214255104	9223372036854771712	0	3101077504	9223372036854771712	0	189800448
264	951988224	9223372036854771712	0	1699254272	9223372036854771712	0	1214255104	9223372036854771712	0	3128311808	9223372036854771712	0	160210944
265	947838976	9223372036854771712	0	1697611776	9223372036854771712	0	1212428288	9223372036854771712	0	3141885952	9223372036854771712	0	169906176
266	951406592	9223372036854771712	0	1696350208	9223372036854771712	0	1210912768	9223372036854771712	0	3154087936	9223372036854771712	0	171970560
267	957259776	9223372036854771712	0	1695109120	9223372036854771712	0	1209581568	9223372036854771712	0	3168804864	9223372036854771712	0	171569152
268	959328256	9223372036854771712	0	1694044160	9223372036854771712	0	1208410112	9223372036854771712	0	3184906240	9223372036854771712	0	166092800
269	957923328	9223372036854771712	0	1693032448	9223372036854771712	0	1207369728	9223372036854771712	0	3198550016	9223372036854771712	0	167202816
270	961568768	9223372036854771712	0	1691951104	9223372036854771712	0	1206415360	9223372036854771712	0	3213430784	9223372036854771712	0	163168256
271	960294912	9223372036854771712	0	1691021312	9223372036854771712	0	1205559296	9223372036854771712	0	3228385280	9223372036854771712	0	162299904
272	958443520	9223372036854771712	0	1690472448	9223372036854771712	0	1204858880	9223372036854771712	0	3242815488	9223372036854771712	0	162713600
273	953937920	9223372036854771712	0	1690001408	9223372036854771712	0	1204240384	9223372036854771712	0	3258867712	9223372036854771712	0	167170048
274	945065984	9223372036854771712	0	1748701184	9223372036854771712	0	1203216384	9223372036854771712	0	3248857088	9223372036854771712	0	155291648
275	934461440	9223372036854771712	0	1793081344	9223372036854771712	0	1202077696	9223372036854771712	0	3215634432	9223372036854771712	0	184946688
276	928813056	9223372036854771712	0	1827381248	9223372036854771712	0	1201475584	9223372036854771712	0	3203600384	9223372036854771712	0	183095296
277	926552064	9223372036854771712	0	1832804352	9223372036854771712	0	1201147904	9223372036854771712	0	3211993088	9223372036854771712	0	179298304
278	928063488	9223372036854771712	0	1878388736	9223372036854771712	0	1201147904	9223372036854771712	0	2473787392	9223372036854771712	0	871436288
279	929513472	9223372036854771712	0	1951989760	9223372036854771712	0	1201147904	9223372036854771712	0	2473660416	9223372036854771712	0	794054656
280	930836480	9223372036854771712	0	2033020928	9223372036854771712	0	1201147904	9223372036854771712	0	2473660416	9223372036854771712	0	708706304
281	931991552	9223372036854771712	0	2091917312	9223372036854771712	0	1201147904	9223372036854771712	0	2473660416	9223372036854771712	0	646627328
282	933347328	9223372036854771712	0	2154799104	9223372036854771712	0	1201147904	9223372036854771712	0	2473660416	9223372036854771712	0	576782336
283	934473728	9223372036854771712	0	2199199744	9223372036854771712	0	1201147904	9223372036854771712	0	2473660416	9223372036854771712	0	528592896
284	935567360	9223372036854771712	0	2200489984	9223372036854771712	0	1201147904	9223372036854771712	0	2473660416	9223372036854771712	0	524926976
285	937009152	9223372036854771712	0	2201755648	9223372036854771712	0	1201147904	9223372036854771712	0	2473660416	9223372036854771712	0	515072000
286	938868736	9223372036854771712	0	2202849280	9223372036854771712	0	1201147904	9223372036854771712	0	2473660416	9223372036854771712	0	507113472
287	940863488	9223372036854771712	0	2203774976	9223372036854771712	0	1201147904	9223372036854771712	0	2473660416	9223372036854771712	0	499838976
288	942546944	9223372036854771712	0	2204790784	9223372036854771712	0	1201147904	9223372036854771712	0	2473660416	9223372036854771712	0	494948352
289	944631808	9223372036854771712	0	2205880320	9223372036854771712	0	1201147904	9223372036854771712	0	2473660416	9223372036854771712	0	490541056
290	946446336	9223372036854771712	0	2206777344	9223372036854771712	0	1201147904	9223372036854771712	0	2473660416	9223372036854771712	0	484130816
291	948420608	9223372036854771712	0	2207858688	9223372036854771712	0	1201147904	9223372036854771712	0	2473660416	9223372036854771712	0	479285248
292	950358016	9223372036854771712	0	2209021952	9223372036854771712	0	1201147904	9223372036854771712	0	2473660416	9223372036854771712	0	471130112
293	951668736	9223372036854771712	0	2209546240	9223372036854771712	0	1254498304	9223372036854771712	0	2473791488	9223372036854771712	0	410406912
294	951758848	9223372036854771712	0	2209665024	9223372036854771712	0	1306001408	9223372036854771712	0	2473807872	9223372036854771712	0	358064128
295	951783424	9223372036854771712	0	2209767424	9223372036854771712	0	1330946048	9223372036854771712	0	2473893888	9223372036854771712	0	333447168
296	953737216	9223372036854771712	0	2210648064	9223372036854771712	0	1368567808	9223372036854771712	0	2473926656	9223372036854771712	0	288268288
297	955404288	9223372036854771712	0	2211749888	9223372036854771712	0	1408724992	9223372036854771712	0	2473824256	9223372036854771712	0	242565120
298	956833792	9223372036854771712	0	2212458496	9223372036854771712	0	1445568512	9223372036854771712	0	2473975808	9223372036854771712	0	201318400
299	957341696	9223372036854771712	0	2197221376	9223372036854771712	0	1487437824	9223372036854771712	0	2470842368	9223372036854771712	0	176119808
300	957022208	9223372036854771712	0	2169667584	9223372036854771712	0	1521176576	9223372036854771712	0	2465320960	9223372036854771712	0	178720768
301	963678208	9223372036854771712	0	2117337088	9223372036854771712	0	1537880064	9223372036854771712	0	2455068672	9223372036854771712	0	165310464
302	967192576	9223372036854771712	0	1915457536	9223372036854771712	0	1494265856	9223372036854771712	0	2416979968	9223372036854771712	0	139587584
303	945520640	9223372036854771712	0	1765814272	9223372036854771712	0	1458900992	9223372036854771712	0	2390396928	9223372036854771712	0	139182080
304	930537472	9223372036854771712	0	1694535680	9223372036854771712	0	1443418112	9223372036854771712	0	2375548928	9223372036854771712	0	139669504
305	926068736	9223372036854771712	0	1680396288	9223372036854771712	0	1439010816	9223372036854771712	0	2367262720	9223372036854771712	0	139161600
306	927956992	9223372036854771712	0	1666531328	9223372036854771712	0	1439772672	9223372036854771712	0	2356572160	9223372036854771712	0	139718656
307	926830592	9223372036854771712	0	1660461056	9223372036854771712	0	1442713600	9223372036854771712	0	2353291264	9223372036854771712	0	138690560
308	934334464	9223372036854771712	0	1650733056	9223372036854771712	0	1449000960	9223372036854771712	0	2350604288	9223372036854771712	0	138342400
309	944357376	9223372036854771712	0	1645449216	9223372036854771712	0	1461301248	9223372036854771712	0	2346770432	9223372036854771712	0	140853248
310	930066432	9223372036854771712	0	1644212224	9223372036854771712	0	1481289728	9223372036854771712	0	2344198144	9223372036854771712	0	145403904
311	928149504	9223372036854771712	0	1642065920	9223372036854771712	0	1498050560	9223372036854771712	0	2341396480	9223372036854771712	0	173494272
312	942047232	9223372036854771712	0	1642016768	9223372036854771712	0	1515040768	9223372036854771712	0	2338279424	9223372036854771712	0	149323776
313	945135616	9223372036854771712	0	1647169536	9223372036854771712	0	1522880512	9223372036854771712	0	2331463680	9223372036854771712	0	138944512
314	938647552	9223372036854771712	0	1644810240	9223372036854771712	0	1526505472	9223372036854771712	0	2324910080	9223372036854771712	0	159469568
315	944189440	9223372036854771712	0	1641832448	9223372036854771712	0	1541771264	9223372036854771712	0	2323705856	9223372036854771712	0	168767488
316	950251520	9223372036854771712	0	1649438720	9223372036854771712	0	1555570688	9223372036854771712	0	2306936832	9223372036854771712	0	174239744
317	952004608	9223372036854771712	0	1645395968	9223372036854771712	0	1569742848	9223372036854771712	0	2282983424	9223372036854771712	0	192901120
318	962818048	9223372036854771712	0	1647034368	9223372036854771712	0	1592438784	9223372036854771712	0	2255904768	9223372036854771712	0	181514240
319	980033536	9223372036854771712	0	1645248512	9223372036854771712	0	1606995968	9223372036854771712	0	2230091776	9223372036854771712	0	181391360
320	994672640	9223372036854771712	0	1645285376	9223372036854771712	0	1620287488	9223372036854771712	0	2207211520	9223372036854771712	0	178102272
321	988073984	9223372036854771712	0	1645928448	9223372036854771712	0	1633865728	9223372036854771712	0	2190897152	9223372036854771712	0	187166720
322	972218368	9223372036854771712	0	1654501376	9223372036854771712	0	1656512512	9223372036854771712	0	2180714496	9223372036854771712	0	180047872
323	961986560	9223372036854771712	0	1659457536	9223372036854771712	0	1677926400	9223372036854771712	0	2164592640	9223372036854771712	0	172277760
324	953917440	9223372036854771712	0	1673707520	9223372036854771712	0	1694343168	9223372036854771712	0	2149179392	9223372036854771712	0	157982720
325	945188864	9223372036854771712	0	1670950912	9223372036854771712	0	1710239744	9223372036854771712	0	2122113024	9223372036854771712	0	174166016
326	941051904	9223372036854771712	0	1680523264	9223372036854771712	0	1731244032	9223372036854771712	0	2106765312	9223372036854771712	0	156733440
327	936112128	9223372036854771712	0	1676701696	9223372036854771712	0	1740238848	9223372036854771712	0	2071285760	9223372036854771712	0	175783936
328	934064128	9223372036854771712	0	1672941568	9223372036854771712	0	1755693056	9223372036854771712	0	2067353600	9223372036854771712	0	163459072
329	932352000	9223372036854771712	0	1676849152	9223372036854771712	0	1767206912	9223372036854771712	0	2031693824	9223372036854771712	0	171249664
330	930996224	9223372036854771712	0	1675821056	9223372036854771712	0	1781850112	9223372036854771712	0	2012012544	9223372036854771712	0	166621184
331	929800192	9223372036854771712	0	1676980224	9223372036854771712	0	1783947264	9223372036854771712	0	1977630720	9223372036854771712	0	186179584
332	929144832	9223372036854771712	0	1679745024	9223372036854771712	0	1797074944	9223372036854771712	0	1960280064	9223372036854771712	0	189923328
333	929603584	9223372036854771712	0	1689612288	9223372036854771712	0	1816399872	9223372036854771712	0	1945149440	9223372036854771712	0	176017408
334	925216768	9223372036854771712	0	1692315648	9223372036854771712	0	1827180544	9223372036854771712	0	1925865472	9223372036854771712	0	182366208
335	925921280	9223372036854771712	0	1692512256	9223372036854771712	0	1850994688	9223372036854771712	0	1914048512	9223372036854771712	0	169959424
336	926896128	9223372036854771712	0	1696845824	9223372036854771712	0	1305849856	9223372036854771712	0	1907118080	9223372036854771712	0	708513792
337	927744000	9223372036854771712	0	1697816576	9223372036854771712	0	1306083328	9223372036854771712	0	1910349824	9223372036854771712	0	682414080
338	929034240	9223372036854771712	0	1699241984	9223372036854771712	0	1306083328	9223372036854771712	0	1916932096	9223372036854771712	0	660164608
339	930242560	9223372036854771712	0	1700335616	9223372036854771712	0	1306083328	9223372036854771712	0	1943597056	9223372036854771712	0	623005696
340	931332096	9223372036854771712	0	1701384192	9223372036854771712	0	1306083328	9223372036854771712	0	1971576832	9223372036854771712	0	585568256
341	937492480	9223372036854771712	0	1702100992	9223372036854771712	0	1308180480	9223372036854771712	0	1991487488	9223372036854771712	0	546045952
342	946786304	9223372036854771712	0	1702739968	9223372036854771712	0	1308180480	9223372036854771712	0	2000912384	9223372036854771712	0	198189056
343	915976192	9223372036854771712	0	1642905600	9223372036854771712	0	1195409408	9223372036854771712	0	1979445248	9223372036854771712	0	138821632
344	902758400	9223372036854771712	0	1649831936	9223372036854771712	0	1192882176	9223372036854771712	0	1851224064	9223372036854771712	0	139558912
345	887726080	9223372036854771712	0	1641480192	9223372036854771712	0	1168310272	9223372036854771712	0	1672024064	9223372036854771712	0	171122688
346	884314112	9223372036854771712	0	1649061888	9223372036854771712	0	1146503168	9223372036854771712	0	1665261568	9223372036854771712	0	155525120
347	886779904	9223372036854771712	0	1661300736	9223372036854771712	0	1138143232	9223372036854771712	0	1655300096	9223372036854771712	0	184320000
348	886652928	9223372036854771712	0	1671680000	9223372036854771712	0	1133367296	9223372036854771712	0	1648599040	9223372036854771712	0	189038592
349	886652928	9223372036854771712	0	1715728384	9223372036854771712	0	1127927808	9223372036854771712	0	1644998656	9223372036854771712	0	158646272
350	883331072	9223372036854771712	0	1715146752	9223372036854771712	0	1111883776	9223372036854771712	0	1636990976	9223372036854771712	0	188022784
351	888885248	9223372036854771712	0	1729744896	9223372036854771712	0	1099952128	9223372036854771712	0	1636438016	9223372036854771712	0	173555712
352	890859520	9223372036854771712	0	1735118848	9223372036854771712	0	1092571136	9223372036854771712	0	1641168896	9223372036854771712	0	158253056
353	889999360	9223372036854771712	0	1714614272	9223372036854771712	0	1080709120	9223372036854771712	0	1654915072	9223372036854771712	0	165044224
354	888438784	9223372036854771712	0	1698369536	9223372036854771712	0	1068552192	9223372036854771712	0	1672183808	9223372036854771712	0	178888704
355	887361536	9223372036854771712	0	1685762048	9223372036854771712	0	1055793152	9223372036854771712	0	1692282880	9223372036854771712	0	185638912
356	889925632	9223372036854771712	0	1686745088	9223372036854771712	0	1057579008	9223372036854771712	0	1713754112	9223372036854771712	0	157630464
357	888610816	9223372036854771712	0	1676836864	9223372036854771712	0	1044295680	9223372036854771712	0	1731158016	9223372036854771712	0	166916096
358	887738368	9223372036854771712	0	1668890624	9223372036854771712	0	1031352320	9223372036854771712	0	1749917696	9223372036854771712	0	171053056
359	886915072	9223372036854771712	0	1662615552	9223372036854771712	0	1017028608	9223372036854771712	0	1765851136	9223372036854771712	0	178765824
360	885276672	9223372036854771712	0	1653202944	9223372036854771712	0	1012228096	9223372036854771712	0	1783955456	9223372036854771712	0	180707328
361	882577408	9223372036854771712	0	1643569152	9223372036854771712	0	1007198208	9223372036854771712	0	1802612736	9223372036854771712	0	185913344
362	882892800	9223372036854771712	0	1643450368	9223372036854771712	0	992899072	9223372036854771712	0	1823924224	9223372036854771712	0	173768704
363	883367936	9223372036854771712	0	1643372544	9223372036854771712	0	975028224	9223372036854771712	0	1836257280	9223372036854771712	0	180252672
364	883482624	9223372036854771712	0	1643651072	9223372036854771712	0	960262144	9223372036854771712	0	1851527168	9223372036854771712	0	178626560
365	882778112	9223372036854771712	0	1642557440	9223372036854771712	0	932511744	9223372036854771712	0	1866338304	9223372036854771712	0	189521920
366	883822592	9223372036854771712	0	1644204032	9223372036854771712	0	935723008	9223372036854771712	0	1886535680	9223372036854771712	0	161394688
367	883720192	9223372036854771712	0	1641508864	9223372036854771712	0	926203904	9223372036854771712	0	1903579136	9223372036854771712	0	157904896
368	881831936	9223372036854771712	0	1633628160	9223372036854771712	0	886153216	9223372036854771712	0	1906290688	9223372036854771712	0	171958272
369	881917952	9223372036854771712	0	1633083392	9223372036854771712	0	862113792	9223372036854771712	0	1919311872	9223372036854771712	0	158748672
370	881905664	9223372036854771712	0	1632546816	9223372036854771712	0	828162048	9223372036854771712	0	1928798208	9223372036854771712	0	139546624
371	880689152	9223372036854771712	0	1629786112	9223372036854771712	0	695287808	9223372036854771712	0	1926234112	9223372036854771712	0	138756096
372	878178304	9223372036854771712	0	1627287552	9223372036854771712	0	524120064	9223372036854771712	0	1923624960	9223372036854771712	0	138698752
373	665419776	9223372036854771712	0	1624039424	9223372036854771712	0	386678784	9223372036854771712	0	1844367360	9223372036854771712	0	179159040
374	595927040	9223372036854771712	0	1616531456	9223372036854771712	0	290332672	9223372036854771712	0	1826906112	9223372036854771712	0	156790784
375	595931136	9223372036854771712	0	1616424960	9223372036854771712	0	290336768	9223372036854771712	0	1826906112	9223372036854771712	0	162086912
376	595918848	9223372036854771712	0	1616687104	9223372036854771712	0	290336768	9223372036854771712	0	1826779136	9223372036854771712	0	161730560
377	595906560	9223372036854771712	0	1616818176	9223372036854771712	0	290336768	9223372036854771712	0	1826779136	9223372036854771712	0	161505280
378	596168704	9223372036854771712	0	1619427328	9223372036854771712	0	290332672	9223372036854771712	0	1827164160	9223372036854771712	0	149659648
379	607268864	9223372036854771712	0	1617846272	9223372036854771712	0	214355968	9223372036854771712	0	1823600640	9223372036854771712	0	172404736
380	615735296	9223372036854771712	0	1611800576	9223372036854771712	0	202596352	9223372036854771712	0	1832009728	9223372036854771712	0	160202752
381	625524736	9223372036854771712	0	1611456512	9223372036854771712	0	183091200	9223372036854771712	0	1847017472	9223372036854771712	0	160485376
382	628580352	9223372036854771712	0	1615302656	9223372036854771712	0	158855168	9223372036854771712	0	1857220608	9223372036854771712	0	180142080
383	638005248	9223372036854771712	0	1625001984	9223372036854771712	0	149868544	9223372036854771712	0	1869856768	9223372036854771712	0	162897920
384	641347584	9223372036854771712	0	1622536192	9223372036854771712	0	131145728	9223372036854771712	0	1883697152	9223372036854771712	0	182362112
385	649601024	9223372036854771712	0	1625018368	9223372036854771712	0	127074304	9223372036854771712	0	1897889792	9223372036854771712	0	166268928
386	650297344	9223372036854771712	0	1615728640	9223372036854771712	0	111960064	9223372036854771712	0	1908961280	9223372036854771712	0	190128128
387	654262272	9223372036854771712	0	1611464704	9223372036854771712	0	103428096	9223372036854771712	0	1915940864	9223372036854771712	0	194043904
388	661458944	9223372036854771712	0	1617440768	9223372036854771712	0	98037760	9223372036854771712	0	1928118272	9223372036854771712	0	174333952
389	671023104	9223372036854771712	0	1611345920	9223372036854771712	0	95129600	9223372036854771712	0	1941848064	9223372036854771712	0	168448000
390	672772096	9223372036854771712	0	1606201344	9223372036854771712	0	88633344	9223372036854771712	0	1954140160	9223372036854771712	0	182595584
391	683806720	9223372036854771712	0	1610903552	9223372036854771712	0	90001408	9223372036854771712	0	1966071808	9223372036854771712	0	157429760
392	678490112	9223372036854771712	0	1597288448	9223372036854771712	0	84066304	9223372036854771712	0	1968803840	9223372036854771712	0	183377920
393	681021440	9223372036854771712	0	1589977088	9223372036854771712	0	79900672	9223372036854771712	0	1976053760	9223372036854771712	0	183136256
394	685273088	9223372036854771712	0	1586540544	9223372036854771712	0	84410368	9223372036854771712	0	1985646592	9223372036854771712	0	183656448
395	694394880	9223372036854771712	0	1589145600	9223372036854771712	0	91947008	9223372036854771712	0	1998209024	9223372036854771712	0	155897856
396	700596224	9223372036854771712	0	1583984640	9223372036854771712	0	101539840	9223372036854771712	0	2005708800	9223372036854771712	0	157704192
397	701796352	9223372036854771712	0	1557303296	9223372036854771712	0	114651136	9223372036854771712	0	2011623424	9223372036854771712	0	161185792
398	700465152	9223372036854771712	0	1539317760	9223372036854771712	0	123523072	9223372036854771712	0	1998663680	9223372036854771712	0	170516480
399	708280320	9223372036854771712	0	1503272960	9223372036854771712	0	126971904	9223372036854771712	0	2002624512	9223372036854771712	0	156631040
400	713076736	9223372036854771712	0	1487699968	9223372036854771712	0	133562368	9223372036854771712	0	2007134208	9223372036854771712	0	144973824
401	713256960	9223372036854771712	0	1481826304	9223372036854771712	0	137863168	9223372036854771712	0	2004713472	9223372036854771712	0	141352960
402	711462912	9223372036854771712	0	1465671680	9223372036854771712	0	137719808	9223372036854771712	0	1998209024	9223372036854771712	0	139685888
403	688541696	9223372036854771712	0	1422143488	9223372036854771712	0	123768832	9223372036854771712	0	1973772288	9223372036854771712	0	142229504
404	660180992	9223372036854771712	0	1305145344	9223372036854771712	0	117170176	9223372036854771712	0	1951084544	9223372036854771712	0	148574208
405	647823360	9223372036854771712	0	1149489152	9223372036854771712	0	105861120	9223372036854771712	0	1926631424	9223372036854771712	0	164691968
406	606834688	9223372036854771712	0	1053626368	9223372036854771712	0	90275840	9223372036854771712	0	1887514624	9223372036854771712	0	185683968
407	516136960	9223372036854771712	0	914595840	9223372036854771712	0	69713920	9223372036854771712	0	1841782784	9223372036854771712	0	175955968
408	505503744	9223372036854771712	0	891547648	9223372036854771712	0	65699840	9223372036854771712	0	1840295936	9223372036854771712	0	191275008
409	508387328	9223372036854771712	0	866287616	9223372036854771712	0	63782912	9223372036854771712	0	1839857664	9223372036854771712	0	200982528
410	511012864	9223372036854771712	0	867287040	9223372036854771712	0	63971328	9223372036854771712	0	1840824320	9223372036854771712	0	187817984
411	514256896	9223372036854771712	0	846602240	9223372036854771712	0	63234048	9223372036854771712	0	1842905088	9223372036854771712	0	183980032
412	517328896	9223372036854771712	0	848564224	9223372036854771712	0	62857216	9223372036854771712	0	1845583872	9223372036854771712	0	168292352
413	513859584	9223372036854771712	0	848433152	9223372036854771712	0	56913920	9223372036854771712	0	1846530048	9223372036854771712	0	174182400
414	516296704	9223372036854771712	0	851480576	9223372036854771712	0	57466880	9223372036854771712	0	1849442304	9223372036854771712	0	167792640
415	521515008	9223372036854771712	0	856686592	9223372036854771712	0	48869376	9223372036854771712	0	1852887040	9223372036854771712	0	155598848
416	521793536	9223372036854771712	0	847536128	9223372036854771712	0	50196480	9223372036854771712	0	1852305408	9223372036854771712	0	159625216
417	522362880	9223372036854771712	0	835514368	9223372036854771712	0	46063616	9223372036854771712	0	1848401920	9223372036854771712	0	180932608
418	525905920	9223372036854771712	0	820346880	9223372036854771712	0	44023808	9223372036854771712	0	1849626624	9223372036854771712	0	179777536
419	528384000	9223372036854771712	0	822824960	9223372036854771712	0	40464384	9223372036854771712	0	1851260928	9223372036854771712	0	185356288
420	532369408	9223372036854771712	0	822968320	9223372036854771712	0	43773952	9223372036854771712	0	1854640128	9223372036854771712	0	177385472
421	537686016	9223372036854771712	0	827367424	9223372036854771712	0	45256704	9223372036854771712	0	1856700416	9223372036854771712	0	184692736
422	541466624	9223372036854771712	0	831344640	9223372036854771712	0	46399488	9223372036854771712	0	1855987712	9223372036854771712	0	181940224
423	545312768	9223372036854771712	0	834301952	9223372036854771712	0	48799744	9223372036854771712	0	1858433024	9223372036854771712	0	169132032
424	535560192	9223372036854771712	0	836345856	9223372036854771712	0	48103424	9223372036854771712	0	1860206592	9223372036854771712	0	179404800
425	538669056	9223372036854771712	0	841199616	9223372036854771712	0	45932544	9223372036854771712	0	1857474560	9223372036854771712	0	175345664
426	539594752	9223372036854771712	0	848330752	9223372036854771712	0	52097024	9223372036854771712	0	1863540736	9223372036854771712	0	157376512
427	543494144	9223372036854771712	0	843239424	9223372036854771712	0	53006336	9223372036854771712	0	1862459392	9223372036854771712	0	167448576
428	534482944	9223372036854771712	0	839225344	9223372036854771712	0	54165504	9223372036854771712	0	1867468800	9223372036854771712	0	174534656
429	531910656	9223372036854771712	0	838651904	9223372036854771712	0	57032704	9223372036854771712	0	1870454784	9223372036854771712	0	170881024
430	511377408	9223372036854771712	0	840544256	9223372036854771712	0	52092928	9223372036854771712	0	1863806976	9223372036854771712	0	185819136
431	505671680	9223372036854771712	0	840806400	9223372036854771712	0	52588544	9223372036854771712	0	1864679424	9223372036854771712	0	178737152
432	509071360	9223372036854771712	0	842285056	9223372036854771712	0	53010432	9223372036854771712	0	1861984256	9223372036854771712	0	182579200
433	511012864	9223372036854771712	0	844972032	9223372036854771712	0	54353920	9223372036854771712	0	1860091904	9223372036854771712	0	173408256
434	513155072	9223372036854771712	0	843890688	9223372036854771712	0	50929664	9223372036854771712	0	1858285568	9223372036854771712	0	174796800
435	505749504	9223372036854771712	0	817115136	9223372036854771712	0	45846528	9223372036854771712	0	1844711424	9223372036854771712	0	140029952
436	491347968	9223372036854771712	0	804495360	9223372036854771712	0	44584960	9223372036854771712	0	1805099008	9223372036854771712	0	139161600
437	479952896	9223372036854771712	0	738689024	9223372036854771712	0	40505344	9223372036854771712	0	1774157824	9223372036854771712	0	160612352
438	473141248	9223372036854771712	0	698626048	9223372036854771712	0	36020224	9223372036854771712	0	1753870336	9223372036854771712	0	138780672
439	446066688	9223372036854771712	0	690610176	9223372036854771712	0	33935360	9223372036854771712	0	1747832832	9223372036854771712	0	138727424
440	386412544	9223372036854771712	0	682823680	9223372036854771712	0	22196224	9223372036854771712	0	1730830336	9223372036854771712	0	163880960
441	307101696	9223372036854771712	0	669769728	9223372036854771712	0	20512768	9223372036854771712	0	1617219584	9223372036854771712	0	140128256
442	281628672	9223372036854771712	0	652959744	9223372036854771712	0	19415040	9223372036854771712	0	1538281472	9223372036854771712	0	140320768
443	239296512	9223372036854771712	0	627200000	9223372036854771712	0	18350080	9223372036854771712	0	1479077888	9223372036854771712	0	139067392
444	208519168	9223372036854771712	0	597970944	9223372036854771712	0	18591744	9223372036854771712	0	1422049280	9223372036854771712	0	162435072
445	208183296	9223372036854771712	0	593293312	9223372036854771712	0	18829312	9223372036854771712	0	1416740864	9223372036854771712	0	177213440
446	208171008	9223372036854771712	0	593264640	9223372036854771712	0	18829312	9223372036854771712	0	1416740864	9223372036854771712	0	176959488
447	208293888	9223372036854771712	0	593395712	9223372036854771712	0	18829312	9223372036854771712	0	1416871936	9223372036854771712	0	176349184
448	208293888	9223372036854771712	0	593395712	9223372036854771712	0	18829312	9223372036854771712	0	1416871936	9223372036854771712	0	176349184
449	208769024	9223372036854771712	0	594251776	9223372036854771712	0	18743296	9223372036854771712	0	1417240576	9223372036854771712	0	171974656
450	206815232	9223372036854771712	0	585940992	9223372036854771712	0	22781952	9223372036854771712	0	1423052800	9223372036854771712	0	168304640
451	212377600	9223372036854771712	0	586059776	9223372036854771712	0	25337856	9223372036854771712	0	1426370560	9223372036854771712	0	181301248
452	218771456	9223372036854771712	0	588660736	9223372036854771712	0	30285824	9223372036854771712	0	1431363584	9223372036854771712	0	169553920
453	222728192	9223372036854771712	0	582975488	9223372036854771712	0	35176448	9223372036854771712	0	1424064512	9223372036854771712	0	183091200
454	223420416	9223372036854771712	0	582434816	9223372036854771712	0	35790848	9223372036854771712	0	1423712256	9223372036854771712	0	179433472
455	222515200	9223372036854771712	0	571559936	9223372036854771712	0	35905536	9223372036854771712	0	1423740928	9223372036854771712	0	191586304
456	223141888	9223372036854771712	0	571604992	9223372036854771712	0	36036608	9223372036854771712	0	1423769600	9223372036854771712	0	189460480
457	224964608	9223372036854771712	0	571998208	9223372036854771712	0	36073472	9223372036854771712	0	1423810560	9223372036854771712	0	187482112
458	228745216	9223372036854771712	0	577380352	9223372036854771712	0	39100416	9223372036854771712	0	1425821696	9223372036854771712	0	162254848
459	228028416	9223372036854771712	0	580071424	9223372036854771712	0	41598976	9223372036854771712	0	1424576512	9223372036854771712	0	155897856
460	234479616	9223372036854771712	0	585981952	9223372036854771712	0	45424640	9223372036854771712	0	1406091264	9223372036854771712	0	163241984
461	236101632	9223372036854771712	0	584519680	9223372036854771712	0	49852416	9223372036854771712	0	1401102336	9223372036854771712	0	180416512
462	241094656	9223372036854771712	0	589320192	9223372036854771712	0	53972992	9223372036854771712	0	1392734208	9223372036854771712	0	183529472
463	246087680	9223372036854771712	0	590516224	9223372036854771712	0	57954304	9223372036854771712	0	1384345600	9223372036854771712	0	180998144
464	247107584	9223372036854771712	0	591814656	9223372036854771712	0	58347520	9223372036854771712	0	1384779776	9223372036854771712	0	175587328
465	246693888	9223372036854771712	0	590241792	9223372036854771712	0	59215872	9223372036854771712	0	1382215680	9223372036854771712	0	177246208
466	248885248	9223372036854771712	0	587370496	9223372036854771712	0	61521920	9223372036854771712	0	1364180992	9223372036854771712	0	182419456
467	250281984	9223372036854771712	0	588935168	9223372036854771712	0	62824448	9223372036854771712	0	1361182720	9223372036854771712	0	183152640
468	254189568	9223372036854771712	0	588722176	9223372036854771712	0	65757184	9223372036854771712	0	1357774848	9223372036854771712	0	183926784
469	259051520	9223372036854771712	0	595165184	9223372036854771712	0	69365760	9223372036854771712	0	1359708160	9223372036854771712	0	158560256
470	258170880	9223372036854771712	0	593334272	9223372036854771712	0	69644288	9223372036854771712	0	1357586432	9223372036854771712	0	175501312
471	258158592	9223372036854771712	0	590368768	9223372036854771712	0	69644288	9223372036854771712	0	1352011776	9223372036854771712	0	184053760
472	258146304	9223372036854771712	0	590258176	9223372036854771712	0	69644288	9223372036854771712	0	1351884800	9223372036854771712	0	183795712
473	260694016	9223372036854771712	0	578850816	9223372036854771712	0	67055616	9223372036854771712	0	1351168000	9223372036854771712	0	175583232
474	261226496	9223372036854771712	0	579850240	9223372036854771712	0	67788800	9223372036854771712	0	1350606848	9223372036854771712	0	178139136
475	261804032	9223372036854771712	0	577929216	9223372036854771712	0	69984256	9223372036854771712	0	1351766016	9223372036854771712	0	177061888
476	265887744	9223372036854771712	0	579223552	9223372036854771712	0	70660096	9223372036854771712	0	1352441856	9223372036854771712	0	165285888
477	265953280	9223372036854771712	0	556617728	9223372036854771712	0	71442432	9223372036854771712	0	1352994816	9223372036854771712	0	169259008
478	261259264	9223372036854771712	0	552972288	9223372036854771712	0	72658944	9223372036854771712	0	1354252288	9223372036854771712	0	542339072
479	264396800	9223372036854771712	0	557023232	9223372036854771712	0	74252288	9223372036854771712	0	1356091392	9223372036854771712	0	2063634432
480	269144064	9223372036854771712	0	563101696	9223372036854771712	0	75669504	9223372036854771712	0	1358065664	9223372036854771712	0	3738353664
481	275558400	9223372036854771712	0	571211776	9223372036854771712	0	79241216	9223372036854771712	0	1361969152	9223372036854771712	0	5199777792
482	280305664	9223372036854771712	0	577888256	9223372036854771712	0	81891328	9223372036854771712	0	1364729856	9223372036854771712	0	7035699200
483	287289344	9223372036854771712	0	587177984	9223372036854771712	0	85835776	9223372036854771712	0	1368801280	9223372036854771712	0	8491741184
484	293281792	9223372036854771712	0	594698240	9223372036854771712	0	88866816	9223372036854771712	0	1372131328	9223372036854771712	0	9893748736
485	298934272	9223372036854771712	0	601890816	9223372036854771712	0	91787264	9223372036854771712	0	1375158272	9223372036854771712	0	11421134848
486	305758208	9223372036854771712	0	609611776	9223372036854771712	0	95105024	9223372036854771712	0	1378471936	9223372036854771712	0	12952383488
487	314576896	9223372036854771712	0	620085248	9223372036854771712	0	99725312	9223372036854771712	0	1382936576	9223372036854771712	0	13940871168
488	324104192	9223372036854771712	0	630308864	9223372036854771712	0	104484864	9223372036854771712	0	1387892736	9223372036854771712	0	13907853312
489	334209024	9223372036854771712	0	642052096	9223372036854771712	0	109522944	9223372036854771712	0	1392664576	9223372036854771712	0	13871525888
490	342032384	9223372036854771712	0	651223040	9223372036854771712	0	113266688	9223372036854771712	0	1226833920	9223372036854771712	0	14004592640
491	351690752	9223372036854771712	0	662212608	9223372036854771712	0	117800960	9223372036854771712	0	1231921152	9223372036854771712	0	13971869696
492	360722432	9223372036854771712	0	674054144	9223372036854771712	0	122228736	9223372036854771712	0	1237045248	9223372036854771712	0	13937057792
493	371228672	9223372036854771712	0	685662208	9223372036854771712	0	126992384	9223372036854771712	0	1242198016	9223372036854771712	0	13903106048
494	381947904	9223372036854771712	0	697401344	9223372036854771712	0	131837952	9223372036854771712	0	1247346688	9223372036854771712	0	13865066496
495	392683520	9223372036854771712	0	709316608	9223372036854771712	0	136179712	9223372036854771712	0	1252110336	9223372036854771712	0	13833539584
496	402706432	9223372036854771712	0	720162816	9223372036854771712	0	140054528	9223372036854771712	0	1256243200	9223372036854771712	0	13799165952
497	410361856	9223372036854771712	0	728649728	9223372036854771712	0	143233024	9223372036854771712	0	1259425792	9223372036854771712	0	13773475840
498	421031936	9223372036854771712	0	739532800	9223372036854771712	0	147496960	9223372036854771712	0	1263968256	9223372036854771712	0	13739618304
499	430665728	9223372036854771712	0	749527040	9223372036854771712	0	151531520	9223372036854771712	0	1267945472	9223372036854771712	0	13707780096
500	439783424	9223372036854771712	0	760037376	9223372036854771712	0	155058176	9223372036854771712	0	11964416	9223372036854771712	0	14948085760
