1	450973696	536870912	0	885174272	1073741824	0	990482432	536870912	0	1433096192	1073741824	0	249229312
2	478048256	536870912	0	906723328	1073741824	0	1013477376	536870912	0	1436299264	1073741824	0	166174720
3	532471808	536870912	0	917200896	1073741824	0	967598080	536870912	496459776	1433460736	1073741824	0	156442624
4	536420352	536870912	0	962146304	1073741824	0	897785856	536870912	1147904000	1437978624	1073741824	0	163176448
5	539148288	536870912	0	967172096	1073741824	0	895848448	536870912	1345175552	1423880192	1073741824	192847872	164962304
6	541487104	536870912	0	970416128	1073741824	0	877965312	536870912	1721102336	1409429504	1073741824	384135168	184397824
7	544010240	536870912	0	973766656	1073741824	0	869097472	536870912	1990717440	1396297728	1073741824	482836480	194400256
8	546320384	536870912	0	977117184	1073741824	0	887209984	536870912	1990717440	1400610816	1073741824	482836480	160800768
9	547987456	536870912	0	979460096	1073741824	0	870174720	536870912	2187423744	1403097088	1073741824	482836480	167559168
10	548130816	536870912	0	973959168	1073741824	0	884576256	536870912	2187423744	1401847808	1073741824	482836480	172216320
11	549498880	536870912	0	972509184	1073741824	0	874221568	536870912	2377433088	1402875904	1073741824	482836480	183779328
12	552497152	536870912	0	975863808	1073741824	0	865779712	536870912	2557411328	1406464000	1073741824	482836480	176599040
13	555130880	536870912	0	978055168	1073741824	0	874541056	536870912	2641850368	1396146176	1073741824	570187776	169754624
14	557150208	536870912	0	980828160	1073741824	0	857485312	536870912	2917339136	1384230912	1073741824	656998400	188854272
15	559185920	536870912	0	983408640	1073741824	0	871079936	536870912	2917339136	1387204608	1073741824	656998400	165662720
16	562122752	536870912	0	986669056	1073741824	0	837443584	536870912	3194257408	1386381312	1073741824	738295808	188235776
17	564936704	536870912	0	990371840	1073741824	0	854364160	536870912	3194257408	1390481408	1073741824	738295808	156270592
18	567291904	536870912	0	993419264	1073741824	0	842100736	536870912	3450662912	1389428736	1073741824	1108320256	153251840
19	569143296	536870912	0	994471936	1073741824	0	816812032	536870912	3696680960	1372549120	1073741824	1759961088	188108800
20	571289600	536870912	0	998047744	1073741824	0	834129920	536870912	3696680960	1352265728	1073741824	2097135616	180285440
21	574103552	536870912	0	1001377792	1073741824	0	821252096	536870912	3862319104	1356222464	1073741824	2248790016	175546368
22	576397312	536870912	0	1004175360	1073741824	0	812380160	536870912	4018274304	1352290304	1073741824	2398617600	177688576
23	577912832	536870912	0	1006223360	1073741824	0	800653312	536870912	4174757888	1343320064	1073741824	2550935552	190119936
24	580915200	536870912	0	1009238016	1073741824	0	803651584	536870912	4254330880	1342615552	1073741824	2771107840	175558656
25	583553024	536870912	0	1012080640	1073741824	0	803602432	536870912	4328542208	1340436480	1073741824	2937667584	167198720
26	582557696	536870912	0	1005641728	1073741824	0	811925504	536870912	4328542208	1351290880	1073741824	2937667584	167124992
27	583819264	536870912	0	1004822528	1073741824	0	818896896	536870912	4403691520	1349992448	1073741824	3020455936	164642816
28	586469376	536870912	0	1008271360	1073741824	0	812687360	536870912	4626415616	1341440000	1073741824	3192299520	161288192
29	588845056	536870912	0	1012203520	1073741824	0	791785472	536870912	4856950784	1334116352	1073741824	3463053312	174301184
30	589312000	536870912	0	1006563328	1073741824	0	808357888	536870912	4856950784	1348853760	1073741824	3533217792	159121408
31	591695872	536870912	0	1010040832	1073741824	0	786243584	536870912	5143961600	1339703296	1073741824	3766378496	179486720
32	594563072	536870912	0	1013174272	1073741824	0	804188160	536870912	5143961600	1326710784	1073741824	4054507520	163786752
33	596877312	536870912	0	1016348672	1073741824	0	796950528	536870912	5290770432	1319460864	1073741824	4356050944	165748736
34	595996672	536870912	0	1007894528	1073741824	0	791986176	536870912	5437083648	1334431744	1073741824	4356050944	184672256
35	598224896	536870912	0	1010880512	1073741824	0	783626240	536870912	5640630272	1336184832	1073741824	4429860864	180473856
36	600203264	536870912	0	1013600256	1073741824	0	778878976	536870912	5825478656	1327636480	1073741824	4576190464	183455744
37	599994368	536870912	0	1009041408	1073741824	0	795836416	536870912	5825478656	1343303680	1073741824	4576190464	168435712
38	597606400	536870912	0	997421056	1073741824	0	808845312	536870912	5825478656	1354170368	1073741824	4576190464	185470976
39	598077440	536870912	0	993910784	1073741824	0	825696256	536870912	5825478656	1371066368	1073741824	4576190464	166465536
40	596623360	536870912	0	983732224	1073741824	0	837394432	536870912	5825478656	1383514112	1073741824	4576190464	182104064
41	618901504	536870912	0	987639808	1073741824	0	841293824	536870912	6010982400	1371348992	1073741824	4756819968	156037120
42	716476416	536870912	0	988295168	1073741824	0	773836800	536870912	6627049472	1319108608	1073741824	5157912576	172175360
43	762093568	536870912	127676416	991977472	1073741824	0	761462784	536870912	6884229120	1302409216	1073741824	5391421440	142331904
44	752103424	536870912	249122816	992505856	1073741824	0	743038976	536870912	7072366592	1281277952	1073741824	5628076032	189231104
45	739688448	536870912	654548992	994914304	1073741824	0	745242624	536870912	7139041280	1288032256	1073741824	5747040256	185757696
46	748179456	536870912	654548992	999604224	1073741824	0	747143168	536870912	7308165120	1287012352	1073741824	5927063552	162320384
47	749977600	536870912	768565248	1002512384	1073741824	0	746299392	536870912	7478648832	1277943808	1073741824	6087778304	160043008
48	760320000	536870912	768565248	992448512	1073741824	0	757846016	536870912	7478648832	1290403840	1073741824	6087778304	164888576
49	760299520	536870912	939024384	994914304	1073741824	0	747372544	536870912	7602241536	1296461824	1073741824	6210945024	158855168
50	752259072	536870912	1220009984	998277120	1073741824	0	749617152	536870912	7663345664	1297158144	1073741824	6341529600	155922432
51	724041728	536870912	1449070592	1053003776	1073741824	0	733986816	536870912	7780397056	1284915200	1073741824	6605942784	162189312
52	697245696	536870912	1636171776	1114636288	1073741824	0	708452352	536870912	7983828992	1237876736	1073741824	7040221184	186699776
53	701382656	536870912	1645252608	1119649792	1073741824	0	700162048	536870912	8134107136	1233133568	1073741824	7221362688	183988224
54	699523072	536870912	1645252608	1116991488	1073741824	0	703750144	536870912	8185438208	1239343104	1073741824	7313993728	188448768
55	703688704	536870912	1645252608	1120899072	1073741824	0	698085376	536870912	8281088000	1246765056	1073741824	7439437824	171909120
56	699318272	536870912	1687400448	1120968704	1073741824	0	716861440	536870912	8281088000	1243492352	1073741824	7583952896	159924224
57	703090688	536870912	1687400448	1125457920	1073741824	0	704565248	536870912	8462946304	1243303936	1073741824	7766138880	156807168
58	691113984	536870912	1903620096	1128370176	1073741824	0	691834880	536870912	8642318336	1230041088	1073741824	7992942592	185839616
59	683421696	536870912	1983836160	1132597248	1073741824	0	708956160	536870912	8642318336	1233567744	1073741824	8080084992	162529280
60	688001024	536870912	2044432384	1137012736	1073741824	0	694542336	536870912	8833679360	1231994880	1073741824	8173129728	161845248
61	688795648	536870912	2112106496	1140756480	1073741824	0	686702592	536870912	8992960512	1229049856	1073741824	8270430208	160886784
62	691539968	536870912	2154119168	1144111104	1073741824	0	674213888	536870912	9178710016	1215885312	1073741824	8477712384	173817856
63	678305792	536870912	2318815232	1148051456	1073741824	0	669134848	536870912	9258999808	1223434240	1073741824	8591511552	170418176
64	668278784	536870912	2318815232	1135734784	1073741824	0	684998656	536870912	9258999808	1242554368	1073741824	8591511552	190005248
65	678842368	536870912	2318815232	1187618816	1073741824	0	679006208	536870912	9347686400	1224183808	1073741824	8818610176	164872192
66	675979264	536870912	2394365952	1205391360	1073741824	0	678076416	536870912	9423892480	1208557568	1073741824	9013047296	159731712
67	678440960	536870912	2394365952	1222316032	1073741824	0	676491264	536870912	9433038848	1217028096	1073741824	9014472704	144072704
68	675905536	536870912	2402684928	1209126912	1073741824	30662656	670642176	536870912	9463582720	1209171968	1073741824	9104420864	169631744
69	673112064	536870912	2469105664	1208197120	1073741824	148762624	679505920	536870912	9499492352	1216241664	1073741824	9204449280	158674944
70	674922496	536870912	2472333312	1214402560	1073741824	211783680	679927808	536870912	9584259072	1207410688	1073741824	9443348480	171810816
71	673632256	536870912	2504347648	1210585088	1073741824	333664256	679448576	536870912	9735528448	1206247424	1073741824	9600110592	177270784
72	674295808	536870912	2506432512	1221394432	1073741824	368549888	682418176	536870912	9736896512	1218916352	1073741824	9600225280	142348288
73	670158848	536870912	2528014336	1200844800	1073741824	426639360	668594176	536870912	9787469824	1215287296	1073741824	9636253696	185339904
74	657604608	536870912	2612097024	1206984704	1073741824	456429568	669728768	536870912	9861214208	1224994816	1073741824	9637072896	186552320
75	660361216	536870912	2612097024	1212354560	1073741824	537595904	672219136	536870912	9908195328	1215852544	1073741824	9797287936	180240384
76	657489920	536870912	2612097024	1218920448	1073741824	537595904	686202880	536870912	9908195328	1220231168	1073741824	9867345920	171462656
77	654422016	536870912	2612097024	1231740928	1073741824	537595904	678830080	536870912	10001719296	1224335360	1073741824	9993519104	176623616
78	651751424	536870912	2612097024	1232031744	1073741824	584171520	694321152	536870912	10001719296	1239711744	1073741824	10078601216	160161792
79	648810496	536870912	2612097024	1239998464	1073741824	631631872	710610944	536870912	10001719296	1233473536	1073741824	10189651968	159211520
80	651665408	536870912	2612097024	1224593408	1073741824	1021857792	694132736	536870912	10137907200	1222619136	1073741824	10332774400	191840256
81	655740928	536870912	2612097024	1223348224	1073741824	1186017280	696180736	536870912	10184237056	1237159936	1073741824	10401513472	164417536
82	657920000	536870912	2612097024	1221541888	1073741824	1370664960	682196992	536870912	10317369344	1221816320	1073741824	10619355136	185823232
83	661659648	536870912	2612097024	1225392128	1073741824	1488269312	685096960	536870912	10403446784	1223098368	1073741824	10705473536	163790848
84	665403392	536870912	2612097024	1203326976	1073741824	1764659200	691965952	536870912	10480066560	1222049792	1073741824	10809008128	167297024
85	668233728	536870912	2612097024	1201594368	1073741824	1914380288	669327360	536870912	10691727360	1210933248	1073741824	11022544896	191365120
86	670498816	536870912	2612097024	1202991104	1073741824	1971740672	665268224	536870912	10763489280	1203347456	1073741824	11182100480	194461696
87	665337856	536870912	2683105280	1192259584	1073741824	2150453248	671178752	536870912	10836971520	1193164800	1073741824	11251281920	209358848
88	669900800	536870912	2683105280	1198997504	1073741824	2150453248	681971712	536870912	10911514624	1216110592	1073741824	11251281920	156213248
89	661442560	536870912	2735566848	1202622464	1073741824	2150453248	671141888	536870912	11058114560	1195937792	1073741824	11479736320	184217600
90	662978560	536870912	2754887680	1196244992	1073741824	2188087296	657530880	536870912	11196940288	1213906944	1073741824	11514327040	176021504
91	666128384	536870912	2754887680	1199587328	1073741824	2188087296	657612800	536870912	11274661888	1192460288	1073741824	11746689024	183541760
92	654860288	536870912	2854539264	1189957632	1073741824	2257334272	664956928	536870912	11315044352	1191854080	1073741824	11915657216	188780544
93	659427328	536870912	2854539264	1194192896	1073741824	2257334272	653615104	536870912	11426410496	1184063488	1073741824	12028063744	189612032
94	646221824	536870912	2950377472	1189359616	1073741824	2294800384	659836928	536870912	11463856128	1195802624	1073741824	12086341632	182157312
95	650891264	536870912	2950377472	1193869312	1073741824	2294800384	660066304	536870912	11534925824	1186709504	1073741824	12220248064	172601344
96	655187968	536870912	2950377472	1185513472	1073741824	2362597376	655192064	536870912	11636092928	1195433984	1073741824	12251328512	165253120
97	648560640	536870912	3015852032	1184825344	1073741824	2391457792	660922368	536870912	11682283520	1184636928	1073741824	12386779136	167026688
98	647348224	536870912	3045134336	1180385280	1073741824	2448457728	653012992	536870912	11761418240	1192091648	1073741824	12424650752	165588992
99	638103552	536870912	3109462016	1180946432	1073741824	2476961792	647036928	536870912	11832500224	1190219776	1073741824	12522242048	174374912
100	641118208	536870912	3109462016	1178968064	1073741824	2504929280	635969536	536870912	11932823552	1178456064	1073741824	12596928512	182657024
101	640241664	536870912	3138211840	1170845696	1073741824	2560499712	633143296	536870912	12017766400	1177006080	1073741824	12657049600	187006976
102	633446400	536870912	3194097664	1166860288	1073741824	2589278208	648495104	536870912	12017766400	1190752256	1073741824	12685447168	754839552
103	637083648	536870912	3194097664	1170886656	1073741824	2589278208	659927040	536870912	12017766400	1202671616	1073741824	12685447168	2142056448
104	640593920	536870912	3194097664	1174622208	1073741824	2589278208	670773248	536870912	12017766400	1214713856	1073741824	12685447168	3587473408
105	643878912	536870912	3194097664	1177767936	1073741824	2589278208	682659840	536870912	12017766400	1226780672	1073741824	12685447168	5023629312
106	647897088	536870912	3194097664	1181450240	1073741824	2589278208	694722560	536870912	12017766400	1239408640	1073741824	12685447168	6245158912
107	650752000	536870912	3194097664	1184927744	1073741824	2589278208	705679360	536870912	12017766400	1251561472	1073741824	12685447168	7722582016
108	653983744	536870912	3194097664	1188749312	1073741824	2589278208	719970304	536870912	12017766400	1265516544	1073741824	12685447168	9129144320
109	657977344	536870912	3194097664	1192648704	1073741824	2589278208	738074624	536870912	12017766400	1286238208	1073741824	12685447168	9325658112
110	661704704	536870912	3194097664	1197031424	1073741824	2589278208	757567488	536870912	12017766400	1306759168	1073741824	12685447168	9268731904
111	665640960	536870912	3194097664	1200947200	1073741824	2589278208	777228288	536870912	12017766400	1324183552	1073741824	12685447168	9214414848
112	670081024	536870912	3194097664	1205035008	1073741824	2589278208	797835264	536870912	12017766400	1344045056	1073741824	12685447168	9158635520
113	733110272	536870912	3194097664	1208328192	1073741824	2589278208	813899776	536870912	12017766400	1358983168	1073741824	12685447168	9053274112
114	782147584	536870912	3194097664	1211695104	1073741824	2589278208	830824448	536870912	12017766400	1374441472	1073741824	12685447168	8960831488
115	816828416	536870912	3194097664	1215893504	1073741824	2589278208	851013632	536870912	12017766400	1397710848	1073741824	12685447168	8869249024
116	856248320	536870912	3194097664	1219649536	1073741824	2589278208	868667392	536870912	12017766400	1415020544	1073741824	12685447168	8783548416
117	901439488	536870912	3194097664	1223491584	1073741824	2589278208	885821440	536870912	12017766400	1435484160	1073741824	12685447168	8689926144
118	959307776	536870912	3194097664	1226596352	1073741824	2589278208	901894144	536870912	12017766400	1453576192	1073741824	12685447168	8586690560
119	977948672	536870912	3194097664	1230389248	1073741824	2589278208	919949312	536870912	12017766400	1471971328	1073741824	12685447168	8521912320
120	1001582592	536870912	3194097664	1234227200	1073741824	2589278208	937783296	536870912	12017766400	1491378176	1073741824	12685447168	8449835008
121	1018228736	536870912	3194097664	1236496384	1073741824	2589278208	947773440	536870912	12017766400	1502240768	1073741824	12685447168	8409374720
122	1018032128	536870912	3194097664	1236176896	1073741824	2589278208	947646464	536870912	12017766400	1502236672	1073741824	12685447168	8407707648
123	1018032128	536870912	3194097664	1236176896	1073741824	2589278208	947646464	536870912	12017766400	1502236672	1073741824	12685447168	8407089152
124	1019662336	536870912	3194097664	1236852736	1073741824	2589278208	948576256	536870912	12017766400	1503084544	1073741824	12685447168	8404070400
125	1019510784	536870912	3194097664	1236504576	1073741824	2589278208	948506624	536870912	12017766400	1503084544	1073741824	12685447168	8403070976
126	1049903104	536870912	3194097664	1240670208	1073741824	2589278208	970461184	536870912	12017766400	1524899840	1073741824	12685447168	8320770048
127	1064292352	536870912	3194097664	1244430336	1073741824	2589278208	986738688	536870912	12017766400	1551478784	1073741824	12685447168	8253730816
128	1065607168	536870912	3194097664	1246175232	1073741824	2589278208	1015779328	536870912	12017766400	1581142016	1073741824	12685447168	8186515456
129	1066299392	536870912	3194097664	1251168256	1073741824	2589278208	1046097920	536870912	12017766400	1607933952	1073741824	12685447168	8117612544
130	1068249088	536870912	3194097664	1254715392	1073741824	2589278208	1064402944	536870912	12017766400	1626161152	1073741824	12685447168	8061169664
131	1069916160	536870912	3194097664	1257275392	1073741824	2589278208	1077055488	536870912	12017766400	1638887424	1073741824	12685447168	8031707136
132	1071562752	536870912	3194097664	1260191744	1073741824	2589278208	1086091264	536870912	12017766400	1650446336	1073741824	12685447168	6960463872
133	1073213440	536870912	3194097664	1263464448	1073741824	2589278208	1101963264	536870912	12017766400	1666801664	1073741824	12685447168	6919135232
134	1075159040	536870912	3194097664	1267339264	1073741824	2589278208	1122119680	536870912	12017766400	1684840448	1073741824	12685447168	6869225472
135	1077383168	536870912	3194097664	1270935552	1073741824	2589278208	1140518912	536870912	12017766400	1702293504	1073741824	12685447168	6816489472
136	1078349824	536870912	3194097664	1273266176	1073741824	2589278208	1152872448	536870912	12017766400	1713623040	1073741824	12685447168	6787665920
137	1079881728	536870912	3194097664	1275944960	1073741824	2589278208	1171042304	536870912	12017766400	1727291392	1073741824	12685447168	6749540352
138	1082273792	536870912	3194097664	1278947328	1073741824	2589278208	1188741120	536870912	12017766400	1745424384	1073741824	12685447168	6707474432
139	1091112960	536870912	3194097664	1282043904	1073741824	2589278208	1209827328	536870912	12017766400	1763028992	1073741824	12685447168	6655111168
140	1097793536	536870912	3194097664	1308078080	1073741824	2589278208	1223651328	536870912	12017766400	1775173632	1073741824	12685447168	6594228224
141	1108144128	536870912	3194097664	1328345088	1073741824	2589278208	1239928832	536870912	12017766400	1791561728	1073741824	12685447168	6532026368
142	1115688960	536870912	3194097664	1330253824	1073741824	2589278208	1251618816	536870912	12017766400	1801617408	1073741824	12685447168	6500433920
143	1122885632	536870912	3194097664	1332412416	1073741824	2589278208	1265205248	536870912	12017766400	1812226048	1073741824	12685447168	6466662400
144	1131241472	536870912	3194097664	1335181312	1073741824	2589278208	1283182592	536870912	12017766400	1827762176	1073741824	12685447168	6422069248
145	1143988224	536870912	3194097664	1338605568	1073741824	2589278208	1303650304	536870912	12017766400	1847312384	1073741824	12685447168	6364205056
146	1147084800	536870912	3194097664	1341526016	1073741824	2589278208	1323495424	536870912	12017766400	1864265728	1073741824	12685447168	6322331648
147	1160982528	536870912	3194097664	1376329728	1073741824	2589278208	1343655936	536870912	12017766400	1882247168	1073741824	12685447168	6234447872
148	1166880768	536870912	3194097664	1464053760	1073741824	2589278208	1362022400	536870912	12017766400	1901899776	1073741824	12685447168	6099509248
149	1169494016	536870912	3194097664	1549369344	1073741824	2589278208	1381220352	536870912	12017766400	1922080768	1073741824	12685447168	5971132416
150	1175740416	536870912	3194097664	1617944576	1073741824	2589278208	1403469824	536870912	12017766400	1943986176	1073741824	12685447168	5851865088
151	1186009088	536870912	3194097664	1684692992	1073741824	2589278208	1421713408	536870912	12017766400	1958506496	1073741824	12685447168	5745041408
152	1189740544	536870912	3194097664	1734606848	1073741824	2589278208	1441230848	536870912	12017766400	1976578048	1073741824	12685447168	5654253568
153	1200799744	536870912	3194097664	1751576576	1073741824	2589278208	1462640640	536870912	12017766400	1994866688	1073741824	12685447168	5589405696
154	1206190080	536870912	3194097664	1776013312	1073741824	2589278208	1487228928	536870912	12017766400	2011795456	1073741824	12685447168	5521444864
155	1214951424	536870912	3194097664	1801854976	1073741824	2589278208	1511149568	536870912	12017766400	2030268416	1073741824	12685447168	5447467008
156	1215324160	536870912	3194097664	1807814656	1073741824	2589278208	1516728320	536870912	12017766400	2035118080	1073741824	12685447168	5430050816
157	1215594496	536870912	3194097664	1808625664	1073741824	2589278208	1518059520	536870912	12017766400	2035863552	1073741824	12685447168	5428244480
158	1215598592	536870912	3194097664	1808949248	1073741824	2589278208	1518346240	536870912	12017766400	2035953664	1073741824	12685447168	5426094080
159	1215598592	536870912	3194097664	1808949248	1073741824	2589278208	1518346240	536870912	12017766400	2035953664	1073741824	12685447168	5426094080
160	1215598592	536870912	3194097664	1808949248	1073741824	2589278208	1518346240	536870912	12017766400	2035953664	1073741824	12685447168	5426323456
161	1216684032	536870912	3194097664	1810268160	1073741824	2589278208	1519411200	536870912	12017766400	2037047296	1073741824	12685447168	5416697856
162	1216577536	536870912	3194097664	1810145280	1073741824	2589278208	1519157248	536870912	12017766400	2036936704	1073741824	12685447168	5417205760
163	1216598016	536870912	3194097664	1810309120	1073741824	2589278208	1519251456	536870912	12017766400	2037096448	1073741824	12685447168	5416378368
164	1216860160	536870912	3194097664	1811591168	1073741824	2589278208	1520386048	536870912	12017766400	2037997568	1073741824	12685447168	5297295360
165	1216737280	536870912	3194097664	1811517440	1073741824	2589278208	1520304128	536870912	12017766400	2037886976	1073741824	12685447168	5296304128
166	1217097728	536870912	3194097664	1812070400	1073741824	2589278208	1521254400	536870912	12017766400	2038882304	1073741824	12685447168	4888690688
167	1217097728	536870912	3194097664	1812385792	1073741824	2589278208	1521688576	536870912	12017766400	2039144448	1073741824	12685447168	4887072768
168	1218027520	536870912	3194097664	1813188608	1073741824	2589278208	1522429952	536870912	12017766400	2039689216	1073741824	12685447168	4883435520
169	1218973696	536870912	3194097664	1813426176	1073741824	2589278208	1523265536	536870912	12017766400	2040205312	1073741824	12685447168	4881207296
170	1219874816	536870912	3194097664	1815846912	1073741824	2589278208	1525121024	536870912	12017766400	2041622528	1073741824	12685447168	4875599872
171	1219530752	536870912	3194097664	1815638016	1073741824	2589278208	1525121024	536870912	12017766400	2041622528	1073741824	12685447168	4871716864
172	1219530752	536870912	3194097664	1815638016	1073741824	2589278208	1525121024	536870912	12017766400	2041622528	1073741824	12685447168	4871290880
173	1219530752	536870912	3194097664	1815638016	1073741824	2589278208	1525121024	536870912	12017766400	2041622528	1073741824	12685447168	4871290880
174	1221464064	536870912	3194097664	1817894912	1073741824	2589278208	1530503168	536870912	12017766400	2046984192	1073741824	12685447168	4862205952
175	1221406720	536870912	3194097664	1818710016	1073741824	2589278208	1530372096	536870912	12017766400	2046791680	1073741824	12685447168	4859887616
176	1222696960	536870912	3194097664	1819127808	1073741824	2589278208	1531977728	536870912	12017766400	2053083136	1073741824	12685447168	4851396608
177	1222885376	536870912	3194097664	1827147776	1073741824	2589278208	1540251648	536870912	12017766400	2065907712	1073741824	12685447168	4823019520
178	1229295616	536870912	3194097664	1834389504	1073741824	2589278208	1559953408	536870912	12017766400	2084356096	1073741824	12685447168	4774887424
179	1240408064	536870912	3194097664	1851441152	1073741824	2589278208	1580740608	536870912	12017766400	2099929088	1073741824	12685447168	4716044288
180	1244700672	536870912	3194097664	1852567552	1073741824	2589278208	1599291392	536870912	12017766400	2104971264	1073741824	12685447168	4689121280
181	1250263040	536870912	3194097664	1854275584	1073741824	2589278208	1620508672	536870912	12017766400	2116157440	1073741824	12685447168	4653359104
182	1260974080	536870912	3194097664	1855492096	1073741824	2589278208	1642471424	536870912	12017766400	2128310272	1073741824	12685447168	4611174400
183	1267675136	536870912	3194097664	1856876544	1073741824	2589278208	1669103616	536870912	12017766400	2138431488	1073741824	12685447168	4571332608
184	1280667648	536870912	3194097664	1858469888	1073741824	2589278208	1687875584	536870912	12017766400	2148265984	1073741824	12685447168	4531335168
185	1288339456	536870912	3194097664	1859821568	1073741824	2589278208	1708326912	536870912	12017766400	2156957696	1073741824	12685447168	4495974400
186	1294057472	536870912	3194097664	1861705728	1073741824	2589278208	1728667648	536870912	12017766400	2166403072	1073741824	12685447168	4463616000
187	1295462400	536870912	3194097664	1862852608	1073741824	2589278208	1751457792	536870912	12017766400	2173145088	1073741824	12685447168	4434448384
188	1296941056	536870912	3194097664	1863950336	1073741824	2589278208	1772847104	536870912	12017766400	2180218880	1073741824	12685447168	4407758848
189	1304121344	536870912	3194097664	1866354688	1073741824	2589278208	1790689280	536870912	12017766400	2186768384	1073741824	12685447168	4376170496
190	1326850048	536870912	3194097664	1867284480	1073741824	2589278208	1810284544	536870912	12017766400	2191757312	1073741824	12685447168	4332335104
191	1336664064	536870912	3194097664	1868890112	1073741824	2589278208	1827647488	536870912	12017766400	2197041152	1073741824	12685447168	4288303104
192	1346404352	536870912	3194097664	1869914112	1073741824	2589278208	1841352704	536870912	12017766400	2201493504	1073741824	12685447168	3818991616
193	1354297344	536870912	3194097664	1871167488	1073741824	2589278208	1861541888	536870912	12017766400	2208387072	1073741824	12685447168	3713646592
194	1372094464	536870912	3194097664	1872310272	1073741824	2589278208	1875619840	536870912	12017766400	2213740544	1073741824	12685447168	3676835840
195	1372626944	536870912	3194097664	1872609280	1073741824	2589278208	1876086784	536870912	12017766400	2214047744	1073741824	12685447168	3673018368
196	1373806592	536870912	3194097664	1872609280	1073741824	2589278208	1876086784	536870912	12017766400	2214047744	1073741824	12685447168	3672104960
197	1374445568	536870912	3194097664	1872707584	1073741824	2589278208	1877118976	536870912	12017766400	2214445056	1073741824	12685447168	3670667264
198	1375657984	536870912	3194097664	1873084416	1073741824	2589278208	1878126592	536870912	12017766400	2215194624	1073741824	12685447168	3667771392
199	1377562624	536870912	3194097664	1873207296	1073741824	2589278208	1879801856	536870912	12017766400	2215157760	1073741824	12685447168	3664297984
200	1377427456	536870912	3194097664	1873207296	1073741824	2589278208	1879801856	536870912	12017766400	2215157760	1073741824	12685447168	3662794752
201	1377841152	536870912	3194097664	1873211392	1073741824	2589278208	1880588288	536870912	12017766400	2215657472	1073741824	12685447168	3661156352
202	1388498944	536870912	3194097664	1873842176	1073741824	2589278208	1896280064	536870912	12017766400	2218614784	1073741824	12685447168	3636293632
203	1402019840	536870912	3194097664	1874358272	1073741824	2589278208	1915035648	536870912	12017766400	2222432256	1073741824	12685447168	3603066880
204	1403035648	536870912	3194097664	1874903040	1073741824	2589278208	1928794112	536870912	12017766400	2225082368	1073741824	12685447168	3584606208
205	1405349888	536870912	3194097664	1876328448	1073741824	2589278208	1951240192	536870912	12017766400	2229592064	1073741824	12685447168	3556597760
206	1407463424	536870912	3194097664	1877327872	1073741824	2589278208	1974943744	536870912	12017766400	2233159680	1073741824	12685447168	3526307840
207	1410093056	536870912	3194097664	1878138880	1073741824	2589278208	2003218432	536870912	12017766400	2236649472	1073741824	12685447168	3492114432
208	1416220672	536870912	3194097664	1879306240	1073741824	2589278208	2020802560	536870912	12017766400	2239410176	1073741824	12685447168	3465244672
209	1419198464	536870912	3194097664	1879801856	1073741824	2589278208	2023391232	536870912	12017766400	2240655360	1073741824	12685447168	3454844928
210	1420247040	536870912	3194097664	1880428544	1073741824	2589278208	1494200320	536870912	12017766400	2242887680	1073741824	12685447168	3983273984
211	1426092032	536870912	3194097664	1881538560	1073741824	2589278208	1495244800	536870912	12017766400	2246545408	1073741824	12685447168	3971780608
212	1435201536	536870912	3194097664	1882320896	1073741824	2589278208	1496145920	536870912	12017766400	2249945088	1073741824	12685447168	3959234560
213	1442185216	536870912	3194097664	1883148288	1073741824	2589278208	1497481216	536870912	12017766400	2252570624	1073741824	12685447168	3948986368
214	1448730624	536870912	3194097664	1883983872	1073741824	2589278208	1498333184	536870912	12017766400	2256355328	1073741824	12685447168	3937644544
215	1451126784	536870912	3194097664	1884999680	1073741824	2589278208	1499324416	536870912	12017766400	2259943424	1073741824	12685447168	3928633344
216	1460629504	536870912	3194097664	1886011392	1073741824	2589278208	1500385280	536870912	12017766400	2263101440	1073741824	12685447168	3914649600
217	1469509632	536870912	3194097664	1887346688	1073741824	2589278208	1501421568	536870912	12017766400	2266255360	1073741824	12685447168	3901231104
218	1480658944	536870912	3194097664	1888141312	1073741824	2589278208	1502244864	536870912	12017766400	2269147136	1073741824	12685447168	3886153728
219	1483448320	536870912	3194097664	1889333248	1073741824	2589278208	1502965760	536870912	12017766400	2272141312	1073741824	12685447168	3878535168
220	1485541376	536870912	3194097664	1890222080	1073741824	2589278208	1503977472	536870912	12017766400	2275635200	1073741824	12685447168	3869450240
221	1489186816	536870912	3194097664	1891049472	1073741824	2589278208	1504923648	536870912	12017766400	2280022016	1073741824	12685447168	3861155840
222	1491091456	536870912	3194097664	1892089856	1073741824	2589278208	1505366016	536870912	12017766400	2283937792	1073741824	12685447168	3848081408
223	1491972096	536870912	3194097664	1893224448	1073741824	2589278208	1505910784	536870912	12017766400	2287198208	1073741824	12685447168	3322327040
224	1494044672	536870912	3194097664	1894608896	1073741824	2589278208	1506963456	536870912	12017766400	2290212864	1073741824	12685447168	3314262016
225	1495998464	536870912	3194097664	1895559168	1073741824	2589278208	1507868672	536870912	12017766400	2293903360	1073741824	12685447168	3306545152
226	1498189824	536870912	3194097664	1896701952	1073741824	2589278208	1508704256	536870912	12017766400	2298150912	1073741824	12685447168	3299635200
227	1500065792	536870912	3194097664	1897734144	1073741824	2589278208	1509584896	536870912	12017766400	2302128128	1073741824	12685447168	3291680768
228	1502011392	536870912	3194097664	1898885120	1073741824	2589278208	1512431616	536870912	12017766400	2305335296	1073741824	12685447168	3282939904
229	1504006144	536870912	3194097664	1900007424	1073741824	2589278208	1513041920	536870912	12017766400	2310094848	1073741824	12685447168	3275874304
230	1505726464	536870912	3194097664	1901662208	1073741824	2589278208	1513533440	536870912	12017766400	2314756096	1073741824	12685447168	3267575808
231	1507348480	536870912	3194097664	1902780416	1073741824	2589278208	1514274816	536870912	12017766400	2319704064	1073741824	12685447168	3259662336
232	1508818944	536870912	3194097664	1904279552	1073741824	2589278208	1514889216	536870912	12017766400	2323324928	1073741824	12685447168	3252232192
233	1510223872	536870912	3194097664	1905242112	1073741824	2589278208	1515401216	536870912	12017766400	2327973888	1073741824	12685447168	3245191168
234	1511231488	536870912	3194097664	1906003968	1073741824	2589278208	1515622400	536870912	12017766400	2329636864	1073741824	12685447168	3241189376
235	1511292928	536870912	3194097664	1906343936	1073741824	2589278208	1515642880	536870912	12017766400	2330066944	1073741824	12685447168	3239915520
236	1511407616	536870912	3194097664	1906294784	1073741824	2589278208	1515913216	536870912	12017766400	2330071040	1073741824	12685447168	3238813696
237	1511538688	536870912	3194097664	1906429952	1073741824	2589278208	1516306432	536870912	12017766400	2330865664	1073741824	12685447168	3236716544
238	1511555072	536870912	3194097664	1906200576	1073741824	2589278208	1516204032	536870912	12017766400	2331009024	1073741824	12685447168	3237412864
239	1512108032	536870912	3194097664	1906593792	1073741824	2589278208	1516224512	536870912	12017766400	2330812416	1073741824	12685447168	3237081088
240	1513246720	536870912	3194097664	1912791040	1073741824	2589278208	1516744704	536870912	12017766400	2332880896	1073741824	12685447168	3229085696
241	1515028480	536870912	3194097664	1927090176	1073741824	2589278208	1517490176	536870912	12017766400	2335494144	1073741824	12685447168	3210620928
242	1516544000	536870912	3194097664	1939816448	1073741824	2589278208	1517834240	536870912	12017766400	2339053568	1073741824	12685447168	3193135104
243	1518022656	536870912	3194097664	1950572544	1073741824	2589278208	1518395392	536870912	12017766400	2342117376	1073741824	12685447168	3178156032
244	1520766976	536870912	3194097664	1956364288	1073741824	2589278208	1518923776	536870912	12017766400	2345738240	1073741824	12685447168	3166535680
245	1521840128	536870912	3194097664	1956966400	1073741824	2589278208	1519382528	536870912	12017766400	2347737088	1073741824	12685447168	3160678400
246	1522237440	536870912	3194097664	1956827136	1073741824	2589278208	1519513600	536870912	12017766400	2347921408	1073741824	12685447168	3160473600
247	1523343360	536870912	3194097664	1957879808	1073741824	2589278208	1519775744	536870912	12017766400	2349207552	1073741824	12685447168	3157327872
248	1525710848	536870912	3194097664	1971302400	1073741824	2589278208	1520189440	536870912	12017766400	2351833088	1073741824	12685447168	3140304896
249	1527083008	536870912	3194097664	1987633152	1073741824	2589278208	1520644096	536870912	12017766400	2353455104	1073741824	12685447168	3121016832
250	1529118720	536870912	3194097664	1990053888	1073741824	2589278208	1521012736	536870912	12017766400	2356211712	1073741824	12685447168	3114102784
251	1531273216	536870912	3194097664	1991491584	1073741824	2589278208	1521577984	536870912	12017766400	2360537088	1073741824	12685447168	3105996800
252	1532739584	536870912	3194097664	2008244224	1073741824	2589278208	1521750016	536870912	12017766400	2365276160	1073741824	12685447168	3072090112
253	1533874176	536870912	3194097664	2034814976	1073741824	2589278208	1521856512	536870912	12017766400	2369294336	1073741824	12685447168	2528186368
254	1534877696	536870912	3194097664	2069811200	1073741824	2589278208	1522126848	536870912	12017766400	2371608576	1073741824	12685447168	2491236352
255	1536577536	536870912	3194097664	2078515200	1073741824	2589278208	1522774016	536870912	12017766400	2376306688	1073741824	12685447168	2474704896
256	1538490368	536870912	3194097664	2086301696	1073741824	2589278208	1522888704	536870912	12017766400	2379436032	1073741824	12685447168	2461986816
257	1540583424	536870912	3194097664	2093113344	1073741824	2589278208	1525334016	536870912	12017766400	2383540224	1073741824	12685447168	2446823424
258	1543598080	536870912	3194097664	2095767552	1073741824	2589278208	1525719040	536870912	12017766400	2387673088	1073741824	12685447168	2437054464
259	1546387456	536870912	3194097664	2098905088	1073741824	2589278208	1526104064	536870912	12017766400	2390417408	1073741824	12685447168	2427916288
260	1547845632	536870912	3194097664	2101104640	1073741824	2589278208	1526497280	536870912	12017766400	2394009600	1073741824	12685447168	2421096448
261	1549570048	536870912	3194097664	2103554048	1073741824	2589278208	1526730752	536870912	12017766400	2397667328	1073741824	12685447168	2413805568
262	1552338944	536870912	3194097664	2106351616	1073741824	2589278208	1527087104	536870912	12017766400	2400194560	1073741824	12685447168	2406801408
263	1575407616	536870912	3194097664	2108719104	1073741824	2589278208	1527459840	536870912	12017766400	2402205696	1073741824	12685447168	2379976704
264	1583050752	536870912	3194097664	2110877696	1073741824	2589278208	1527615488	536870912	12017766400	2404696064	1073741824	12685447168	2367946752
265	1593647104	536870912	3194097664	2112241664	1073741824	2589278208	1527914496	536870912	12017766400	2408153088	1073741824	12685447168	2353516544
266	1604759552	536870912	3194097664	2114072576	1073741824	2589278208	1528238080	536870912	12017766400	2412347392	1073741824	12685447168	2337943552
267	1626492928	536870912	3194097664	2116177920	1073741824	2589278208	1528500224	536870912	12017766400	2414944256	1073741824	12685447168	2311061504
268	1643757568	536870912	3194097664	2120781824	1073741824	2589278208	1528832000	536870912	12017766400	2417532928	1073741824	12685447168	2286272512
269	1674752000	536870912	3194097664	2131980288	1073741824	2589278208	1529094144	536870912	12017766400	2419220480	1073741824	12685447168	2244259840
270	1679503360	536870912	3194097664	2132467712	1073741824	2589278208	1529290752	536870912	12017766400	2419281920	1073741824	12685447168	2237378560
271	1702764544	536870912	3194097664	2134159360	1073741824	2589278208	1563086848	536870912	12017766400	2421059584	1073741824	12685447168	2176307200
272	1702903808	536870912	3194097664	2134065152	1073741824	2589278208	1568210944	536870912	12017766400	2420940800	1073741824	12685447168	2166140928
273	1702789120	536870912	3194097664	2134614016	1073741824	2589278208	1568284672	536870912	12017766400	2420973568	1073741824	12685447168	2167132160
274	1702789120	536870912	3194097664	2134323200	1073741824	2589278208	1568284672	536870912	12017766400	2420973568	1073741824	12685447168	2166980608
275	1702752256	536870912	3194097664	2135859200	1073741824	2589278208	1574924288	536870912	12017766400	2421047296	1073741824	12685447168	2159230976
276	1702752256	536870912	3194097664	2135875584	1073741824	2589278208	1574776832	536870912	12017766400	2421047296	1073741824	12685447168	2159702016
277	1702764544	536870912	3194097664	2136113152	1073741824	2589278208	1579102208	536870912	12017766400	2421317632	1073741824	12685447168	2155388928
278	1706565632	536870912	3194097664	2136309760	1073741824	2589278208	1579094016	536870912	12017766400	2421116928	1073741824	12685447168	2149695488
279	1707962368	536870912	3194097664	2137088000	1073741824	2589278208	1581576192	536870912	12017766400	2421268480	1073741824	12685447168	2146029568
280	1707974656	536870912	3194097664	2137223168	1073741824	2589278208	1581379584	536870912	12017766400	2421268480	1073741824	12685447168	2145177600
281	1710538752	536870912	3194097664	2137948160	1073741824	2589278208	1584439296	536870912	12017766400	2421436416	1073741824	12685447168	2142179328
282	1712185344	536870912	3194097664	2139389952	1073741824	2589278208	1588465664	536870912	12017766400	2421497856	1073741824	12685447168	2133487616
283	1712185344	536870912	3194097664	2139291648	1073741824	2589278208	1588416512	536870912	12017766400	2421497856	1073741824	12685447168	2130006016
284	1712205824	536870912	3194097664	2139443200	1073741824	2589278208	1589334016	536870912	12017766400	2421661696	1073741824	12685447168	2128351232
285	1712205824	536870912	3194097664	2139574272	1073741824	2589278208	1589260288	536870912	12017766400	2421661696	1073741824	12685447168	2129358848
286	1712205824	536870912	3194097664	2139574272	1073741824	2589278208	1589260288	536870912	12017766400	2421792768	1073741824	12685447168	2126925824
287	1715859456	536870912	3194097664	2140221440	1073741824	2589278208	1592578048	536870912	12017766400	2422284288	1073741824	12685447168	2006646784
288	1723686912	536870912	3194097664	2140524544	1073741824	2589278208	1597140992	536870912	12017766400	2422390784	1073741824	12685447168	1587884032
289	1731006464	536870912	3194097664	2142265344	1073741824	2589278208	1611079680	536870912	12017766400	2423058432	1073741824	12685447168	1565446144
290	1749909504	536870912	3194097664	2147532800	1073741824	2589278208	1638105088	536870912	12017766400	2424774656	1073741824	12685447168	1511297024
291	1761509376	536870912	3194097664	2148171776	1073741824	2589278208	1661870080	536870912	12017766400	2425802752	1073741824	12685447168	1475244032
292	1762078720	536870912	3194097664	2148446208	1073741824	2589278208	1675485184	536870912	12017766400	2426249216	1073741824	12685447168	1459179520
293	1763233792	536870912	3194097664	2148417536	1073741824	2589278208	1684369408	536870912	12017766400	2426257408	1073741824	12685447168	1449644032
294	1763655680	536870912	3194097664	2148569088	1073741824	2589278208	1697198080	536870912	12017766400	2426920960	1073741824	12685447168	1434763264
295	1695272960	536870912	3194097664	2149273600	1073741824	2589278208	1721978880	536870912	12017766400	2428452864	1073741824	12685447168	1479430144
296	1699667968	536870912	3194097664	2150105088	1073741824	2589278208	1746415616	536870912	12017766400	2431021056	1073741824	12685447168	1449652224
297	1702236160	536870912	3194097664	2151272448	1073741824	2589278208	1775030272	536870912	12017766400	2433527808	1073741824	12685447168	1416970240
298	1708093440	536870912	3194097664	2152206336	1073741824	2589278208	1801244672	536870912	12017766400	2435846144	1073741824	12685447168	1381277696
299	1711775744	536870912	3194097664	2153267200	1073741824	2589278208	1832689664	536870912	12017766400	2439102464	1073741824	12685447168	1341198336
300	1715703808	536870912	3194097664	2154422272	1073741824	2589278208	1863303168	536870912	12017766400	2442321920	1073741824	12685447168	1303228416
301	1720471552	536870912	3194097664	2158473216	1073741824	2589278208	1891401728	536870912	12017766400	2444894208	1073741824	12685447168	1262034944
302	1722216448	536870912	3194097664	2161557504	1073741824	2589278208	1922895872	536870912	12017766400	2446856192	1073741824	12685447168	1224675328
303	1723420672	536870912	3194097664	2163290112	1073741824	2589278208	1939972096	536870912	12017766400	2447495168	1073741824	12685447168	1203499008
304	1725612032	536870912	3194097664	2163781632	1073741824	2589278208	1956163584	536870912	12017766400	2448359424	1073741824	12685447168	1184632832
305	1726201856	536870912	3194097664	2164137984	1073741824	2589278208	1975812096	536870912	12017766400	2449674240	1073741824	12685447168	1160613888
306	1729617920	536870912	3194097664	2168332288	1073741824	2589278208	1989005312	536870912	12017766400	2450968576	1073741824	12685447168	1141755904
307	1733701632	536870912	3194097664	2171740160	1073741824	2589278208	1999273984	536870912	12017766400	2452930560	1073741824	12685447168	1121619968
308	1736761344	536870912	3194097664	2173714432	1073741824	2589278208	2010963968	536870912	12017766400	2454892544	1073741824	12685447168	1102897152
309	1738309632	536870912	3194097664	2179919872	1073741824	2589278208	2023833600	536870912	12017766400	2455900160	1073741824	12685447168	1081638912
310	1742729216	536870912	3194097664	2180689920	1073741824	2589278208	2036682752	536870912	12017766400	2458501120	1073741824	12685447168	1062064128
311	1745473536	536870912	3194097664	2184626176	1073741824	2589278208	2049032192	536870912	12017766400	2459881472	1073741824	12685447168	1038790656
312	1749291008	536870912	3194097664	2186391552	1073741824	2589278208	2061189120	536870912	12017766400	2461298688	1073741824	12685447168	1021476864
313	1752649728	536870912	3194097664	2189828096	1073741824	2589278208	2072731648	536870912	12017766400	2463420416	1073741824	12685447168	996524032
314	1755209728	536870912	3194097664	2191917056	1073741824	2589278208	2093461504	536870912	12017766400	2464866304	1073741824	12685447168	882819072
315	1756422144	536870912	3194097664	2195865600	1073741824	2589278208	2115178496	536870912	12017766400	2466574336	1073741824	12685447168	418172928
316	1759653888	536870912	3194097664	2197037056	1073741824	2589278208	2137899008	536870912	12017766400	2467622912	1073741824	12685447168	392568832
317	1762394112	536870912	3194097664	2199748608	1073741824	2589278208	2147471360	536870912	12017766400	2468253696	1073741824	12685447168	376446976
318	1764065280	536870912	3194097664	2199838720	1073741824	2589278208	2147471360	536870912	12017766400	2468294656	1073741824	12685447168	373698560
319	1764716544	536870912	3194097664	2199801856	1073741824	2589278208	2147471360	536870912	12017766400	2468728832	1073741824	12685447168	372047872
320	1765011456	536870912	3194097664	2199969792	1073741824	2589278208	2147401728	536870912	12017766400	2468618240	1073741824	12685447168	371380224
321	1766543360	536870912	3194097664	2199916544	1073741824	2589278208	2147471360	536870912	12017766400	2468720640	1073741824	12685447168	370933760
322	1768902656	536870912	3194097664	2200170496	1073741824	2589278208	2147475456	536870912	12017766400	2469076992	1073741824	12685447168	368689152
323	1769033728	536870912	3194097664	2200051712	1073741824	2589278208	2147385344	536870912	12017766400	2469318656	1073741824	12685447168	366985216
324	1770758144	536870912	3194097664	2200428544	1073741824	2589278208	2147475456	536870912	12017766400	2469314560	1073741824	12685447168	366915584
325	1772355584	536870912	3194097664	2200768512	1073741824	2589278208	2147475456	536870912	12017766400	2469482496	1073741824	12685447168	364912640
326	1773895680	536870912	3194097664	2201559040	1073741824	2589278208	2147475456	536870912	12017766400	2470436864	1073741824	12685447168	361226240
327	1774223360	536870912	3194097664	2201866240	1073741824	2589278208	2147475456	536870912	12017766400	2470469632	1073741824	12685447168	359047168
328	1774739456	536870912	3194097664	2202091520	1073741824	2589278208	2147475456	536870912	12017766400	2470604800	1073741824	12685447168	358391808
329	1775001600	536870912	3194097664	2202091520	1073741824	2589278208	2147479552	536870912	12017766400	2470600704	1073741824	12685447168	356945920
330	1776263168	536870912	3194097664	2202808320	1073741824	2589278208	2147479552	536870912	12017766400	2470694912	1073741824	12685447168	356663296
331	1776766976	536870912	3194097664	2202820608	1073741824	2589278208	2147479552	536870912	12017766400	2470940672	1073741824	12685447168	354631680
332	1777381376	536870912	3194097664	2202943488	1073741824	2589278208	2147479552	536870912	12017766400	2470928384	1073741824	12685447168	353873920
333	1777512448	536870912	3194097664	2202972160	1073741824	2589278208	2147414016	536870912	12017766400	2471079936	1073741824	12685447168	353005568
334	1778352128	536870912	3194097664	2203140096	1073741824	2589278208	2147479552	536870912	12017766400	2471813120	1073741824	12685447168	352694272
335	1778683904	536870912	3194097664	2203271168	1073741824	2589278208	2147414016	536870912	12017766400	2471985152	1073741824	12685447168	350642176
336	1779093504	536870912	3194097664	2203451392	1073741824	2589278208	2147426304	536870912	12017766400	2471903232	1073741824	12685447168	350904320
337	1780494336	536870912	3194097664	2204774400	1073741824	2589278208	1705119744	536870912	12017766400	2473488384	1073741824	12685447168	792162304
338	1781899264	536870912	3194097664	2208047104	1073741824	2589278208	1705218048	536870912	12017766400	2474270720	1073741824	12685447168	787128320
339	1783357440	536870912	3194097664	2208358400	1073741824	2589278208	1705418752	536870912	12017766400	2476158976	1073741824	12685447168	782766080
340	1784451072	536870912	3194097664	2209992704	1073741824	2589278208	1705418752	536870912	12017766400	2478010368	1073741824	12685447168	777764864
341	1785671680	536870912	3194097664	2213859328	1073741824	2589278208	1705648128	536870912	12017766400	2479144960	1073741824	12685447168	771567616
342	1787117568	536870912	3194097664	2215538688	1073741824	2589278208	1705590784	536870912	12017766400	2480795648	1073741824	12685447168	766693376
343	1788260352	536870912	3194097664	2221277184	1073741824	2589278208	1705672704	536870912	12017766400	2481983488	1073741824	12685447168	752529408
344	1788846080	536870912	3194097664	2222551040	1073741824	2589278208	1705717760	536870912	12017766400	2483970048	1073741824	12685447168	628465664
345	1789751296	536870912	3194097664	2223136768	1073741824	2589278208	1705766912	536870912	12017766400	2485841920	1073741824	12685447168	227532800
346	1791270912	536870912	3194097664	2226126848	1073741824	2589278208	1705861120	536870912	12017766400	2487312384	1073741824	12685447168	223490048
347	1792393216	536870912	3194097664	2227453952	1073741824	2589278208	1706053632	536870912	12017766400	2489315328	1073741824	12685447168	217706496
348	1793974272	536870912	3194097664	2230415360	1073741824	2589278208	1706000384	536870912	12017766400	2490548224	1073741824	12685447168	211906560
349	1794785280	536870912	3194097664	2233421824	1073741824	2589278208	1708273664	536870912	12017766400	2492383232	1073741824	12685447168	204795904
350	1796141056	536870912	3194097664	2234486784	1073741824	2589278208	1708212224	536870912	12017766400	2494464000	1073741824	12685447168	199446528
351	1797332992	536870912	3194097664	2240225280	1073741824	2589278208	1708396544	536870912	12017766400	2496081920	1073741824	12685447168	192569344
352	1798688768	536870912	3194097664	2244460544	1073741824	2589278208	1708343296	536870912	12017766400	2497241088	1073741824	12685447168	186806272
353	1799938048	536870912	3194097664	2249039872	1073741824	2589278208	1708400640	536870912	12017766400	2499932160	1073741824	12685447168	179142656
354	1801125888	536870912	3194097664	2254852096	1073741824	2589278208	1708576768	536870912	12017766400	2501439488	1073741824	12685447168	169271296
355	1812221952	536870912	3194097664	2256605184	1073741824	2589278208	1708498944	536870912	12017766400	2460360704	1073741824	13310652416	196964352
356	1825759232	536870912	3194097664	2257080320	1073741824	2589278208	1708425216	536870912	12017766400	2455646208	1073741824	13413064704	189726720
357	1830621184	536870912	3194097664	2257141760	1073741824	2589278208	1708470272	536870912	12017766400	2455707648	1073741824	13413064704	184119296
358	1832509440	536870912	3194097664	2258509824	1073741824	2589278208	1708777472	536870912	12017766400	2456395776	1073741824	13413064704	180248576
359	1832906752	536870912	3194097664	2258661376	1073741824	2589278208	1708699648	536870912	12017766400	2456461312	1073741824	13413064704	178589696
360	1838657536	536870912	3194097664	2258890752	1073741824	2589278208	1708789760	536870912	12017766400	2456895488	1073741824	13413064704	172466176
361	1838845952	536870912	3194097664	2259410944	1073741824	2589278208	1708687360	536870912	12017766400	2457042944	1073741824	13413064704	172535808
362	1840783360	536870912	3194097664	2259439616	1073741824	2589278208	1708691456	536870912	12017766400	2457100288	1073741824	13413064704	169652224
363	1840783360	536870912	3194097664	2259513344	1073741824	2589278208	1708695552	536870912	12017766400	2457145344	1073741824	13413064704	169181184
364	1841033216	536870912	3194097664	2259611648	1073741824	2589278208	1708695552	536870912	12017766400	2457276416	1073741824	13413064704	169058304
365	1841836032	536870912	3194097664	2259628032	1073741824	2589278208	1708699648	536870912	12017766400	2457280512	1073741824	13413064704	167677952
366	1841885184	536870912	3194097664	2259644416	1073741824	2589278208	1708912640	536870912	12017766400	2457292800	1073741824	13413064704	167927808
367	1842286592	536870912	3194097664	2259914752	1073741824	2589278208	1708789760	536870912	12017766400	2457432064	1073741824	13413064704	166686720
368	1843073024	536870912	3194097664	2259779584	1073741824	2589278208	1708789760	536870912	12017766400	2457325568	1073741824	13413064704	166129664
369	1847603200	536870912	3194097664	2259673088	1073741824	2589278208	1708953600	536870912	12017766400	2457456640	1073741824	13413064704	161251328
370	1847558144	536870912	3194097664	2259820544	1073741824	2589278208	1709060096	536870912	12017766400	2457354240	1073741824	13413064704	160686080
371	1852837888	536870912	3194097664	2260910080	1073741824	2589278208	1709006848	536870912	12017766400	2418429952	1073741824	14126055424	194727936
372	1855348736	536870912	3194097664	2262556672	1073741824	2589278208	1709056000	536870912	12017766400	2419769344	1073741824	14126055424	189992960
373	1858465792	536870912	3194097664	2264293376	1073741824	2589278208	1709019136	536870912	12017766400	2421825536	1073741824	14126055424	183046144
374	1859993600	536870912	3194097664	2266894336	1073741824	2589278208	1709076480	536870912	12017766400	2423181312	1073741824	14126055424	175140864
375	1734184960	536870912	3920609280	2251300864	1073741824	2589278208	1699524608	536870912	12017766400	2330329088	1073741824	15476002816	233328640
376	1643061248	536870912	4568702976	2189737984	1073741824	3204849664	1699155968	536870912	12017766400	2167164928	1073741824	16758693888	227352576
377	1649430528	536870912	4568702976	2191462400	1073741824	3204849664	1699246080	536870912	12017766400	2168119296	1073741824	16758693888	219987968
378	1654718464	536870912	4568702976	2198011904	1073741824	3204849664	1699344384	536870912	12017766400	2169901056	1073741824	16758693888	206106624
379	1666916352	536870912	4568702976	2204262400	1073741824	3204849664	1699504128	536870912	12017766400	2172133376	1073741824	16758693888	185090048
380	1671098368	536870912	4568702976	2211196928	1073741824	3204849664	1701511168	536870912	12017766400	2174222336	1073741824	16758693888	170250240
381	1677004800	536870912	4568702976	2219810816	1073741824	3204849664	1651154944	536870912	12628533248	2175516672	1073741824	16758693888	203730944
382	1684250624	536870912	4568702976	2220232704	1073741824	3204849664	1651113984	536870912	12628533248	2176102400	1073741824	16758693888	195792896
383	1684414464	536870912	4568702976	2220240896	1073741824	3204849664	1651113984	536870912	12628533248	2176286720	1073741824	16758693888	194314240
384	1685544960	536870912	4568702976	2163478528	1073741824	3204849664	1651314688	536870912	12628533248	2176712704	1073741824	16758693888	249733120
385	1689235456	536870912	4568702976	2164170752	1073741824	3204849664	1651347456	536870912	12628533248	2178605056	1073741824	16758693888	243982336
386	1694003200	536870912	4568702976	2165489664	1073741824	3204849664	1651511296	536870912	12628533248	2180988928	1073741824	16758693888	234688512
387	1699033088	536870912	4568702976	2166415360	1073741824	3204849664	1651671040	536870912	12628533248	2183622656	1073741824	16758693888	226549760
388	1707311104	536870912	4568702976	2167529472	1073741824	3204849664	1652031488	536870912	12628533248	2185924608	1073741824	16758693888	214175744
389	1712107520	536870912	4568702976	2168676352	1073741824	3204849664	1652150272	536870912	12628533248	2188402688	1073741824	16758693888	205496320
390	1715240960	536870912	4568702976	2171854848	1073741824	3204849664	1652338688	536870912	12628533248	2190782464	1073741824	16758693888	196395008
391	1718345728	536870912	4568702976	2174353408	1073741824	3204849664	1652469760	536870912	12628533248	2192580608	1073741824	16758693888	188514304
392	1720098816	536870912	4568702976	2175713280	1073741824	3204849664	1652645888	536870912	12628533248	2193928192	1073741824	16758693888	183296000
393	1721327616	536870912	4568702976	2179084288	1073741824	3204849664	1652666368	536870912	12628533248	2195791872	1073741824	16758693888	174411776
394	1722822656	536870912	4568702976	2182385664	1073741824	3204849664	1652834304	536870912	12628533248	2197843968	1073741824	16758693888	167866368
395	1724579840	536870912	4568702976	2185187328	1073741824	3204849664	1653157888	536870912	12628533248	2199543808	1073741824	16758693888	162275328
396	1640370176	536870912	5239762944	2187972608	1073741824	3204849664	1653100544	536870912	12628533248	2201509888	1073741824	16758693888	241561600
397	1641840640	536870912	5239762944	2190008320	1073741824	3204849664	1653161984	536870912	12628533248	2201952256	1073741824	16758693888	235905024
398	1643360256	536870912	5239762944	2189996032	1073741824	3204849664	1675997184	536870912	12628533248	2202075136	1073741824	16758693888	209813504
399	1644396544	536870912	5239762944	2191138816	1073741824	3204849664	1699655680	536870912	12628533248	2204069888	1073741824	16758693888	184311808
400	1645658112	536870912	5239762944	2193047552	1073741824	3204849664	1690578944	536870912	13227429888	2206179328	1073741824	16758693888	186527744
401	1647239168	536870912	5239762944	2197946368	1073741824	3204849664	1708519424	536870912	13227429888	2207604736	1073741824	16758693888	159985664
402	1649291264	536870912	5239762944	2198577152	1073741824	3204849664	1684631552	536870912	13814509568	2209538048	1073741824	16758693888	179081216
403	1650716672	536870912	5239762944	2200616960	1073741824	3204849664	1693626368	536870912	13814509568	2210959360	1073741824	16758693888	166678528
404	1650446336	536870912	5239762944	2200305664	1073741824	3204849664	1658396672	536870912	14416683008	2210861056	1073741824	16758693888	191287296
405	1650565120	536870912	5239762944	2200760320	1073741824	3204849664	1658372096	536870912	14416683008	2211127296	1073741824	16758693888	198000640
406	1651892224	536870912	5239762944	2200678400	1073741824	3204849664	1658994688	536870912	14416683008	2211041280	1073741824	16758693888	196050944
407	1651888128	536870912	5239762944	2201149440	1073741824	3204849664	1660313600	536870912	14416683008	2211332096	1073741824	16758693888	194961408
408	1652019200	536870912	5239762944	2200924160	1073741824	3204849664	1661607936	536870912	14416683008	2211360768	1073741824	16758693888	193179648
409	1652019200	536870912	5239762944	2200928256	1073741824	3204849664	1661571072	536870912	14416683008	2211491840	1073741824	16758693888	191655936
410	1652019200	536870912	5239762944	2201767936	1073741824	3204849664	1662095360	536870912	14416683008	2211364864	1073741824	16758693888	191053824
411	1652019200	536870912	5239762944	2201677824	1073741824	3204849664	1662300160	536870912	14416683008	2211364864	1073741824	16758693888	190332928
412	1652740096	536870912	5239762944	2201866240	1073741824	3204849664	1662533632	536870912	14416683008	2211557376	1073741824	16758693888	189751296
413	1653932032	536870912	5239762944	2202791936	1073741824	3204849664	1674702848	536870912	14416683008	2213093376	1073741824	16758693888	175730688
414	1655001088	536870912	5239762944	2206310400	1073741824	3204849664	1684860928	536870912	14416683008	2214293504	1073741824	16758693888	160763904
415	1649782784	536870912	5239762944	2200215552	1073741824	3204849664	1695494144	536870912	14416683008	2215419904	1073741824	16758693888	166629376
416	1651396608	536870912	5239762944	2204364800	1073741824	3204849664	1658564608	536870912	15001124864	2216480768	1073741824	16758693888	195784704
417	1652162560	536870912	5239762944	2206265344	1073741824	3204849664	1666560000	536870912	15001124864	2217545728	1073741824	16758693888	188047360
418	1654493184	536870912	5239762944	2207088640	1073741824	3204849664	1680941056	536870912	15001124864	2219847680	1073741824	16758693888	165601280
419	1655853056	536870912	5239762944	2208944128	1073741824	3204849664	1676296192	536870912	15301496832	2172403712	1073741824	17089916928	212107264
420	1657856000	536870912	5239762944	2210357248	1073741824	3204849664	1690619904	536870912	15301496832	2174287872	1073741824	17089916928	193388544
421	1659756544	536870912	5239762944	2212954112	1073741824	3204849664	1702420480	536870912	15301496832	2175492096	1073741824	17089916928	175026176
422	1661534208	536870912	5239762944	2215591936	1073741824	3204849664	1713676288	536870912	15301496832	2176737280	1073741824	17089916928	157196288
423	1662660608	536870912	5239762944	2218196992	1073741824	3204849664	1674473472	536870912	15891562496	2177462272	1073741824	17089916928	193212416
424	1665028096	536870912	5239762944	2219032576	1073741824	3204849664	1690161152	536870912	15891562496	2179162112	1073741824	17089916928	172056576
425	1687957504	536870912	5239762944	2193743872	1073741824	3516702720	1463119872	536870912	16185729024	2180419584	1073741824	17089916928	396267520
426	1692475392	536870912	5239762944	2195050496	1073741824	3516702720	1471250432	536870912	16185729024	2181664768	1073741824	17089916928	381288448
427	1694085120	536870912	5239762944	2200715264	1073741824	3516702720	1482379264	536870912	16185729024	2182676480	1073741824	17089916928	360386560
428	1695424512	536870912	5239762944	2202763264	1073741824	3516702720	1491128320	536870912	16185729024	2184638464	1073741824	17089916928	346652672
429	1695784960	536870912	5239762944	2202755072	1073741824	3516702720	1491251200	536870912	16185729024	2184523776	1073741824	17089916928	343633920
430	1696608256	536870912	5239762944	2202918912	1073741824	3516702720	1491251200	536870912	16185729024	2184560640	1073741824	17089916928	342728704
431	1705664512	536870912	5239762944	2202804224	1073741824	3516702720	1491791872	536870912	16185729024	2184773632	1073741824	17089916928	332767232
432	1730183168	536870912	5239762944	2203103232	1073741824	3516702720	1492545536	536870912	16185729024	2184871936	1073741824	17089916928	308711424
433	1732014080	536870912	5239762944	2204372992	1073741824	3516702720	1492545536	536870912	16185729024	2184871936	1073741824	17089916928	304750592
434	1733001216	536870912	5239762944	2205155328	1073741824	3516702720	1498898432	536870912	16185729024	2185129984	1073741824	17089916928	296546304
435	1738477568	536870912	5239762944	2205388800	1073741824	3516702720	1507323904	536870912	16185729024	2185142272	1073741824	17089916928	284033024
436	1743630336	536870912	5239762944	2205454336	1073741824	3516702720	1507323904	536870912	16185729024	2185146368	1073741824	17089916928	275722240
437	1748119552	536870912	5239762944	2205343744	1073741824	3516702720	518774784	536870912	16185729024	2185154560	1073741824	17089916928	1283121152
438	1751830528	536870912	5239762944	2205343744	1073741824	3516702720	518774784	536870912	16185729024	2185154560	1073741824	17089916928	1279148032
439	1754378240	536870912	5239762944	2205466624	1073741824	3516702720	518647808	536870912	16185729024	2185359360	1073741824	17089916928	1278394368
440	1754365952	536870912	5239762944	2205454336	1073741824	3516702720	518647808	536870912	16185729024	2185359360	1073741824	17089916928	1278062592
441	1754259456	536870912	5239762944	2205446144	1073741824	3516702720	518647808	536870912	16185729024	2185379840	1073741824	17089916928	1282174976
442	1756626944	536870912	5239762944	2205261824	1073741824	3516702720	518647808	536870912	16185729024	2185547776	1073741824	17089916928	1281478656
443	1781268480	536870912	5239762944	2205261824	1073741824	3516702720	0	536870912	16185729024	2186383360	1073741824	17089916928	1277054976
444	1781338112	536870912	5239762944	2205650944	1073741824	3516702720	0	536870912	16185729024	2186248192	1073741824	17089916928	1277698048
445	1781456896	536870912	5239762944	2205638656	1073741824	3516702720	0	536870912	16185729024	2186248192	1073741824	17089916928	1277329408
446	1781444608	536870912	5239762944	2205609984	1073741824	3516702720	0	536870912	16185729024	2186379264	1073741824	17089916928	1277132800
447	1781432320	536870912	5239762944	2205597696	1073741824	3516702720	0	536870912	16185729024	2186379264	1073741824	17089916928	1277161472
448	1781420032	536870912	5239762944	2205585408	1073741824	3516702720	0	536870912	16185729024	2186379264	1073741824	17089916928	1276964864
449	1676615680	536870912	5239762944	2207846400	1073741824	3516702720	0	536870912	16185729024	2186444800	1073741824	17089916928	1378828288
450	1676734464	536870912	5239762944	2210861056	1073741824	3516702720	0	536870912	16185729024	1470468096	1073741824	17089916928	2128855040
451	1676734464	536870912	5239762944	2214572032	1073741824	3516702720	0	536870912	16185729024	1472147456	1073741824	17089916928	2121863168
452	1676615680	536870912	5239762944	2221199360	1073741824	3516702720	0	536870912	16185729024	1474072576	1073741824	17089916928	2113703936
453	1676734464	536870912	5239762944	2235441152	1073741824	3516702720	0	536870912	16185729024	1476800512	1073741824	17089916928	2095267840
454	1676615680	536870912	5239762944	2245935104	1073741824	3516702720	0	536870912	16185729024	1479053312	1073741824	17089916928	2082459648
455	1676734464	536870912	5239762944	2249211904	1073741824	3516702720	0	536870912	16185729024	1480941568	1073741824	17089916928	2075418624
456	1676734464	536870912	5239762944	2249166848	1073741824	3516702720	0	536870912	16185729024	1481027584	1073741824	17089916928	2074324992
457	1676734464	536870912	5239762944	2249166848	1073741824	3516702720	0	536870912	16185729024	1481027584	1073741824	17089916928	2074050560
458	1676734464	536870912	5239762944	2249166848	1073741824	3516702720	0	536870912	16185729024	1481027584	1073741824	17089916928	2074222592
459	1676734464	536870912	5239762944	2249175040	1073741824	3516702720	0	536870912	16185729024	1481945088	1073741824	17089916928	2073247744
