1	1436446720	536870912	0	2904584192	1073741824	0	1773252608	536870912	0	3087618048	1073741824	0	2719531008
2	1436446720	536870912	0	2904584192	1073741824	0	1773252608	536870912	0	3087618048	1073741824	0	2719694848
3	1436446720	536870912	0	2904584192	1073741824	0	1773252608	536870912	0	3087618048	1073741824	0	2718855168
4	1436446720	536870912	0	2904584192	1073741824	0	1773252608	536870912	0	3087618048	1073741824	0	2719805440
5	1436446720	536870912	0	2904584192	1073741824	0	1773252608	536870912	0	3087618048	1073741824	0	2719305728
6	1436446720	536870912	0	2904584192	1073741824	0	1773252608	536870912	0	3087634432	1073741824	0	2716135424
7	1436446720	536870912	0	2904584192	1073741824	0	1773252608	536870912	0	3087634432	1073741824	0	2716094464
8	1436839936	536870912	0	2905149440	1073741824	0	1773252608	536870912	0	3087634432	1073741824	0	2713403392
9	1482002432	536870912	0	2934083584	1073741824	0	1773252608	536870912	0	3205033984	1073741824	0	2520096768
10	1499541504	536870912	0	2960146432	1073741824	0	1773252608	536870912	0	3362926592	1073741824	0	2315239424
11	1499947008	536870912	0	2985119744	1073741824	0	1773252608	536870912	0	3528605696	1073741824	0	2125684736
12	1500155904	536870912	0	2985566208	1073741824	0	1773252608	536870912	0	3709964288	1073741824	0	1943052288
13	1500524544	536870912	0	2985967616	1073741824	0	1773252608	536870912	0	3884515328	1073741824	0	1765134336
14	1500966912	536870912	0	2986287104	1073741824	0	1773252608	536870912	0	4003397632	1073741824	0	1646956544
15	1501323264	536870912	0	2993483776	1073741824	0	1773252608	536870912	0	4113956864	1073741824	0	1529757696
16	1501777920	536870912	0	3022688256	1073741824	0	1773252608	536870912	0	4200919040	1073741824	0	1411821568
17	1502453760	536870912	0	2918277120	1073741824	0	1773252608	536870912	0	4276219904	1073741824	0	1442689024
18	1502629888	536870912	0	2918813696	1073741824	0	1773252608	536870912	0	4294938624	1073741824	0	1422405632
19	1503133696	536870912	0	2919297024	1073741824	0	1773252608	536870912	0	4294938624	1073741824	0	1420435456
20	1503887360	536870912	0	2919825408	1073741824	0	1773252608	536870912	0	4294938624	1073741824	0	1420107776
21	1504567296	536870912	0	2920431616	1073741824	0	1843695616	536870912	0	4294967296	1073741824	0	1347698688
22	1505165312	536870912	0	2921246720	1073741824	0	2118426624	536870912	0	4294938624	1073741824	0	1072443392
23	1505918976	536870912	0	2921906176	1073741824	0	2147332096	536870912	0	4294938624	1073741824	0	1031913472
24	1506144256	536870912	0	2922160128	1073741824	0	2147348480	536870912	0	4294938624	1073741824	0	1032331264
25	1506213888	536870912	0	2922237952	1073741824	0	2147422208	536870912	0	4294807552	1073741824	0	1033220096
26	1506693120	536870912	0	2922860544	1073741824	0	2147360768	536870912	0	4294942720	1073741824	0	1034268672
27	1507303424	536870912	0	2923208704	1073741824	0	2147422208	536870912	0	4294942720	1073741824	0	1032187904
28	1508024320	536870912	0	2924077056	1073741824	0	2147434496	536870912	0	4294942720	1073741824	0	1032556544
29	1508794368	536870912	0	2924679168	1073741824	0	2147377152	536870912	0	4294942720	1073741824	0	1022513152
30	1509838848	536870912	0	2925682688	1073741824	0	2147381248	536870912	0	4294950912	1073741824	0	1020428288
31	1510653952	536870912	0	2926497792	1073741824	0	2147409920	536870912	0	4294950912	1073741824	0	1018044416
32	1511542784	536870912	0	2927345664	1073741824	0	2147418112	536870912	0	4294942720	1073741824	0	1017270272
33	1512517632	536870912	0	2928242688	1073741824	0	2147450880	536870912	0	4294942720	1073741824	0	1015836672
34	1513795584	536870912	0	2929233920	1073741824	0	2147459072	536870912	0	4294950912	1073741824	0	1010954240
35	1514602496	536870912	0	2929893376	1073741824	0	2147405824	536870912	0	4294942720	1073741824	0	1009283072
36	1515319296	536870912	0	2930728960	1073741824	0	2147405824	536870912	0	4294942720	1073741824	0	1007710208
37	1516417024	536870912	0	2931662848	1073741824	0	2147426304	536870912	0	4294942720	1073741824	0	1006088192
38	1517232128	536870912	0	2932465664	1073741824	0	2147418112	536870912	0	4294942720	1073741824	0	1004621824
39	1517989888	536870912	0	2933256192	1073741824	0	2147426304	536870912	0	4294967296	1073741824	0	1001775104
40	1519091712	536870912	0	2934665216	1073741824	0	2147377152	536870912	0	4294946816	1073741824	0	1000144896
41	1519972352	536870912	0	2935648256	1073741824	0	2147438592	536870912	0	4294946816	1073741824	0	998166528
42	1520889856	536870912	0	2936418304	1073741824	0	2147442688	536870912	0	4294946816	1073741824	0	988098560
43	1522069504	536870912	0	2937352192	1073741824	0	2147467264	536870912	0	4294914048	1073741824	0	985796608
44	1523544064	536870912	0	2938757120	1073741824	0	2147409920	536870912	0	4294934528	1073741824	0	984809472
45	1524252672	536870912	0	2939494400	1073741824	0	2147475456	536870912	0	4294950912	1073741824	0	982888448
46	1525387264	536870912	0	2940653568	1073741824	0	2147450880	536870912	0	4294840320	1073741824	0	980144128
47	1526652928	536870912	0	2941849600	1073741824	0	2147463168	536870912	0	4294955008	1073741824	0	976707584
48	1527898112	536870912	0	2942836736	1073741824	0	2147467264	536870912	0	4294955008	1073741824	0	966873088
49	1528696832	536870912	0	2943664128	1073741824	0	2147467264	536870912	0	4294955008	1073741824	0	965545984
50	1534345216	536870912	0	2944704512	1073741824	0	2147471360	536870912	0	4294967296	1073741824	0	959148032
51	1557782528	536870912	0	2944655360	1073741824	0	2147479552	536870912	0	4294909952	1073741824	0	936271872
52	1602154496	536870912	0	2945454080	1073741824	0	1397628928	536870912	0	4294963200	1073741824	0	1641709568
53	1671532544	536870912	0	2946564096	1073741824	0	1397628928	536870912	0	4294963200	1073741824	0	1569755136
54	1761284096	536870912	0	2947272704	1073741824	0	1397628928	536870912	0	4294963200	1073741824	0	1476599808
55	1865035776	536870912	0	2948182016	1073741824	0	1397628928	536870912	0	4294967296	1073741824	0	1369600000
56	1891377152	536870912	0	2948923392	1073741824	0	1397628928	536870912	0	4294967296	1073741824	0	1340162048
57	1892302848	536870912	0	2949791744	1073741824	0	1397628928	536870912	0	4294889472	1073741824	0	1339125760
58	1893502976	536870912	0	2950250496	1073741824	0	1397628928	536870912	0	4294930432	1073741824	0	1336508416
59	1894563840	536870912	0	2951221248	1073741824	0	1397628928	536870912	0	4294873088	1073741824	0	1335541760
60	1896124416	536870912	0	2952556544	1073741824	0	1397628928	536870912	0	4294946816	1073741824	0	1331601408
61	1897586688	536870912	0	2953756672	1073741824	0	1397628928	536870912	0	4294930432	1073741824	0	1329725440
62	1899016192	536870912	0	2954866688	1073741824	0	1397628928	536870912	0	4294803456	1073741824	0	1326096384
63	1900306432	536870912	0	2956165120	1073741824	0	1397628928	536870912	0	4294938624	1073741824	0	1324511232
64	1901641728	536870912	0	2957545472	1073741824	0	1397628928	536870912	0	4294807552	1073741824	0	1319587840
65	1902739456	536870912	0	2958495744	1073741824	0	1397628928	536870912	0	4294950912	1073741824	0	1316847616
66	1903976448	536870912	0	2959765504	1073741824	0	1397628928	536870912	0	4294864896	1073741824	0	1313001472
67	1905082368	536870912	0	2960891904	1073741824	0	1397628928	536870912	0	4294942720	1073741824	0	1311371264
68	1906450432	536870912	0	2962022400	1073741824	0	1397628928	536870912	0	4294950912	1073741824	0	1310396416
69	1907818496	536870912	0	2963124224	1073741824	0	1397628928	536870912	0	4294819840	1073741824	0	1307181056
70	1909014528	536870912	0	2964246528	1073741824	0	1397628928	536870912	0	2863128576	1073741824	0	2740809728
71	1910239232	536870912	0	2965348352	1073741824	0	1397628928	536870912	0	2865225728	1073741824	0	2738298880
72	1911529472	536870912	0	2966528000	1073741824	0	1397628928	536870912	0	2865225728	1073741824	0	2735038464
73	1912815616	536870912	0	2967695360	1073741824	0	1397628928	536870912	0	2865225728	1073741824	0	2732675072
74	1914445824	536870912	0	2968928256	1073741824	0	1397628928	536870912	0	2865225728	1073741824	0	2730246144
75	1915756544	536870912	0	2970210304	1073741824	0	1397628928	536870912	0	2865225728	1073741824	0	2727186432
76	1917198336	536870912	0	2971672576	1073741824	0	1397628928	536870912	0	2865225728	1073741824	0	2724220928
77	1924112384	536870912	0	3020337152	1073741824	0	1397628928	536870912	0	2865225728	1073741824	0	2667593728
78	1925558272	536870912	0	3117158400	1073741824	0	1397628928	536870912	0	2865225728	1073741824	0	2566672384
79	1926410240	536870912	0	3172880384	1073741824	0	1397628928	536870912	0	2865225728	1073741824	0	2508185600
80	1927065600	536870912	0	3229597696	1073741824	0	1397628928	536870912	0	2865225728	1073741824	0	2449731584
81	1928347648	536870912	0	3278331904	1073741824	0	1397628928	536870912	0	2865225728	1073741824	0	2398314496
82	1936252928	536870912	0	3322093568	1073741824	0	1397628928	536870912	0	2865225728	1073741824	0	2346094592
83	1940025344	536870912	0	3359141888	1073741824	0	1397628928	536870912	0	2865225728	1073741824	0	2303520768
84	1940828160	536870912	0	3432923136	1073741824	0	1397628928	536870912	0	2865225728	1073741824	0	2224349184
85	1942192128	536870912	0	3536601088	1073741824	0	1397628928	536870912	0	2865225728	1073741824	0	2116743168
86	1943547904	536870912	0	3619569664	1073741824	0	1397628928	536870912	0	2865225728	1073741824	0	2030739456
87	1950445568	536870912	0	3620880384	1073741824	0	1397628928	536870912	0	2865225728	1073741824	0	2022948864
88	1952006144	536870912	0	3622293504	1073741824	0	1397628928	536870912	0	2865225728	1073741824	0	2019565568
89	1952845824	536870912	0	3623243776	1073741824	0	1397628928	536870912	0	2865225728	1073741824	0	2017304576
90	1954930688	536870912	0	3625328640	1073741824	0	1397628928	536870912	0	2865225728	1073741824	0	2014236672
91	1956777984	536870912	0	3627048960	1073741824	0	1397628928	536870912	0	2865225728	1073741824	0	2008043520
92	1958027264	536870912	0	3628130304	1073741824	0	1397628928	536870912	0	2865225728	1073741824	0	2007965696
93	1959284736	536870912	0	3629428736	1073741824	0	1397628928	536870912	0	2865225728	1073741824	0	2004082688
94	1960562688	536870912	0	3630485504	1073741824	0	1397628928	536870912	0	2865225728	1073741824	0	2002063360
95	1961803776	536870912	0	3631771648	1073741824	0	1397628928	536870912	0	2865225728	1073741824	0	1999151104
96	1963212800	536870912	0	3632996352	1073741824	0	1397628928	536870912	0	2865225728	1073741824	0	1994657792
97	1964670976	536870912	0	3634278400	1073741824	0	1397628928	536870912	0	2865225728	1073741824	0	1992724480
98	1965944832	536870912	0	3635568640	1073741824	0	1397628928	536870912	0	2865225728	1073741824	0	1990250496
99	1967255552	536870912	0	3637014528	1073741824	0	1397628928	536870912	0	2865225728	1073741824	0	1986285568
100	1968701440	536870912	0	3638312960	1073741824	0	1397628928	536870912	0	2865225728	1073741824	0	1983434752
101	1969754112	536870912	0	3639345152	1073741824	0	1397628928	536870912	0	2865225728	1073741824	0	1978941440
102	1970921472	536870912	0	3640348672	1073741824	0	1397628928	536870912	0	2865225728	1073741824	0	1624457216
103	1972056064	536870912	0	3641335808	1073741824	0	1397628928	536870912	0	2865225728	1073741824	0	1121796096
104	1973100544	536870912	0	3642564608	1073741824	0	1397628928	536870912	0	2865225728	1073741824	0	647569408
105	1974251520	536870912	0	3643494400	1073741824	0	1399726080	536870912	0	2865225728	1073741824	0	517386240
106	1975418880	536870912	0	3644952576	1073741824	0	1399726080	536870912	0	2865225728	1073741824	0	513286144
107	1976836096	536870912	0	3646111744	1073741824	0	1399726080	536870912	0	2865225728	1073741824	0	510484480
108	1978105856	536870912	0	3647410176	1073741824	0	1399726080	536870912	0	2865225728	1073741824	0	507596800
109	1979465728	536870912	0	3648851968	1073741824	0	1399726080	536870912	0	2865225728	1073741824	0	505315328
110	1980727296	536870912	0	3650052096	1073741824	0	1399726080	536870912	0	2865225728	1073741824	0	502800384
111	1981829120	536870912	0	3651137536	1073741824	0	1399726080	536870912	0	2865225728	1073741824	0	501321728
112	1981816832	536870912	0	3651026944	1073741824	0	1498845184	536870912	0	2865225728	1073741824	0	401051648
113	1982894080	536870912	0	3651973120	1073741824	0	1541971968	536870912	0	2865225728	1073741824	0	355778560
114	1984086016	536870912	0	3653120000	1073741824	0	1583452160	536870912	0	2865225728	1073741824	0	310542336
115	1985130496	536870912	0	3653984256	1073741824	0	1622065152	536870912	0	2865225728	1073741824	0	268689408
116	1986412544	536870912	0	3655479296	1073741824	0	1660030976	536870912	0	2865225728	1073741824	0	227786752
117	1987543040	536870912	0	3656572928	1073741824	0	1691803648	536870912	0	2865225728	1073741824	0	193560576
118	1988947968	536870912	0	3466440704	1073741824	1359147008	1738133504	536870912	0	2865225728	1073741824	0	339288064
119	1990352896	536870912	0	3467726848	1073741824	1359147008	1785184256	536870912	0	2865225728	1073741824	0	289882112
120	1991831552	536870912	0	3468955648	1073741824	1359147008	1834815488	536870912	0	2865225728	1073741824	0	236859392
121	1993113600	536870912	0	3470184448	1073741824	1359147008	1876758528	536870912	0	2865225728	1073741824	0	192122880
122	1994280960	536870912	0	3452993536	1073741824	1881411584	1919684608	536870912	0	2865225728	1073741824	0	165957632
123	1995636736	536870912	0	3351052288	1073741824	2439299072	1963970560	536870912	0	2867306496	1073741824	0	221368320
124	1996718080	536870912	0	3327578112	1073741824	2679005184	2006020096	536870912	0	2865774592	1073741824	0	205459456
125	1997033472	536870912	0	3328917504	1073741824	2679005184	2052534272	536870912	0	2865627136	1073741824	0	171352064
126	1996595200	536870912	0	3330871296	1073741824	2679005184	2100129792	536870912	0	2865434624	1073741824	0	232472576
127	1997389824	536870912	0	3344076800	1073741824	2679005184	2143834112	536870912	0	2865434624	1073741824	0	175595520
128	2019196928	536870912	0	3270492160	1073741824	3870691328	2147438592	536870912	0	2865324032	1073741824	0	224247808
129	2066874368	536870912	0	3284975616	1073741824	3870691328	2147303424	536870912	0	2865324032	1073741824	0	162373632
130	2112536576	536870912	0	3205337088	1073741824	6095286272	2147438592	536870912	0	2865135616	1073741824	0	196456448
131	2083713024	536870912	78606336	3171962880	1073741824	6345715712	2146885632	536870912	0	2933002240	1073741824	131072	181202944
132	2069577728	536870912	165638144	3169693696	1073741824	6353342464	2146885632	536870912	0	2932637696	1073741824	131072	197701632
133	1966747648	536870912	849149952	3051884544	1073741824	8050020352	2138173440	536870912	209534976	2906206208	1073741824	124493824	454356992
134	1969094656	536870912	849149952	3037589504	1073741824	8374865920	2133180416	536870912	311439360	2903531520	1073741824	164601856	474238976
135	1972989952	536870912	849149952	2835464192	1073741824	12852879360	2128429056	536870912	405524480	2843971584	1073741824	1682206720	738451456
136	2032783360	536870912	849149952	2836054016	1073741824	12852879360	2136117248	536870912	405524480	2913574912	1073741824	1936982016	609951744
137	2058854400	536870912	849149952	2836332544	1073741824	12852879360	2139455488	536870912	405524480	2958639104	1073741824	1936982016	535961600
138	2061094912	536870912	849149952	2836332544	1073741824	12852879360	2139455488	536870912	405524480	2958639104	1073741824	1936982016	532930560
139	2061524992	536870912	849149952	2836332544	1073741824	12852879360	2139455488	536870912	405524480	2958639104	1073741824	1936982016	531533824
140	2062823424	536870912	849149952	2836840448	1073741824	12852879360	2143625216	536870912	405524480	3035828224	1073741824	1936982016	450093056
141	2063708160	536870912	849149952	2837192704	1073741824	12852879360	2147307520	536870912	405524480	3139743744	1073741824	1936982016	332046336
142	2064670720	536870912	849149952	2835783680	1073741824	12852879360	2147069952	536870912	405524480	3131650048	1073741824	1957150720	147468288
143	2064658432	536870912	849149952	2835783680	1073741824	12852879360	2147069952	536870912	405524480	3131650048	1073741824	1957150720	148492288
144	2064646144	536870912	849149952	2835783680	1073741824	12852879360	2147069952	536870912	405524480	3131650048	1073741824	1957150720	148463616
145	2064633856	536870912	849149952	2835783680	1073741824	12852879360	2147069952	536870912	405524480	3131650048	1073741824	1957150720	147972096
146	2064621568	536870912	849149952	2835783680	1073741824	12852879360	2147069952	536870912	405524480	3131650048	1073741824	1957150720	147517440
147	2064609280	536870912	849149952	2835783680	1073741824	12852879360	2147069952	536870912	405524480	3131260928	1073741824	1977249792	147554304
148	2037460992	536870912	903720960	2822586368	1073741824	12978290688	2144821248	536870912	408203264	3135279104	1073741824	2039648256	181022720
149	1985114112	536870912	1251028992	2807963648	1073741824	13314035712	2139901952	536870912	451604480	3125551104	1073741824	2259759104	264757248
150	1986150400	536870912	1251028992	2802692096	1073741824	13405540352	2128216064	536870912	612859904	3123011584	1073741824	2897801216	281726976
151	1988366336	536870912	1251028992	2797629440	1073741824	13444337664	2127769600	536870912	636080128	3122888704	1073741824	3079016448	287031296
152	1989849088	536870912	1251028992	2779353088	1073741824	13634355200	2119548928	536870912	828448768	3137601536	1073741824	3508363264	294817792
153	1990549504	536870912	1251028992	2778120192	1073741824	13770399744	2121863168	536870912	828448768	3123650560	1073741824	4116242432	310562816
154	1992028160	536870912	1251028992	2778390528	1073741824	13770399744	2124587008	536870912	828448768	3104796672	1073741824	4801859584	325218304
155	1992302592	536870912	1251028992	2778759168	1073741824	13770399744	2131267584	536870912	828448768	3031523328	1073741824	7219691520	154714112
156	1989234688	536870912	1251028992	2775375872	1073741824	13770399744	2136621056	536870912	828448768	2735497216	1073741824	11019059200	149295104
157	1977356288	536870912	1251028992	2608218112	1073741824	15884537856	2134876160	536870912	828448768	2637422592	1073741824	12443361280	163581952
158	1994326016	536870912	1251028992	2608218112	1073741824	15884537856	2134769664	536870912	828448768	2637422592	1073741824	12443361280	146173952
159	2001170432	536870912	1251028992	2608644096	1073741824	15884537856	2072473600	536870912	1902108672	2553778176	1073741824	13501546496	289681408
160	2012753920	536870912	1251028992	2608984064	1073741824	15884537856	2082971648	536870912	2052702208	2665680896	1073741824	13501546496	157560832
161	2028916736	536870912	1251028992	2608984064	1073741824	15884537856	2086854656	536870912	2052702208	2620379136	1073741824	13979832320	179412992
162	2046283776	536870912	1251028992	2612215808	1073741824	15884537856	2090737664	536870912	2120196096	2615373824	1073741824	14330929152	163299328
163	2054172672	536870912	1251028992	2617204736	1073741824	15884537856	2057138176	536870912	2855288832	2590162944	1073741824	15141203968	210284544
164	2068631552	536870912	1251028992	2579636224	1073741824	16276373504	2075066368	536870912	2855288832	2606465024	1073741824	15552966656	198959104
165	2072211456	536870912	1251028992	2584809472	1073741824	16276373504	2101305344	536870912	2855288832	2557857792	1073741824	16380391424	211435520
166	1978888192	536870912	1251028992	2600771584	1073741824	16276373504	2117001216	536870912	2855288832	2584338432	1073741824	16380391424	238084096
167	1979555840	536870912	1251028992	2611003392	1073741824	16276373504	2128596992	536870912	2855288832	2614034432	1073741824	16380391424	184381440
168	1909035008	536870912	1680400384	2570383360	1073741824	16699518976	2044612608	536870912	4462256128	2542948352	1073741824	17169555456	335130624
169	1911336960	536870912	1680400384	2490003456	1073741824	17815781376	1972994048	536870912	5597491200	2471735296	1073741824	17712582656	255840256
170	1844277248	536870912	2372247552	2415775744	1073741824	18901610496	1886306304	536870912	7041490944	2410315776	1073741824	18321424384	319942656
171	1791631360	536870912	3054964736	2328084480	1073741824	19941859328	1835126784	536870912	7924711424	2334732288	1073741824	18630909952	352591872
172	1799024640	536870912	3054964736	2327891968	1073741824	19941859328	1824010240	536870912	8086274048	2310615040	1073741824	18935668736	380870656
173	1818542080	536870912	3054964736	2327891968	1073741824	19941859328	1824010240	536870912	8086274048	2310615040	1073741824	18935668736	361586688
174	1820762112	536870912	3054964736	2319937536	1073741824	20258004992	1813389312	536870912	8409341952	2306826240	1073741824	19035676672	230977536
175	1822978048	536870912	3054964736	2322210816	1073741824	20258004992	1822339072	536870912	8409341952	2306777088	1073741824	19035676672	215343104
176	1826910208	536870912	3054964736	2336526336	1073741824	20258004992	1827188736	536870912	8654450688	2329214976	1073741824	19035676672	168165376
177	1769304064	536870912	3736678400	2349715456	1073741824	20258004992	1809440768	536870912	9097199616	2346483712	1073741824	19035676672	213262336
178	1776517120	536870912	3736678400	2361524224	1073741824	20258004992	1825046528	536870912	9097199616	2365431808	1073741824	19035676672	157102080
179	1783595008	536870912	3736678400	2334101504	1073741824	20606279680	1836621824	536870912	9097199616	2332954624	1073741824	19385987072	197836800
180	1795182592	536870912	3736678400	2343665664	1073741824	20606279680	1803251712	536870912	9776656384	2357047296	1073741824	19385987072	183267328
181	1803993088	536870912	3736678400	2356977664	1073741824	20606279680	1818849280	536870912	9776656384	2317492224	1073741824	20061073408	184463360
182	1811632128	536870912	3736678400	2322595840	1073741824	21251956736	1834332160	536870912	9776656384	2335186944	1073741824	20061073408	175783936
183	1815371776	536870912	3736678400	2337959936	1073741824	21251956736	1805692928	536870912	10439364608	2348888064	1073741824	20061073408	169775104
184	1779568640	536870912	4090908672	2332131328	1073741824	21572853760	1784123392	536870912	10776993792	2338508800	1073741824	20391862272	244305920
185	1783324672	536870912	4090908672	2348236800	1073741824	21572853760	1797791744	536870912	10776993792	2355060736	1073741824	20391862272	194199552
186	1788239872	536870912	4090908672	2355580928	1073741824	21902962688	1810972672	536870912	10776993792	2317717504	1073741824	21057843200	201592832
187	1790259200	536870912	4090908672	2342838272	1073741824	22246936576	1825562624	536870912	10776993792	2332073984	1073741824	21057843200	183373824
188	1791270912	536870912	4090908672	2363260928	1073741824	22246936576	1797804032	536870912	11435638784	2346405888	1073741824	21057843200	171712512
189	1792630784	536870912	4090908672	2325266432	1073741824	22899933184	1803927552	536870912	11435638784	2352934912	1073741824	21057843200	193261568
190	1794334720	536870912	4090908672	2326065152	1073741824	22899933184	1804546048	536870912	11435638784	2353463296	1073741824	21057843200	189890560
191	1795858432	536870912	4090908672	2327691264	1073741824	22899933184	1805664256	536870912	11435638784	2355269632	1073741824	21057843200	184078336
192	1796808704	536870912	4090908672	2328203264	1073741824	22899933184	1806282752	536870912	11435638784	2355646464	1073741824	21057843200	180506624
193	1798619136	536870912	4090908672	2331168768	1073741824	22899933184	1812275200	536870912	11435638784	2365771776	1073741824	21057843200	158613504
194	1800527872	536870912	4090908672	2330882048	1073741824	22899933184	1812172800	536870912	11435638784	2329141248	1073741824	21711486976	190238720
195	1804054528	536870912	4090908672	2330882048	1073741824	22899933184	1812172800	536870912	11435638784	2329141248	1073741824	21711486976	186740736
196	1805496320	536870912	4090908672	2330882048	1073741824	22899933184	1812172800	536870912	11435638784	2329141248	1073741824	21711486976	185729024
197	1805320192	536870912	4090908672	2330791936	1073741824	22899933184	1812172800	536870912	11435638784	2329096192	1073741824	21711486976	183619584
198	1805320192	536870912	4090908672	2330791936	1073741824	22899933184	1812172800	536870912	11435638784	2329096192	1073741824	21711486976	183619584
199	1805320192	536870912	4090908672	2330791936	1073741824	22899933184	1812172800	536870912	11435638784	2329096192	1073741824	21711486976	183619584
200	1806270464	536870912	4090908672	2332262400	1073741824	22899933184	1787326464	536870912	11778097152	2315358208	1073741824	22040256512	222244864
201	1808879616	536870912	4090908672	2340777984	1073741824	22899933184	1796734976	536870912	11778097152	2324217856	1073741824	22040256512	193077248
202	1736372224	536870912	4768305152	2268418048	1073741824	23885135872	1726603264	536870912	12924362752	2264772608	1073741824	22670032896	205832192
203	1698308096	536870912	5391036416	2197127168	1073741824	24812756992	1688338432	536870912	13715255296	2195386368	1073741824	23361978368	189542400
204	1701441536	536870912	5391036416	2205573120	1073741824	24812756992	1695928320	536870912	13969801216	2203758592	1073741824	23361978368	160358400
205	1675714560	536870912	5988151296	2232692736	1073741824	24812756992	1666846720	536870912	14564114432	2215448576	1073741824	23361978368	178569216
206	1677578240	536870912	5988151296	2209628160	1073741824	25403596800	1682534400	536870912	14564114432	2228817920	1073741824	23361978368	168296448
207	1679810560	536870912	5988151296	2233249792	1073741824	25403596800	1695240192	536870912	14564114432	2190708736	1073741824	23957159936	166522880
208	1669251072	536870912	5988151296	2252128256	1073741824	25403596800	1706254336	536870912	14564114432	2202013696	1073741824	23957159936	168157184
209	1658802176	536870912	5988151296	2268762112	1073741824	25403596800	1713852416	536870912	14564114432	2210381824	1073741824	23957159936	177016832
210	1660907520	536870912	5988151296	2253049856	1073741824	26027941888	1727676416	536870912	14564114432	2224783360	1073741824	23957159936	160612352
211	1662623744	536870912	5988151296	2241335296	1073741824	26631507968	1703645184	536870912	15177199616	2237730816	1073741824	23957159936	178479104
212	1663848448	536870912	5988151296	2212700160	1073741824	26952671232	1693741056	536870912	15481626624	2245173248	1073741824	23957159936	208039936
213	1667821568	536870912	5988151296	2214608896	1073741824	26952671232	1709699072	536870912	15481626624	2245025792	1073741824	23957159936	185036800
214	1671831552	536870912	5988151296	2214608896	1073741824	26952671232	1715240960	536870912	15481626624	2245025792	1073741824	23957159936	172478464
215	1674731520	536870912	5988151296	2216038400	1073741824	26952671232	1720664064	536870912	15481626624	2247745536	1073741824	23957159936	159584256
216	1675800576	536870912	5988151296	2202976256	1073741824	27244568576	1717706752	536870912	15526436864	2247692288	1073741824	23957159936	170762240
217	1676087296	536870912	5988151296	2203447296	1073741824	27244568576	1715945472	536870912	15558311936	2248609792	1073741824	23957159936	172417024
218	1677758464	536870912	5988151296	2206998528	1073741824	27244568576	1695404032	536870912	15798165504	2257248256	1073741824	23957159936	182194176
219	1680044032	536870912	5988151296	2145505280	1073741824	27244568576	1710256128	536870912	15798165504	2272153600	1073741824	23957159936	209551360
220	1682018304	536870912	5988151296	2149556224	1073741824	27244568576	1724260352	536870912	15798165504	2286235648	1073741824	23957159936	172363776
221	1677758464	536870912	5988151296	2145951744	1073741824	27244568576	1735278592	536870912	15798165504	2298126336	1073741824	23957159936	172740608
222	1673830400	536870912	5988151296	2142294016	1073741824	27244568576	1747394560	536870912	15798165504	2310430720	1073741824	23957159936	169717760
223	1675653120	536870912	5988151296	2145525760	1073741824	27244568576	1758683136	536870912	15798165504	2261106688	1073741824	24621625344	200802304
224	1677467648	536870912	5988151296	2149675008	1073741824	27244568576	1773248512	536870912	15798165504	2275110912	1073741824	24621625344	163606528
225	1679839232	536870912	5988151296	2153799680	1073741824	27244568576	1745657856	536870912	16433807360	2284974080	1073741824	24621625344	172109824
226	1708249088	536870912	5988151296	2157363200	1073741824	27244568576	1739522048	536870912	16744423424	2262339584	1073741824	24948789248	166092800
227	1736101888	536870912	5988151296	2161143808	1073741824	27244568576	1705803776	536870912	17353830400	2219503616	1073741824	25555881984	202702848
228	1711443968	536870912	6593400832	2164502528	1073741824	27244568576	1717129216	536870912	17353830400	2231619584	1073741824	25555881984	193912832
229	1669607424	536870912	7477698560	2165243904	1073741824	27244568576	1674371072	536870912	17969000448	2201358336	1073741824	25874391040	190558208
230	1617580032	536870912	8348360704	2168401920	1073741824	27246055424	1573126144	536870912	18900967424	2152976384	1073741824	26716491776	140681216
231	1559773184	536870912	9172766720	2113499136	1073741824	28355596288	1553924096	536870912	19181748224	2122203136	1073741824	27274825728	158326784
232	1564397568	536870912	9172766720	2112434176	1073741824	28355596288	1554628608	536870912	19181748224	2122166272	1073741824	27274825728	169549824
233	1570971648	536870912	9172766720	2110128128	1073741824	28355596288	1564180480	536870912	19181748224	2122842112	1073741824	27274825728	160919552
234	1578196992	536870912	9172766720	2116141056	1073741824	28355596288	1576407040	536870912	19181748224	2097156096	1073741824	27750989824	176857088
235	1583943680	536870912	9172766720	2113175552	1073741824	28355596288	1587032064	536870912	19181748224	2108788736	1073741824	27750989824	182874112
236	1590247424	536870912	9172766720	2118791168	1073741824	28355596288	1595559936	536870912	19181748224	2116624384	1073741824	27750989824	177401856
237	1597095936	536870912	9172766720	2121707520	1073741824	28355596288	1604804608	536870912	19181748224	2126213120	1073741824	27750989824	179834880
238	1605627904	536870912	9172766720	2117308416	1073741824	28355596288	1616191488	536870912	19181748224	2138296320	1073741824	27750989824	165605376
239	1617367040	536870912	9172766720	2122641408	1073741824	28355596288	1570918400	536870912	19740164096	2147819520	1073741824	27750989824	198193152
240	1630703616	536870912	9172766720	2132971520	1073741824	28355596288	1582587904	536870912	19740164096	2159423488	1073741824	27750989824	164282368
241	1611001856	536870912	9722982400	2148126720	1073741824	28355596288	1593970688	536870912	19740164096	2116976640	1073741824	28318089216	198328320
242	1584250880	536870912	10294775808	2164318208	1073741824	28355596288	1605967872	536870912	19740164096	2129702912	1073741824	28318089216	180146176
243	1603530752	536870912	10294775808	2125234176	1073741824	28926312448	1619963904	536870912	19740164096	2144788480	1073741824	28318089216	169463808
244	1629343744	536870912	10294775808	2139742208	1073741824	28926312448	1583333376	536870912	20303917056	2148249600	1073741824	28318089216	163254272
245	1638187008	536870912	10294775808	2142101504	1073741824	28926312448	1583620096	536870912	20303917056	2149974016	1073741824	28318089216	158023680
246	1600593920	536870912	10862903296	2145402880	1073741824	28926312448	1585811456	536870912	20303917056	2152165376	1073741824	28318089216	186368000
247	1600491520	536870912	10862903296	2145370112	1073741824	28926312448	1585811456	536870912	20303917056	2152050688	1073741824	28318089216	185278464
248	1600491520	536870912	10862903296	2145370112	1073741824	28926312448	1585811456	536870912	20303917056	2152050688	1073741824	28318089216	185032704
249	1600491520	536870912	10862903296	2145370112	1073741824	28926312448	1585811456	536870912	20303917056	2152050688	1073741824	28318089216	185032704
250	1600491520	536870912	10862903296	2145370112	1073741824	28926312448	1585811456	536870912	20303917056	2152050688	1073741824	28318089216	185098240
251	1600491520	536870912	10862903296	2145370112	1073741824	28926312448	1585811456	536870912	20303917056	2152050688	1073741824	28318089216	185131008
252	1603448832	536870912	10862903296	2146656256	1073741824	28926312448	1586622464	536870912	20303917056	2153070592	1073741824	28318089216	179957760
253	1605652480	536870912	10862903296	2147844096	1073741824	28926312448	1587113984	536870912	20303917056	2153680896	1073741824	28318089216	176295936
254	1609474048	536870912	10862903296	2148356096	1073741824	28926312448	1589305344	536870912	20303917056	2156552192	1073741824	28318089216	165986304
255	1611120640	536870912	10862903296	2148483072	1073741824	28926312448	1589182464	536870912	20303917056	2157117440	1073741824	28318089216	162443264
256	1612419072	536870912	10862903296	2150113280	1073741824	28926312448	1591308288	536870912	20303917056	2157309952	1073741824	28318089216	156860416
257	1600802816	536870912	11133022208	2153840640	1073741824	28926312448	1595932672	536870912	20303917056	2131410944	1073741824	28606484480	186347520
258	1602064384	536870912	11133022208	2155835392	1073741824	28926312448	1602625536	536870912	20303917056	2131349504	1073741824	28606484480	175132672
259	1602707456	536870912	11133022208	2162085888	1073741824	28926312448	1605115904	536870912	20303917056	2132529152	1073741824	28606484480	164245504
260	1603145728	536870912	11133022208	2120720384	1073741824	29504434176	1608245248	536870912	20303917056	2140520448	1073741824	28606484480	186490880
261	1531015168	536870912	11133022208	2127921152	1073741824	29504434176	1622892544	536870912	20303917056	2148040704	1073741824	28606484480	223449088
262	1520017408	536870912	11133022208	2124713984	1073741824	29504434176	1626161152	536870912	20303917056	2152488960	1073741824	28606484480	163049472
263	1489682432	536870912	11287044096	2095816704	1073741824	29547098112	1522118656	536870912	21240967168	2113048576	1073741824	28997677056	220581888
264	1474195456	536870912	11629780992	2078265344	1073741824	30049300480	1495322624	536870912	21659873280	2051026944	1073741824	29581926400	181841920
265	1460813824	536870912	11629780992	2060378112	1073741824	30049300480	1498398720	536870912	21659873280	2032001024	1073741824	29838839808	190083072
266	1462788096	536870912	11629780992	2042466304	1073741824	30577688576	1510797312	536870912	21659873280	2042888192	1073741824	29838839808	181719040
267	1470255104	536870912	11629780992	2042322944	1073741824	30822395904	1489039360	536870912	22166183936	2032377856	1073741824	29953835008	202592256
268	1478426624	536870912	11629780992	2050863104	1073741824	30822395904	1501032448	536870912	22166183936	2036822016	1073741824	30096822272	167526400
269	1493344256	536870912	11629780992	2016292864	1073741824	31327817728	1508200448	536870912	22413291520	2011693056	1073741824	30360158208	204722176
270	1499688960	536870912	11629780992	2026524672	1073741824	31327817728	1513181184	536870912	22701322240	2028535808	1073741824	30360158208	162140160
271	1494093824	536870912	11873374208	2025054208	1073741824	31567065088	1482805248	536870912	23235481600	2037710848	1073741824	30360158208	188248064
272	1505869824	536870912	11873374208	2030784512	1073741824	31567065088	1494364160	536870912	23476097024	2015571968	1073741824	30625099776	178585600
273	1495064576	536870912	12129640448	2036715520	1073741824	31567065088	1508536320	536870912	23476097024	2008117248	1073741824	30863917056	183083008
274	1506246656	536870912	12129640448	2014728192	1073741824	31835217920	1496719360	536870912	24000380928	2019065856	1073741824	30863917056	191864832
275	1499500544	536870912	12250832896	2012979200	1073741824	32079343616	1509543936	536870912	24000380928	2032390144	1073741824	30863917056	168153088
276	1492811776	536870912	12384350208	2018811904	1073741824	32079343616	1494188032	536870912	24268746752	2035949568	1073741824	31104323584	179994624
277	1479581696	536870912	12870746112	2034442240	1073741824	32079343616	1487437824	536870912	24510709760	2022440960	1073741824	31362420736	194609152
278	1480192000	536870912	12870746112	2046644224	1073741824	32079343616	1499127808	536870912	24510709760	2034466816	1073741824	31362420736	169402368
279	1483337728	536870912	12870746112	2047680512	1073741824	32079343616	1511583744	536870912	24510709760	2040705024	1073741824	31362420736	172584960
280	1487294464	536870912	12870746112	2057797632	1073741824	32079343616	1520439296	536870912	24510709760	2050080768	1073741824	31362420736	168456192
281	1482911744	536870912	12870746112	2065215488	1073741824	32079343616	1528512512	536870912	24510709760	2059583488	1073741824	31362420736	174325760
282	1478860800	536870912	12870746112	2074218496	1073741824	32079343616	1537961984	536870912	24510709760	2070147072	1073741824	31362420736	174587904
283	1475219456	536870912	12870746112	2081087488	1073741824	32079343616	1547821056	536870912	24510709760	2080899072	1073741824	31362420736	175857664
284	1478156288	536870912	12870746112	2080997376	1073741824	32079343616	1550528512	536870912	24510709760	2085027840	1073741824	31362420736	176898048
285	1478082560	536870912	12870746112	2080788480	1073741824	32079343616	1550401536	536870912	24510709760	2084921344	1073741824	31362420736	176136192
286	1478082560	536870912	12870746112	2080788480	1073741824	32079343616	1550401536	536870912	24510709760	2085183488	1073741824	31362420736	174624768
287	1478082560	536870912	12870746112	2080788480	1073741824	32079343616	1550401536	536870912	24510709760	2085183488	1073741824	31362420736	173301760
288	1478082560	536870912	12870746112	2080788480	1073741824	32079343616	1550401536	536870912	24510709760	2085183488	1073741824	31362420736	173608960
289	1478238208	536870912	12870746112	2080804864	1073741824	32079343616	1550442496	536870912	24510709760	2085093376	1073741824	31362420736	174329856
290	1478512640	536870912	12870746112	2082955264	1073741824	32079343616	1551020032	536870912	24510709760	2085851136	1073741824	31362420736	170835968
291	1478664192	536870912	12870746112	2084155392	1073741824	32079343616	1551327232	536870912	24510709760	2086133760	1073741824	31362420736	169000960
292	1474396160	536870912	12870746112	2080514048	1073741824	32079343616	1550815232	536870912	24510709760	2086830080	1073741824	31362420736	187879424
293	1486487552	536870912	12870746112	2045444096	1073741824	32702808064	1506930688	536870912	25035997184	2010001408	1073741824	32124399616	149233664
294	1426792448	536870912	13771157504	1972776960	1073741824	33697386496	1430822912	536870912	25941004288	1976250368	1073741824	32528482304	198467584
295	1378451456	536870912	14519074816	1921024000	1073741824	34502332416	1407311872	536870912	26279333888	1947066368	1073741824	32773509120	213377024
296	1390497792	536870912	14519074816	1922134016	1073741824	34502332416	1411833856	536870912	26279333888	1947533312	1073741824	32773509120	191832064
297	1391456256	536870912	14519074816	1926885376	1073741824	34502332416	1416871936	536870912	26279333888	1950687232	1073741824	32773509120	175681536
298	1392766976	536870912	14519074816	1926983680	1073741824	34502332416	1417166848	536870912	26279333888	1950687232	1073741824	32773509120	173625344
299	1393418240	536870912	14519074816	1927401472	1073741824	34502332416	1420951552	536870912	26279333888	1951174656	1073741824	32773509120	167223296
300	1396244480	536870912	14519074816	1927348224	1073741824	34502332416	1423474688	536870912	26279333888	1953058816	1073741824	32773509120	159907840
301	1391038464	536870912	14519074816	1920835584	1073741824	34502332416	1421799424	536870912	26279333888	1951617024	1073741824	32773509120	187219968
302	1391005696	536870912	14519074816	1925681152	1073741824	34502332416	1424297984	536870912	26279333888	1952268288	1073741824	32773509120	181260288
303	1394401280	536870912	14519074816	1931743232	1073741824	34502332416	1430675456	536870912	26279333888	1955311616	1073741824	32773509120	162209792
304	1386909696	536870912	14519074816	1932656640	1073741824	34502332416	1443078144	536870912	26279333888	1966764032	1073741824	32773509120	169111552
305	1378721792	536870912	14519074816	1933438976	1073741824	34502332416	1454133248	536870912	26279333888	1976184832	1073741824	32773509120	180817920
306	1376112640	536870912	14519074816	1939570688	1073741824	34502332416	1465507840	536870912	26279333888	1986932736	1073741824	32773509120	164466688
307	1373827072	536870912	14519074816	1946742784	1073741824	34502332416	1441239040	536870912	26826878976	1993900032	1073741824	32778297344	186683392
308	1376550912	536870912	14519074816	1967546368	1073741824	34502332416	1452924928	536870912	26826878976	1975676928	1073741824	33007202304	165543936
309	1379237888	536870912	14519074816	1982124032	1073741824	34502332416	1444085760	536870912	27302686720	1958277120	1073741824	33239195648	172908544
310	1382113280	536870912	14519074816	2007339008	1073741824	34502332416	965582848	536870912	27302686720	1972924416	1073741824	33239195648	628752384
311	1384685568	536870912	14519074816	2025603072	1073741824	34502332416	970928128	536870912	27302686720	1988558848	1073741824	33239195648	582963200
312	1387782144	536870912	14519074816	2036928512	1073741824	34502332416	976302080	536870912	27302686720	2003300352	1073741824	33239195648	542855168
313	1390645248	536870912	14519074816	2050809856	1073741824	34502332416	980926464	536870912	27302686720	2017480704	1073741824	33239195648	503046144
314	1393516544	536870912	14519074816	2066153472	1073741824	34502332416	987348992	536870912	27302686720	2033561600	1073741824	33239195648	457043968
315	1396080640	536870912	14519074816	2091352064	1073741824	34502332416	992329728	536870912	27302686720	2047434752	1073741824	33239195648	405549056
316	1398747136	536870912	14519074816	2107449344	1073741824	34502332416	997163008	536870912	27302686720	2061365248	1073741824	33239195648	362528768
317	1401495552	536870912	14519074816	2120417280	1073741824	34502332416	1001578496	536870912	27302686720	2075045888	1073741824	33239195648	323469312
318	1404600320	536870912	14519074816	2139607040	1073741824	34502332416	1005510656	536870912	27302686720	2088509440	1073741824	33239195648	279871488
319	1407283200	536870912	14519074816	2153349120	1073741824	34502332416	1009971200	536870912	27302686720	2102075392	1073741824	33239195648	241119232
320	1409961984	536870912	14519074816	2164793344	1073741824	34502332416	1014796288	536870912	27302686720	2116227072	1073741824	33239195648	203264000
321	1436598272	536870912	14519074816	2165448704	1073741824	34502332416	1016209408	536870912	27302686720	2116886528	1073741824	33239195648	172716032
322	1448857600	536870912	14519074816	2157596672	1073741824	34502332416	1014484992	536870912	27302686720	2115260416	1073741824	33239195648	176791552
323	1453481984	536870912	14519074816	2158051328	1073741824	34502332416	1016287232	536870912	27302686720	2116702208	1073741824	33239195648	168374272
324	1453424640	536870912	14519074816	2157875200	1073741824	34502332416	1016197120	536870912	27302686720	2116567040	1073741824	33239195648	173244416
325	1462841344	536870912	14519074816	2158145536	1073741824	34502332416	1017597952	536870912	27302686720	2117013504	1073741824	33239195648	161906688
326	1460785152	536870912	14757298176	2155810816	1073741824	34520047616	1017479168	536870912	27302686720	2117144576	1073741824	33239195648	163151872
327	1465503744	536870912	14757298176	2118287360	1073741824	34803675136	1018474496	536870912	27302686720	2116997120	1073741824	33239195648	198103040
328	1490477056	536870912	15190073344	2090643456	1073741824	35082489856	1018789888	536870912	27302686720	2119016448	1073741824	33239195648	144683008
329	1413173248	536870912	16441913344	1988382720	1073741824	36367990784	1020751872	536870912	27302686720	2000019456	1073741824	34364469248	153628672
330	1333288960	536870912	17373593600	1856528384	1073741824	37475311616	1020731392	536870912	27302686720	1855381504	1073741824	35564134400	227377152
331	1259577344	536870912	18339024896	1833844736	1073741824	37924270080	1019068416	536870912	27302686720	1830359040	1073741824	35741851648	147693568
332	1215201280	536870912	18848944128	1752100864	1073741824	38360100864	1019248640	536870912	27302686720	1766039552	1073741824	35999461376	180170752
333	1213566976	536870912	18900799488	1751134208	1073741824	38360100864	1014489088	536870912	27428388864	1718063104	1073741824	36363087872	199966720
334	1219665920	536870912	18900799488	1751531520	1073741824	38360100864	1015406592	536870912	27428388864	1718681600	1073741824	36363087872	190496768
335	1225158656	536870912	18900799488	1752530944	1073741824	38360100864	1015283712	536870912	27428388864	1719054336	1073741824	36363087872	183812096
336	1231282176	536870912	18900799488	1757667328	1073741824	38360100864	1016463360	536870912	27428388864	1724874752	1073741824	36363087872	163741696
337	1231364096	536870912	18900799488	1757720576	1073741824	38360100864	1016459264	536870912	27428388864	1724841984	1073741824	36363087872	162455552
338	1231745024	536870912	18900799488	1757720576	1073741824	38360100864	1016459264	536870912	27428388864	1724841984	1073741824	36363087872	161980416
339	1233612800	536870912	18900799488	1758355456	1073741824	38360100864	1017114624	536870912	27428388864	1725300736	1073741824	36363087872	158978048
340	1239031808	536870912	18900799488	1756012544	1073741824	38360100864	1018839040	536870912	27428388864	1727488000	1073741824	36363087872	165707776
341	1252007936	536870912	18900799488	1747214336	1073741824	38360100864	1019789312	536870912	27428388864	1736400896	1073741824	36363087872	175779840
342	1268973568	536870912	18900799488	1739526144	1073741824	38360100864	1022472192	536870912	27428388864	1743183872	1073741824	36363087872	181936128
343	1288232960	536870912	18900799488	1737404416	1073741824	38360100864	1025523712	536870912	27428388864	1751388160	1073741824	36363087872	163799040
344	1302777856	536870912	18900799488	1729581056	1073741824	38360100864	1026691072	536870912	27428388864	1759371264	1073741824	36363087872	170680320
345	1318412288	536870912	18900799488	1721417728	1073741824	38360100864	1028554752	536870912	27428388864	1765494784	1073741824	36363087872	178720768
346	1338155008	536870912	18900799488	1719726080	1073741824	38360100864	1031151616	536870912	27428388864	1774387200	1073741824	36363087872	159879168
347	1354715136	536870912	18900799488	1711984640	1073741824	38360100864	1032806400	536870912	27428388864	1781501952	1073741824	36363087872	166334464
348	1376055296	536870912	18900799488	1704517632	1073741824	38360100864	1035157504	536870912	27428388864	1788182528	1073741824	36363087872	166871040
349	1395527680	536870912	18900799488	1696870400	1073741824	38360100864	1036509184	536870912	27428388864	1796952064	1073741824	36363087872	166838272
350	1422856192	536870912	18900799488	1688621056	1073741824	38360100864	1037778944	536870912	27428388864	1803595776	1073741824	36363087872	163737600
351	1439711232	536870912	18900799488	1682558976	1073741824	38360100864	1039650816	536870912	27428388864	1812799488	1073741824	36363087872	164761600
352	1403949056	536870912	19832164352	1693818880	1073741824	38360100864	1043595264	536870912	27428388864	1819840512	1073741824	36363087872	173596672
353	1367212032	536870912	20715692032	1698721792	1073741824	38360100864	1047748608	536870912	27428388864	1825923072	1073741824	36363087872	192122880
354	1358757888	536870912	21160755200	1715798016	1073741824	38360100864	1052028928	536870912	27428388864	1835446272	1073741824	36363087872	157360128
355	1323778048	536870912	21997887488	1719291904	1073741824	38360100864	1054932992	536870912	27428388864	1842585600	1073741824	36363087872	178458624
356	1263652864	536870912	22846050304	1688395776	1073741824	38685499392	1035218944	536870912	27568852992	1790709760	1073741824	36780781568	154210304
357	1200676864	536870912	23602208768	1652678656	1073741824	39167049728	1015746560	536870912	27711627264	1760325632	1073741824	36987277312	141406208
358	1142620160	536870912	23968497664	1632403456	1073741824	39320080384	1009250304	536870912	27836297216	1672183808	1073741824	37523193856	184098816
359	1024798720	536870912	24872759296	1568276480	1073741824	39687360512	992161792	536870912	28079292416	1564545024	1073741824	38273867776	169771008
360	1024892928	536870912	24872759296	1567666176	1073741824	39728451584	992112640	536870912	28079292416	1563451392	1073741824	38273867776	171220992
361	974876672	536870912	25339248640	1537998848	1073741824	39909433344	980922368	536870912	28200681472	1536086016	1073741824	38425296896	228581376
362	956485632	536870912	25476374528	1495846912	1073741824	40175579136	969678848	536870912	28313317376	1472483328	1073741824	38794964992	185819136
363	975192064	536870912	25476374528	1496256512	1073741824	40175579136	971706368	536870912	28313317376	1476055040	1073741824	38794964992	157999104
364	986595328	536870912	25592033280	1496182784	1073741824	40177496064	974241792	536870912	28313317376	1484570624	1073741824	38794964992	156925952
365	974172160	536870912	25821790208	1496608768	1073741824	40277663744	977076224	536870912	28313317376	1494151168	1073741824	38794964992	164823040
366	963686400	536870912	26061217792	1499963392	1073741824	40277663744	977600512	536870912	28313317376	1500971008	1073741824	38794964992	183672832
367	976150528	536870912	26178232320	1501450240	1073741824	40277663744	978718720	536870912	28424642560	1504874496	1073741824	38794964992	172908544
368	987516928	536870912	26178232320	1498906624	1073741824	40277663744	979382272	536870912	28424642560	1509662720	1073741824	38794964992	165691392
369	987455488	536870912	26178232320	1498832896	1073741824	40277663744	979296256	536870912	28424642560	1509593088	1073741824	38794964992	165482496
370	987602944	536870912	26178232320	1498984448	1073741824	40277663744	979435520	536870912	28424642560	1509740544	1073741824	38794964992	161914880
371	986660864	536870912	26178232320	1497653248	1073741824	40277663744	987639808	536870912	28424642560	1509412864	1073741824	38794964992	158564352
372	986660864	536870912	26178232320	1497653248	1073741824	40277663744	987639808	536870912	28424642560	1509412864	1073741824	38794964992	158359552
373	983867392	536870912	26178232320	1493762048	1073741824	40277663744	986816512	536870912	28424642560	1508749312	1073741824	38794964992	176533504
374	984117248	536870912	26178232320	1493925888	1073741824	40277663744	987090944	536870912	28424642560	1508880384	1073741824	38794964992	176697344
375	997502976	536870912	26300444672	1501069312	1073741824	40277663744	969744384	536870912	29034369024	1511313408	1073741824	38794964992	169439232
376	1006436352	536870912	26300444672	1498488832	1073741824	40277663744	977195008	536870912	29034369024	1512591360	1073741824	38794964992	163008512
377	983535616	536870912	26429624320	1497104384	1073741824	40277663744	1009610752	536870912	29147336704	1520533504	1073741824	38794964992	155004928
378	984129536	536870912	26429624320	1496023040	1073741824	40277663744	1010712576	536870912	29408972800	1531334656	1073741824	38794964992	162394112
379	1003008000	536870912	26429624320	1496551424	1073741824	40277663744	976527360	536870912	29915877376	1541120000	1073741824	38794964992	174993408
380	982949888	536870912	26810396672	1512935424	1073741824	40277663744	992854016	536870912	30044274688	1514258432	1073741824	39150100480	183885824
381	991277056	536870912	26926161920	1519161344	1073741824	40277663744	994459648	536870912	30341697536	1525841920	1073741824	39150100480	161234944
382	988901376	536870912	27050651648	1518985216	1073741824	40277663744	996253696	536870912	30464987136	1508151296	1073741824	39387627520	185745408
383	992317440	536870912	27050651648	1525379072	1073741824	40277663744	1012305920	536870912	30588325888	1520934912	1073741824	39387627520	155770880
384	996937728	536870912	27168407552	1526452224	1073741824	40277663744	994816000	536870912	31027863552	1529065472	1073741824	39387627520	161112064
385	1006194688	536870912	27168407552	1523601408	1073741824	40277663744	996622336	536870912	31028076544	1529434112	1073741824	39387627520	154116096
386	1014181888	536870912	27168407552	1524047872	1073741824	40277663744	996536320	536870912	31028076544	1529376768	1073741824	39387627520	141422592
387	976797696	536870912	27557036032	1519755264	1073741824	40277663744	998666240	536870912	31176908800	1525207040	1073741824	39503953920	192114688
388	987820032	536870912	27680284672	1519529984	1073741824	40277663744	998395904	536870912	31176908800	1525067776	1073741824	39503953920	178311168
389	995180544	536870912	27680284672	1522753536	1073741824	40277663744	994414592	536870912	31309922304	1530351616	1073741824	39503953920	173580288
390	979615744	536870912	27893678080	1497899008	1073741824	40398495744	988659712	536870912	31448985600	1517215744	1073741824	39537459200	207962112
391	920752128	536870912	28595060736	1457680384	1073741824	40815050752	940863488	536870912	31869173760	1473384448	1073741824	39762055168	154689536
392	871632896	536870912	28975144960	1383526400	1073741824	41255415808	870473728	536870912	32356679680	1382981632	1073741824	40265789440	196411392
393	806985728	536870912	29613076480	1333432320	1073741824	41452605440	779309056	536870912	32915070976	1324498944	1073741824	40520019968	175132672
394	754589696	536870912	29911740416	1289879552	1073741824	41666539520	755638272	536870912	33054556160	1296818176	1073741824	40652914688	167833600
395	760217600	536870912	29969506304	1289117696	1073741824	41666539520	768471040	536870912	33061933056	1291399168	1073741824	40719544320	161525760
396	770990080	536870912	30034124800	1286721536	1073741824	41666539520	756973568	536870912	33260351488	1292201984	1073741824	40719544320	172949504
397	757358592	536870912	30237794304	1284620288	1073741824	41666539520	766795776	536870912	33426354176	1300746240	1073741824	40719544320	176132096
398	761630720	536870912	30424674304	1297657856	1073741824	41666539520	769101824	536870912	33603928064	1308033024	1073741824	40780042240	154841088
399	774230016	536870912	30486536192	1297907712	1073741824	41666539520	763617280	536870912	33793843200	1297145856	1073741824	40902017024	167403520
400	764440576	536870912	30790979584	1306628096	1073741824	41737027584	767754240	536870912	33921904640	1291997184	1073741824	40957689856	162639872
401	762433536	536870912	30971158528	1294639104	1073741824	41870348288	766099456	536870912	34181050368	1297584128	1073741824	40971669504	167415808
402	792391680	536870912	30995554304	1293475840	1073741824	41870348288	772190208	536870912	34310782976	1289547776	1073741824	41034584064	154464256
403	777207808	536870912	31133212672	1293303808	1073741824	41870348288	777142272	536870912	34450948096	1299136512	1073741824	41034584064	175939584
404	770920448	536870912	31386419200	1303007232	1073741824	41870348288	768430080	536870912	34710196224	1305722880	1073741824	41050071040	171241472
405	772329472	536870912	31386419200	1304371200	1073741824	41870348288	772468736	536870912	34710196224	1300111360	1073741824	41094930432	167866368
406	775745536	536870912	31452401664	1299849216	1073741824	41870348288	774897664	536870912	34769903616	1299623936	1073741824	41094930432	176463872
407	775745536	536870912	31452401664	1299849216	1073741824	41870348288	779104256	536870912	34769903616	1299623936	1073741824	41094930432	170037248
408	775745536	536870912	31452401664	1299988480	1073741824	41870348288	785989632	536870912	34769903616	1300017152	1073741824	41094930432	164098048
409	775745536	536870912	31452401664	1299988480	1073741824	41870348288	785989632	536870912	34769903616	1302843392	1073741824	41094930432	158064640
410	775745536	536870912	31452401664	1300115456	1073741824	41870348288	786513920	536870912	34769903616	1302843392	1073741824	41094930432	160657408
411	763916288	536870912	31514476544	1301594112	1073741824	41870348288	781889536	536870912	34921947136	1305952256	1073741824	41094930432	170586112
412	760909824	536870912	31514476544	1300815872	1073741824	41870348288	779907072	536870912	35051855872	1310990336	1073741824	41094930432	180588544
413	760926208	536870912	31514476544	1321189376	1073741824	41870348288	793145344	536870912	35051855872	1319100416	1073741824	41094930432	163524608
414	757985280	536870912	31514476544	1322569728	1073741824	41953714176	781017088	536870912	35319144448	1327030272	1073741824	41094930432	180088832
415	757547008	536870912	31514476544	1327718400	1073741824	42022916096	792432640	536870912	35368280064	1317380096	1073741824	41165840384	171470848
416	754798592	536870912	31514476544	1329954816	1073741824	42022916096	787656704	536870912	35413991424	1320824832	1073741824	41165840384	178794496
417	754712576	536870912	31514476544	1329803264	1073741824	42022916096	792338432	536870912	35455602688	1321771008	1073741824	41165840384	172642304
418	754712576	536870912	31514476544	1329803264	1073741824	42022916096	792338432	536870912	35455602688	1321648128	1073741824	41165840384	173420544
419	754712576	536870912	31514476544	1330941952	1073741824	42022916096	797405184	536870912	35455602688	1323028480	1073741824	41165840384	165371904
420	754450432	536870912	31514476544	1317588992	1073741824	42091667456	789549056	536870912	35610828800	1322967040	1073741824	41165840384	175570944
421	754569216	536870912	31514476544	1322278912	1073741824	42091667456	790204416	536870912	35610828800	1323388928	1073741824	41165840384	169275392
422	748916736	536870912	31514476544	1331286016	1073741824	42091667456	801345536	536870912	35610828800	1328308224	1073741824	41165840384	252637184
423	748920832	536870912	31514476544	1347543040	1073741824	42091667456	810127360	536870912	35610828800	1333772288	1073741824	41165840384	1557626880
424	748920832	536870912	31514476544	1365065728	1073741824	42091667456	818872320	536870912	35610828800	1339334656	1073741824	41165840384	2913173504
425	748920832	536870912	31514476544	1382629376	1073741824	42091667456	827785216	536870912	35610828800	1345327104	1073741824	41165840384	4335616000
426	748920832	536870912	31514476544	1399119872	1073741824	42091667456	836698112	536870912	35610828800	1351847936	1073741824	41165840384	5747384320
427	748920832	536870912	31514476544	1417437184	1073741824	42091667456	846893056	536870912	35610828800	1358770176	1073741824	41165840384	6991626240
428	748920832	536870912	31514476544	1435668480	1073741824	42091667456	856719360	536870912	35610828800	1366339584	1073741824	41165840384	8435195904
429	748920832	536870912	31514476544	1459261440	1073741824	42091667456	870625280	536870912	35610828800	1377079296	1073741824	41165840384	8703029248
430	748920832	536870912	31514476544	1483636736	1073741824	42091667456	885567488	536870912	35610828800	1388294144	1073741824	41165840384	8643895296
431	748920832	536870912	31514476544	1505402880	1073741824	42091667456	900055040	536870912	35610828800	1398411264	1073741824	41165840384	8597729280
432	749039616	536870912	31514476544	1526558720	1073741824	42091667456	913444864	536870912	35610828800	1408274432	1073741824	41165840384	8547356672
433	748929024	536870912	31514476544	1551814656	1073741824	42091667456	928051200	536870912	35610828800	1419063296	1073741824	41165840384	8491204608
434	748929024	536870912	31514476544	1572360192	1073741824	42091667456	940789760	536870912	35610828800	1428369408	1073741824	41165840384	8444542976
435	748929024	536870912	31514476544	1593618432	1073741824	42091667456	953765888	536870912	35610828800	1437057024	1073741824	41165840384	8397127680
436	748929024	536870912	31514476544	1615421440	1073741824	42091667456	967397376	536870912	35610828800	1446064128	1073741824	41165840384	8348737536
437	762769408	536870912	31514476544	1642749952	1073741824	42091667456	982990848	536870912	35610828800	1456881664	1073741824	41165840384	8277438464
438	792436736	536870912	31514476544	1675124736	1073741824	42091667456	999505920	536870912	35610828800	1467760640	1073741824	41165840384	8181526528
439	822587392	536870912	31514476544	1703899136	1073741824	42091667456	1015468032	536870912	35610828800	1478926336	1073741824	41165840384	8088748032
440	851963904	536870912	31514476544	1732800512	1073741824	42091667456	1031987200	536870912	35610828800	1490067456	1073741824	41165840384	7995346944
441	869134336	536870912	31514476544	1736486912	1073741824	42091667456	1037434880	536870912	35610828800	1492115456	1073741824	41165840384	7963975680
442	890032128	536870912	31514476544	1736458240	1073741824	42091667456	1037434880	536870912	35610828800	1492115456	1073741824	41165840384	7941468160
443	890036224	536870912	31514476544	1736458240	1073741824	42091667456	1038774272	536870912	35610828800	1492115456	1073741824	41165840384	7940153344
444	890036224	536870912	31514476544	1736462336	1073741824	42091667456	1039368192	536870912	35610828800	1493032960	1073741824	41165840384	7937564672
445	896372736	536870912	31514476544	1736470528	1073741824	42091667456	1039368192	536870912	35610828800	1493012480	1073741824	41165840384	7930900480
446	896372736	536870912	31514476544	1736470528	1073741824	42091667456	1041465344	536870912	35610828800	1493012480	1073741824	41165840384	7928639488
447	896372736	536870912	31514476544	1736589312	1073741824	42091667456	1041367040	536870912	35610828800	1493344256	1073741824	41165840384	7929294848
448	896372736	536870912	31514476544	1736470528	1073741824	42091667456	1041367040	536870912	35610828800	1493676032	1073741824	41165840384	7928836096
449	921661440	536870912	31514476544	1736470528	1073741824	42091667456	1041367040	536870912	35610828800	1493676032	1073741824	41165840384	7902867456
450	945840128	536870912	31514476544	1695666176	1073741824	42091667456	891043840	536870912	35610828800	1496420352	1073741824	41165840384	8066048000
451	972115968	536870912	31514476544	1695666176	1073741824	42091667456	801292288	536870912	35610828800	1506910208	1073741824	41165840384	8112128000
452	1002242048	536870912	31514476544	1695666176	1073741824	42091667456	816558080	536870912	35610828800	1518444544	1073741824	41165840384	8043855872
453	1032339456	536870912	31514476544	1695666176	1073741824	42091667456	831995904	536870912	35610828800	1529114624	1073741824	41165840384	7976394752
454	1060610048	536870912	31514476544	1695682560	1073741824	42091667456	846413824	536870912	35610828800	1538076672	1073741824	41165840384	7916716032
455	1090322432	536870912	31514476544	1695682560	1073741824	42091667456	862011392	536870912	35610828800	1548812288	1073741824	41165840384	7847759872
456	1123090432	536870912	31514476544	1695682560	1073741824	42091667456	879706112	536870912	35610828800	1558249472	1073741824	41165840384	7777148928
457	1155334144	536870912	31514476544	1695682560	1073741824	42091667456	897531904	536870912	35610828800	1569521664	1073741824	41165840384	7706783744
458	1187409920	536870912	31514476544	1695682560	1073741824	42091667456	917323776	536870912	35610828800	1580412928	1073741824	41165840384	7635206144
459	1220571136	536870912	31514476544	1695682560	1073741824	42091667456	938033152	536870912	35610828800	1590239232	1073741824	41165840384	7564513280
460	1252814848	536870912	31514476544	1695682560	1073741824	42091667456	273846272	536870912	35610828800	1600331776	1073741824	41165840384	8273674240
461	1284927488	536870912	31514476544	1695682560	1073741824	42091667456	0	536870912	35610828800	777125888	1073741824	41165840384	9325084672
462	1291350016	536870912	31514476544	1695682560	1073741824	42091667456	0	536870912	35610828800	782069760	1073741824	41165840384	9312854016
463	1291382784	536870912	31514476544	1695682560	1073741824	42091667456	0	536870912	35610828800	782069760	1073741824	41165840384	9312251904
464	1291378688	536870912	31514476544	1695682560	1073741824	42091667456	0	536870912	35610828800	782331904	1073741824	41165840384	9311580160
465	1291378688	536870912	31514476544	1695682560	1073741824	42091667456	0	536870912	35610828800	782356480	1073741824	41165840384	9311313920
466	1291378688	536870912	31514476544	1695682560	1073741824	42091667456	0	536870912	35610828800	782356480	1073741824	41165840384	9310580736
467	1291378688	536870912	31514476544	1695801344	1073741824	42091667456	0	536870912	35610828800	782356480	1073741824	41165840384	9311289344
468	1291378688	536870912	31514476544	1695682560	1073741824	42091667456	0	536870912	35610828800	783405056	1073741824	41165840384	9310769152
469	1291407360	536870912	31514476544	1695682560	1073741824	42091667456	0	536870912	35610828800	791007232	1073741824	41165840384	9300013056
470	1291407360	536870912	31514476544	1695682560	1073741824	42091667456	0	536870912	35610828800	800460800	1073741824	41165840384	9290493952
