1	1436426240	536870912	0	2827857920	1073741824	0	1772032000	536870912	0	3011338240	1073741824	0	2415181824
2	1436426240	536870912	0	2827857920	1073741824	0	1772032000	536870912	0	3011338240	1073741824	0	2415501312
3	1436426240	536870912	0	2827857920	1073741824	0	1772032000	536870912	0	3011338240	1073741824	0	2416529408
4	1436545024	536870912	0	2827976704	1073741824	0	1772032000	536870912	0	3011338240	1073741824	0	2415992832
5	1436524544	536870912	0	2827976704	1073741824	0	1772048384	536870912	0	3013459968	1073741824	0	2412941312
6	1436426240	536870912	0	2827984896	1073741824	0	1772048384	536870912	0	3013722112	1073741824	0	2412466176
7	1436545024	536870912	0	2827976704	1073741824	0	1772048384	536870912	0	3013623808	1073741824	0	2412449792
8	1436545024	536870912	0	2828107776	1073741824	0	1772048384	536870912	0	3013640192	1073741824	0	2413379584
9	1436778496	536870912	0	2828333056	1073741824	0	1772048384	536870912	0	3013648384	1073741824	0	2412335104
10	1436921856	536870912	0	2848755712	1073741824	0	1772048384	536870912	0	3013533696	1073741824	0	2395488256
11	1491304448	536870912	0	2852765696	1073741824	0	1772048384	536870912	0	3013533696	1073741824	0	2337615872
12	1500213248	536870912	0	2853158912	1073741824	0	1772048384	536870912	0	3013533696	1073741824	0	2326933504
13	1500237824	536870912	0	2853642240	1073741824	0	1772048384	536870912	0	3013537792	1073741824	0	2324803584
14	1500364800	536870912	0	2853851136	1073741824	0	2147348480	536870912	0	3013537792	1073741824	0	1945174016
15	1507368960	536870912	0	2853965824	1073741824	0	2147405824	536870912	0	3013537792	1073741824	0	1936023552
16	1517318144	536870912	0	2854408192	1073741824	0	2147475456	536870912	0	3013537792	1073741824	0	1929420800
17	1517776896	536870912	0	2854699008	1073741824	0	2147332096	536870912	0	3013537792	1073741824	0	1924268032
18	1518120960	536870912	0	2854985728	1073741824	0	2147364864	536870912	0	3013537792	1073741824	0	1926168576
19	1518628864	536870912	0	2855510016	1073741824	0	2147459072	536870912	0	3013537792	1073741824	0	1925365760
20	1519210496	536870912	0	2855940096	1073741824	0	2147463168	536870912	0	3013537792	1073741824	0	1925308416
21	1519616000	536870912	0	2856206336	1073741824	0	2147336192	536870912	0	3013537792	1073741824	0	1923751936
22	1520037888	536870912	0	2856693760	1073741824	0	2147364864	536870912	0	3013537792	1073741824	0	1920659456
23	1520418816	536870912	0	2857082880	1073741824	0	2147409920	536870912	0	3013537792	1073741824	0	1923260416
24	1520967680	536870912	0	2857652224	1073741824	0	2147454976	536870912	0	3013537792	1073741824	0	1920892928
25	1521434624	536870912	0	2858000384	1073741824	0	2147389440	536870912	0	3013537792	1073741824	0	1920073728
26	1522016256	536870912	0	2858602496	1073741824	0	2147393536	536870912	0	3013537792	1073741824	0	1920786432
27	1522319360	536870912	0	2859114496	1073741824	0	2147393536	536870912	0	3013537792	1073741824	0	1917751296
28	1522659328	536870912	0	2859458560	1073741824	0	2147475456	536870912	0	3013537792	1073741824	0	1915015168
29	1523163136	536870912	0	2859843584	1073741824	0	2147368960	536870912	0	3013537792	1073741824	0	1914540032
30	1523699712	536870912	0	2860310528	1073741824	0	2147409920	536870912	0	3013537792	1073741824	0	1907941376
31	1524137984	536870912	0	2860748800	1073741824	0	2147381248	536870912	0	3013537792	1073741824	0	1905393664
32	1524666368	536870912	0	2966462464	1073741824	0	2147479552	536870912	0	3013537792	1073741824	0	1800204288
33	1525239808	536870912	0	2998366208	1073741824	0	2147409920	536870912	0	3013537792	1073741824	0	1768136704
34	1525841920	536870912	0	2999005184	1073741824	0	2147463168	536870912	0	3013537792	1073741824	0	1764925440
35	1526456320	536870912	0	3022344192	1073741824	0	1760542720	536870912	0	3013537792	1073741824	0	2127425536
36	1526927360	536870912	0	3061657600	1073741824	0	1760542720	536870912	0	3013537792	1073741824	0	2088001536
37	1527549952	536870912	0	3062390784	1073741824	0	1760542720	536870912	0	3013537792	1073741824	0	2087608320
38	1528279040	536870912	0	3062743040	1073741824	0	1760542720	536870912	0	3013537792	1073741824	0	2084868096
39	1529110528	536870912	0	3063410688	1073741824	0	1760542720	536870912	0	3013537792	1073741824	0	2083315712
40	1530028032	536870912	0	3064217600	1073741824	0	1760542720	536870912	0	3015634944	1073741824	0	2076516352
41	1530871808	536870912	0	3065229312	1073741824	0	1760542720	536870912	0	3015634944	1073741824	0	2075926528
42	1531596800	536870912	0	3065925632	1073741824	0	1760542720	536870912	0	3015634944	1073741824	0	2071617536
43	1532350464	536870912	0	3066556416	1073741824	0	1760542720	536870912	0	3015634944	1073741824	0	2072125440
44	1533280256	536870912	0	3067404288	1073741824	0	1760542720	536870912	0	3015634944	1073741824	0	2071744512
45	1534251008	536870912	0	3068239872	1073741824	0	1760542720	536870912	0	3015634944	1073741824	0	2070196224
46	1535037440	536870912	0	3069079552	1073741824	0	1760542720	536870912	0	3015634944	1073741824	0	2068316160
47	1536413696	536870912	0	3070173184	1073741824	0	1760542720	536870912	0	3015634944	1073741824	0	2065817600
48	1537327104	536870912	0	3071340544	1073741824	0	1760542720	536870912	0	3015634944	1073741824	0	2062823424
49	1538248704	536870912	0	3072282624	1073741824	0	1760542720	536870912	0	3015634944	1073741824	0	2061803520
50	1539391488	536870912	0	3073216512	1073741824	0	1760542720	536870912	0	3015634944	1073741824	0	2058416128
51	1540472832	536870912	0	3074248704	1073741824	0	1760542720	536870912	0	3015634944	1073741824	0	2059239424
52	1541664768	536870912	0	3075584000	1073741824	0	1760542720	536870912	0	3015634944	1073741824	0	2055057408
53	1543319552	536870912	0	3076370432	1073741824	0	1760542720	536870912	0	3015634944	1073741824	0	2052485120
54	1544118272	536870912	0	3077332992	1073741824	0	1760542720	536870912	0	3015634944	1073741824	0	2051248128
55	1545453568	536870912	0	3078107136	1073741824	0	1760542720	536870912	0	3015634944	1073741824	0	2048339968
56	1546498048	536870912	0	3079118848	1073741824	0	1760542720	536870912	0	3015634944	1073741824	0	2045517824
57	1547816960	536870912	0	3080220672	1073741824	0	1760542720	536870912	0	3026399232	1073741824	0	2028113920
58	1549053952	536870912	0	3081555968	1073741824	0	1760542720	536870912	0	3649228800	1073741824	0	1403342848
59	1550405632	536870912	0	3082989568	1073741824	0	1760542720	536870912	0	4043505664	1073741824	0	1003347968
60	1551470592	536870912	0	3084271616	1073741824	0	1760542720	536870912	0	4225396736	1073741824	0	819654656
61	1552777216	536870912	0	3085553664	1073741824	0	1760542720	536870912	0	4294950912	1073741824	0	746733568
62	1554714624	536870912	0	3086557184	1073741824	0	1760542720	536870912	0	4294955008	1073741824	0	745033728
63	1566457856	536870912	0	3087880192	1073741824	0	1760542720	536870912	0	4294955008	1073741824	0	731607040
64	1587429376	536870912	0	3089309696	1073741824	0	1762639872	536870912	0	4294922240	1073741824	0	705085440
65	1588772864	536870912	0	3090739200	1073741824	0	1762639872	536870912	0	4294959104	1073741824	0	703279104
66	1589940224	536870912	0	3091832832	1073741824	0	1762639872	536870912	0	4294959104	1073741824	0	700444672
67	1597263872	536870912	0	3093094400	1073741824	0	1762639872	536870912	0	4294922240	1073741824	0	683786240
68	1606307840	536870912	0	3093983232	1073741824	0	1762639872	536870912	0	4294963200	1073741824	0	671494144
69	1617207296	536870912	0	3094994944	1073741824	0	1762639872	536870912	0	4294967296	1073741824	0	657948672
70	1626120192	536870912	0	3096350720	1073741824	0	1762639872	536870912	0	4294901760	1073741824	0	651448320
71	1632333824	536870912	0	3097337856	1073741824	0	1762639872	536870912	0	4294856704	1073741824	0	642334720
72	1644855296	536870912	0	3098587136	1073741824	0	1762639872	536870912	0	4294901760	1073741824	0	628187136
73	1654931456	536870912	0	3099742208	1073741824	0	1762639872	536870912	0	4294934528	1073741824	0	615567360
74	1662885888	536870912	0	3101036544	1073741824	0	1762639872	536870912	0	4294803456	1073741824	0	608346112
75	1672798208	536870912	0	3102011392	1073741824	0	1762639872	536870912	0	4294938624	1073741824	0	598298624
76	1689579520	536870912	0	3103318016	1073741824	0	1762639872	536870912	0	4294815744	1073741824	0	577925120
77	1778839552	536870912	0	3108233216	1073741824	0	1762639872	536870912	0	4294946816	1073741824	0	483831808
78	1859641344	536870912	0	3121741824	1073741824	0	1762639872	536870912	0	4294950912	1073741824	0	385286144
79	1957601280	536870912	0	3136364544	1073741824	0	1762639872	536870912	0	4294864896	1073741824	0	270843904
80	2005237760	536870912	0	3153195008	1073741824	0	1762639872	536870912	0	4294955008	1073741824	0	203968512
81	2006331392	536870912	0	3166535680	1073741824	0	1762639872	536870912	0	4294967296	1073741824	0	189063168
82	2007801856	536870912	0	3184033792	1073741824	0	1762639872	536870912	0	4294967296	1073741824	0	169439232
83	2009100288	536870912	0	3199705088	1073741824	0	1762639872	536870912	0	4294967296	1073741824	0	151703552
84	2010619904	536870912	0	3213287424	1073741824	0	1762639872	536870912	0	4294967296	1073741824	0	138350592
85	1990701056	536870912	29401088	3212435456	1073741824	917504	1761927168	536870912	0	4294811648	1073741824	0	185839616
86	1924628480	536870912	432783360	3191312384	1073741824	659931136	1746620416	536870912	43651072	4159635456	1073741824	396009472	902385664
87	1924747264	536870912	432783360	3190116352	1073741824	721608704	1735540736	536870912	86487040	4119252992	1073741824	498405376	955879424
88	1924411392	536870912	432783360	3179257856	1073741824	1098752000	1717161984	536870912	226807808	4041998336	1073741824	1700950016	1062944768
89	1924411392	536870912	432783360	3179257856	1073741824	1098752000	1717059584	536870912	226807808	4041998336	1073741824	1700950016	1061765120
90	1924771840	536870912	432783360	3179212800	1073741824	1098752000	1717063680	536870912	226807808	4024500224	1073741824	2036269056	1081458688
91	1926901760	536870912	432783360	3179212800	1073741824	1098752000	1717063680	536870912	226807808	4024500224	1073741824	2036269056	1078247424
92	1928790016	536870912	432783360	3179282432	1073741824	1098752000	1717075968	536870912	226807808	4024139776	1073741824	2071650304	1076174848
93	1931268096	536870912	432783360	3179282432	1073741824	1098752000	1717075968	536870912	226807808	4024139776	1073741824	2071650304	1074155520
94	1934712832	536870912	432783360	3179282432	1073741824	1098752000	1717125120	536870912	226807808	4024184832	1073741824	2071650304	1071009792
95	1938501632	536870912	432783360	3179282432	1073741824	1098752000	1717125120	536870912	226807808	4024184832	1073741824	2071650304	1066811392
96	1942159360	536870912	432783360	3179282432	1073741824	1098752000	1715888128	536870912	226807808	4024315904	1073741824	2071650304	1064087552
97	1945673728	536870912	432783360	3179413504	1073741824	1098752000	1714180096	536870912	255909888	4018294784	1073741824	2112974848	1066254336
98	1949376512	536870912	432783360	3179016192	1073741824	1098752000	1768525824	536870912	321421312	4015718400	1073741824	2112974848	1010671616
99	1952686080	536870912	432783360	3179020288	1073741824	1098752000	1768525824	536870912	321421312	4015218688	1073741824	2112974848	1007960064
100	1955229696	536870912	432783360	3179061248	1073741824	1098752000	1807712256	536870912	321421312	3991994368	1073741824	2227679232	986681344
101	1963073536	536870912	432783360	3179061248	1073741824	1098752000	1846681600	536870912	321421312	3985006592	1073741824	2270318592	946229248
102	1980911616	536870912	432783360	3179077632	1073741824	1098752000	1870209024	536870912	321421312	3973373952	1073741824	2368344064	916570112
103	1992085504	536870912	432783360	3179110400	1073741824	1098752000	1887666176	536870912	321421312	3966095360	1073741824	2400227328	893763584
104	1998737408	536870912	432783360	3179126784	1073741824	1098752000	1926782976	536870912	321421312	3957633024	1073741824	2446565376	855769088
105	2006843392	536870912	432783360	3179126784	1073741824	1098752000	1929547776	536870912	321421312	3929530368	1073741824	2794471424	870813696
106	2018816000	536870912	432783360	3179098112	1073741824	1098752000	1951563776	536870912	321421312	3882569728	1073741824	3739275264	888635392
107	2029170688	536870912	432783360	3179212800	1073741824	1098752000	1997926400	536870912	321421312	3834707968	1073741824	4588773376	877338624
108	2036056064	536870912	432783360	3179212800	1073741824	1098752000	1997864960	536870912	321421312	3834707968	1073741824	4588773376	871227392
109	2050142208	536870912	432783360	3179212800	1073741824	1098752000	2004709376	536870912	321421312	3832745984	1073741824	4656140288	850845696
110	2054529024	536870912	432783360	3179003904	1073741824	1098752000	2019512320	536870912	321421312	3778248704	1073741824	5488476160	886681600
111	2056241152	536870912	432783360	3189592064	1073741824	1098752000	2062954496	536870912	321421312	3776966656	1073741824	5590683648	833728512
112	2058055680	536870912	432783360	3189506048	1073741824	1098752000	2063233024	536870912	321421312	3777179648	1073741824	5590683648	830267392
113	2062827520	536870912	432783360	3191799808	1073741824	1098752000	2071851008	536870912	321421312	3778097152	1073741824	5590683648	813436928
114	2066440192	536870912	432783360	3208208384	1073741824	1098752000	2082156544	536870912	321421312	3779489792	1073741824	5590683648	782557184
115	2068062208	536870912	432783360	3208081408	1073741824	1098752000	2082156544	536870912	321421312	3779489792	1073741824	5590683648	780570624
116	2069331968	536870912	432783360	3211407360	1073741824	1098752000	2085691392	536870912	321421312	3779694592	1073741824	5590683648	772333568
117	2070880256	536870912	432783360	3215437824	1073741824	1098752000	2089287680	536870912	321421312	3781165056	1073741824	5590683648	761638912
118	2072268800	536870912	432783360	3231817728	1073741824	1098752000	2093215744	536870912	321421312	3782017024	1073741824	5590683648	737644544
119	2077179904	536870912	432783360	3253899264	1073741824	1098752000	2095845376	536870912	321421312	3782225920	1073741824	5590683648	709255168
120	2081677312	536870912	432783360	3282632704	1073741824	1098752000	2095816704	536870912	321421312	3782225920	1073741824	5590683648	673153024
121	2083164160	536870912	432783360	3287339008	1073741824	1098752000	2098212864	536870912	321421312	3782254592	1073741824	5590683648	664227840
122	2084495360	536870912	432783360	3311407104	1073741824	1098752000	2098778112	536870912	321421312	3782406144	1073741824	5590683648	635961344
123	2085519360	536870912	432783360	3338629120	1073741824	1098752000	2106933248	536870912	321421312	3783086080	1073741824	5590683648	600895488
124	2087079936	536870912	432783360	3362369536	1073741824	1098752000	2108235776	536870912	321421312	3783143424	1073741824	5590683648	572362752
125	2089254912	536870912	432783360	3367985152	1073741824	1098752000	2111082496	536870912	321421312	3783245824	1073741824	5590683648	560766976
126	2113331200	536870912	432783360	3387011072	1073741824	1098752000	2114154496	536870912	321421312	3783352320	1073741824	5590683648	515985408
127	2115178496	536870912	432783360	3387125760	1073741824	1098752000	2114318336	536870912	321421312	3783454720	1073741824	5590683648	512368640
128	2116632576	536870912	432783360	3461582848	1073741824	1098752000	2115252224	536870912	321421312	3783589888	1073741824	5590683648	432173056
129	2118324224	536870912	432783360	3461582848	1073741824	1098752000	2115252224	536870912	321421312	3783589888	1073741824	5590683648	431308800
130	2119266304	536870912	432783360	3505053696	1073741824	1098752000	2118053888	536870912	321421312	3783974912	1073741824	5590683648	382484480
131	2120982528	536870912	432783360	3507531776	1073741824	1098752000	2119270400	536870912	321421312	3783987200	1073741824	5590683648	377061376
132	2123169792	536870912	432783360	3536818176	1073741824	1098752000	2119557120	536870912	321421312	3784077312	1073741824	5590683648	342536192
133	2130173952	536870912	432783360	3537829888	1073741824	1098752000	2120699904	536870912	321421312	3784290304	1073741824	5590683648	335482880
134	2132725760	536870912	432783360	3537727488	1073741824	1098752000	2120654848	536870912	321421312	3784163328	1073741824	5590683648	332578816
135	2134302720	536870912	432783360	3538264064	1073741824	1098752000	2120806400	536870912	321421312	3784404992	1073741824	5590683648	330469376
136	2135715840	536870912	432783360	3539681280	1073741824	1098752000	2125561856	536870912	321421312	3785949184	1073741824	5590683648	306364416
137	2135764992	536870912	432783360	3462344704	1073741824	1256185856	2129981440	536870912	321421312	3489144832	1073741824	8975753216	282411008
138	2102452224	536870912	432783360	3327266816	1073741824	2397065216	2121252864	536870912	321421312	3396042752	1073741824	9647579136	181080064
139	2083655680	536870912	432783360	3277209600	1073741824	2965352448	2116935680	536870912	321421312	3198574592	1073741824	11460820992	158629888
140	2099666944	536870912	432783360	3111231488	1073741824	5205430272	2124128256	536870912	321421312	3032514560	1073741824	13597671424	236556288
141	2100973568	536870912	432783360	3002773504	1073741824	7264268288	2126536704	536870912	321421312	3002822656	1073741824	14113443840	149102592
142	2103005184	536870912	432783360	2818965504	1073741824	9712283648	2127593472	536870912	321421312	2811637760	1073741824	16048201728	192913408
143	2103656448	536870912	432783360	2617655296	1073741824	12492369920	2128646144	536870912	321421312	2617032704	1073741824	17841598464	159956992
144	2027024384	536870912	827105280	2607009792	1073741824	12726337536	2088751104	536870912	752709632	2600394752	1073741824	18231672832	245850112
145	2035015680	536870912	827105280	2608689152	1073741824	12726337536	2089115648	536870912	752709632	2600431616	1073741824	18231672832	236761088
146	2036776960	536870912	827105280	2608713728	1073741824	12726337536	2088914944	536870912	752709632	2600431616	1073741824	18231672832	234647552
147	2039242752	536870912	827105280	2610700288	1073741824	12726337536	2090192896	536870912	752709632	2600701952	1073741824	18231672832	229437440
148	2042003456	536870912	827105280	2617597952	1073741824	12726337536	2094698496	536870912	752709632	2603790336	1073741824	18231672832	209096704
149	2044411904	536870912	827105280	2623057920	1073741824	12726337536	2099257344	536870912	752709632	2606624768	1073741824	18231672832	191045632
150	2046197760	536870912	827105280	2628927488	1073741824	12726337536	2108137472	536870912	752709632	2610323456	1073741824	18231672832	170504192
151	2044600320	536870912	827105280	2628505600	1073741824	12726337536	2112860160	536870912	752709632	2612846592	1073741824	18231672832	174444544
152	2044600320	536870912	827105280	2628546560	1073741824	12726337536	2120814592	536870912	752709632	2613657600	1073741824	18231672832	175538176
153	2041995264	536870912	827105280	2623406080	1073741824	12726337536	2123849728	536870912	752709632	2614611968	1073741824	18231672832	196366336
154	2044911616	536870912	827105280	2627215360	1073741824	12726337536	2130587648	536870912	752709632	2618183680	1073741824	18231672832	179343360
155	2048065536	536870912	827105280	2631110656	1073741824	12726337536	2137112576	536870912	752709632	2623070208	1073741824	18231672832	162217984
156	2050740224	536870912	827105280	2633191424	1073741824	12726337536	2050818048	536870912	2390536192	2624094208	1073741824	18231672832	242499584
157	2054078464	536870912	827105280	2639753216	1073741824	12726337536	2056970240	536870912	2390536192	2627354624	1073741824	18231672832	223830016
158	2057027584	536870912	827105280	2648072192	1073741824	12726337536	2064797696	536870912	2390536192	2629812224	1073741824	18231672832	202006528
159	2058792960	536870912	827105280	2669867008	1073741824	12726337536	2073055232	536870912	2390536192	2633408512	1073741824	18231672832	165613568
160	2060001280	536870912	827105280	2612158464	1073741824	13938790400	2078797824	536870912	2390536192	2583814144	1073741824	18658000896	264876032
161	2062856192	536870912	827105280	2629263360	1073741824	13938790400	2085998592	536870912	2390536192	2586460160	1073741824	18658000896	233668608
162	2065801216	536870912	827105280	2647687168	1073741824	13938790400	2094481408	536870912	2390536192	2590052352	1073741824	18658000896	200216576
163	2068590592	536870912	827105280	2668290048	1073741824	13938790400	2102411264	536870912	2390536192	2593165312	1073741824	18658000896	164352000
164	2070687744	536870912	827105280	2604249088	1073741824	14740475904	2107367424	536870912	2390536192	2595147776	1073741824	18658000896	218886144
165	2078568448	536870912	827105280	2608111616	1073741824	14740475904	2107703296	536870912	2390536192	2595209216	1073741824	18658000896	207458304
166	2082951168	536870912	827105280	2617180160	1073741824	14740475904	2108538880	536870912	2390536192	2595655680	1073741824	18658000896	192630784
167	2085621760	536870912	827105280	2619494400	1073741824	14740475904	2108538880	536870912	2390536192	2595655680	1073741824	18658000896	185774080
168	2090598400	536870912	827105280	2619408384	1073741824	14740475904	2108588032	536870912	2390536192	2595807232	1073741824	18658000896	179933184
169	2095382528	536870912	827105280	2619797504	1073741824	14740475904	2108739584	536870912	2390536192	2595827712	1073741824	18658000896	175747072
170	2103398400	536870912	827105280	2619564032	1073741824	14740475904	2108739584	536870912	2390536192	2595786752	1073741824	18658000896	167632896
171	2107650048	536870912	827105280	2621353984	1073741824	14740475904	2109476864	536870912	2390536192	2595811328	1073741824	18658000896	161157120
172	2101780480	536870912	827105280	2620321792	1073741824	14740475904	2113060864	536870912	2390536192	2594979840	1073741824	18658000896	169078784
173	1986744320	536870912	1689501696	2625769472	1073741824	14740475904	2068676608	536870912	3184283648	2597191680	1073741824	18658000896	326311936
174	1989300224	536870912	1689501696	2630012928	1073741824	14740475904	2074783744	536870912	3184283648	2601033728	1073741824	18658000896	200679424
175	1973456896	536870912	2054537216	2533347328	1073741824	15944355840	1999278080	536870912	3997147136	2558369792	1073741824	19449331712	158474240
176	1882857472	536870912	2833907712	2477211648	1073741824	16695111680	1907064832	536870912	5126344704	2526863360	1073741824	20216967168	294866944
177	1888313344	536870912	2833907712	2479861760	1073741824	16695111680	1907064832	536870912	5126344704	2526863360	1073741824	20216967168	284921856
178	1894039552	536870912	2833907712	2484592640	1073741824	16695111680	1908019200	536870912	5126344704	2527141888	1073741824	20216967168	273489920
179	1899724800	536870912	2833907712	2488905728	1073741824	16695111680	1918312448	536870912	5126344704	2529566720	1073741824	20216967168	250867712
180	1902981120	536870912	2833907712	2503380992	1073741824	16695111680	1927806976	536870912	5126344704	2534203392	1073741824	20216967168	215764992
181	1926561792	536870912	2833907712	2518347776	1073741824	16695111680	1937674240	536870912	5126344704	2538487808	1073741824	20216967168	160313344
182	1988505600	536870912	2833907712	2476048384	1073741824	17091633152	1940963328	536870912	5126344704	2499325952	1073741824	20858474496	193617920
183	2042716160	536870912	2833907712	2468159488	1073741824	17091633152	1944047616	536870912	5126344704	2496589824	1073741824	20858474496	184991744
184	2076008448	536870912	2833907712	2469670912	1073741824	17091633152	1949392896	536870912	5126344704	2495991808	1073741824	20858474496	176140288
185	2078461952	536870912	2833907712	2469900288	1073741824	17091633152	1950199808	536870912	5126344704	2496217088	1073741824	20858474496	171053056
186	2079674368	536870912	2833907712	2475835392	1073741824	17091633152	1950224384	536870912	5126344704	2497142784	1073741824	20858474496	163733504
187	2072457216	536870912	2833907712	2479755264	1073741824	17091633152	1948762112	536870912	5126344704	2494603264	1073741824	20858474496	187101184
188	2074300416	536870912	2833907712	2495799296	1073741824	17091633152	1950117888	536870912	5126344704	2494971904	1073741824	20858474496	165548032
189	2071687168	536870912	2833907712	2512580608	1073741824	17091633152	1949237248	536870912	5126344704	2493616128	1073741824	20858474496	160157696
190	2062749696	536870912	2833907712	2504351744	1073741824	17091633152	1947893760	536870912	5126344704	2491252736	1073741824	20858474496	197152768
191	2062737408	536870912	2833907712	2504351744	1073741824	17091633152	1947836416	536870912	5126344704	2491125760	1073741824	20858474496	197095424
192	2062725120	536870912	2833907712	2504486912	1073741824	17091633152	1947836416	536870912	5126344704	2491125760	1073741824	20858474496	196423680
193	2062712832	536870912	2833907712	2504359936	1073741824	17091633152	1947840512	536870912	5126344704	2491387904	1073741824	20858474496	197222400
194	2063896576	536870912	2833907712	2506252288	1073741824	17091633152	1952239616	536870912	5126344704	2491772928	1073741824	20858474496	188481536
195	2064891904	536870912	2833907712	2505977856	1073741824	17091633152	1952239616	536870912	5126344704	2491772928	1073741824	20858474496	185790464
196	2065092608	536870912	2833907712	2506252288	1073741824	17091633152	1952292864	536870912	5126344704	2491777024	1073741824	20858474496	185856000
197	2065879040	536870912	2833907712	2506301440	1073741824	17091633152	1952673792	536870912	5126344704	2491932672	1073741824	20858474496	186077184
198	2067431424	536870912	2833907712	2507026432	1073741824	17091633152	1952829440	536870912	5126344704	2491822080	1073741824	20858474496	182226944
199	2069385216	536870912	2833907712	2507026432	1073741824	17091633152	1952829440	536870912	5126344704	2491822080	1073741824	20858474496	180432896
200	2070028288	536870912	2833907712	2507526144	1073741824	17091633152	1953337344	536870912	5126344704	2492252160	1073741824	20858474496	179175424
201	2069970944	536870912	2833907712	2508857344	1073741824	17091633152	1953800192	536870912	5126344704	2492444672	1073741824	20858474496	177139712
202	2071539712	536870912	2833907712	2514067456	1073741824	17091633152	1954177024	536870912	5126344704	2492559360	1073741824	20858474496	170590208
203	1956683776	536870912	3667795968	2519035904	1073741824	17091633152	1958035456	536870912	5126344704	2492534784	1073741824	20858474496	282574848
204	1761722368	536870912	3667795968	2538430464	1073741824	17091633152	1967632384	536870912	5126344704	2494427136	1073741824	20858474496	443207680
205	1762349056	536870912	3667795968	2520289280	1073741824	17516003328	1960144896	536870912	5177159680	2476552192	1073741824	20922015744	179220480
206	1762115584	536870912	3667795968	2429149184	1073741824	19334008832	1841553408	536870912	6575599616	2449231872	1073741824	21410619392	204754944
207	1764462592	536870912	3667795968	2457210880	1073741824	19334008832	1841397760	536870912	6575599616	2401746944	1073741824	21808627712	219893760
208	1767264256	536870912	3667795968	2463039488	1073741824	19334008832	1841397760	536870912	6575599616	2401751040	1073741824	21808627712	209731584
209	1769340928	536870912	3667795968	2478481408	1073741824	19334008832	1852633088	536870912	6575599616	2405842944	1073741824	21808627712	174759936
210	1770975232	536870912	3667795968	2447347712	1073741824	20050010112	1863831552	536870912	6575599616	2409545728	1073741824	21808627712	187404288
211	1777254400	536870912	3667795968	2430001152	1073741824	20776685568	1873649664	536870912	6575599616	2413891584	1073741824	21808627712	180854784
212	1787916288	536870912	3667795968	2412969984	1073741824	21485948928	1883942912	536870912	6575599616	2418180096	1073741824	21808627712	169672704
213	1804050432	536870912	3667795968	2438000640	1073741824	21829021696	1844424704	536870912	7261667328	2377883648	1073741824	22164144128	204726272
214	1809797120	536870912	3667795968	2452242432	1073741824	21829021696	1854177280	536870912	7261667328	2377342976	1073741824	22164144128	189083648
215	1806217216	536870912	3667795968	2477641728	1073741824	21829021696	1866272768	536870912	7261667328	2378240000	1073741824	22164144128	185786368
216	1809702912	536870912	3667795968	2498039808	1073741824	21829021696	1879486464	536870912	7261667328	2379694080	1073741824	22164144128	159768576
217	1814900736	536870912	3667795968	2450726912	1073741824	23286063104	1889325056	536870912	7261667328	2382888960	1073741824	22164144128	185929728
218	1818529792	536870912	3667795968	2403524608	1073741824	24012439552	1892450304	536870912	7261667328	2383552512	1073741824	22164144128	226082816
219	1826516992	536870912	3667795968	2406629376	1073741824	24012439552	1893220352	536870912	7261667328	2384318464	1073741824	22164144128	212549632
220	1838129152	536870912	3667795968	2409381888	1073741824	24012439552	1893220352	536870912	7261667328	2384318464	1073741824	22164144128	197492736
221	1851047936	536870912	3667795968	2414264320	1073741824	24012439552	1893351424	536870912	7261667328	2384474112	1073741824	22164144128	179056640
222	1863135232	536870912	3667795968	2419023872	1073741824	24012439552	1894318080	536870912	7261667328	2384527360	1073741824	22164144128	160088064
223	1870848000	536870912	3667795968	2410115072	1073741824	24012439552	1892610048	536870912	7261667328	2382147584	1073741824	22164144128	179421184
224	1883394048	536870912	3667795968	2410663936	1073741824	24012439552	1893134336	536870912	7261667328	2382213120	1073741824	22164144128	165269504
225	1806917632	536870912	4392218624	2410762240	1073741824	24012439552	1850683392	536870912	7958953984	2382868480	1073741824	22164144128	284295168
226	1817776128	536870912	4392218624	2412072960	1073741824	24012439552	1851645952	536870912	7958953984	2382958592	1073741824	22164144128	272105472
227	1828712448	536870912	4392218624	2413527040	1073741824	24012439552	1853612032	536870912	7958953984	2383089664	1073741824	22164144128	258052096
228	1833828352	536870912	4392218624	2329677824	1073741824	24012439552	1860243456	536870912	7958953984	2385448960	1073741824	22164144128	326180864
229	1837178880	536870912	4392218624	2334277632	1073741824	24012439552	1875169280	536870912	7958953984	2392645632	1073741824	22164144128	293040128
230	1838788608	536870912	4392218624	2339450880	1073741824	24012439552	1891090432	536870912	7958953984	2396966912	1073741824	22164144128	262094848
231	1841045504	536870912	4392218624	2344726528	1073741824	24012439552	1903763456	536870912	7958953984	2402586624	1073741824	22164144128	233246720
232	1845182464	536870912	4392218624	2349355008	1073741824	24012439552	1918746624	536870912	7958953984	2409693184	1073741824	22164144128	200445952
233	1848389632	536870912	4392218624	2353782784	1073741824	24012439552	1934241792	536870912	7958953984	2416799744	1073741824	22164144128	166105088
234	1844228096	536870912	4392218624	2349498368	1073741824	24012439552	1888186368	536870912	8665890816	2417803264	1073741824	22164144128	232112128
235	1849540608	536870912	4392218624	2354147328	1073741824	24012439552	1897541632	536870912	8665890816	2420146176	1073741824	22164144128	195862528
236	1850851328	536870912	4392218624	2360635392	1073741824	24012439552	1838952448	536870912	9359032320	2317266944	1073741824	23112806400	261177344
237	1761980416	536870912	5105782784	2349072384	1073741824	24035946496	1779056640	536870912	9723371520	2299904000	1073741824	23243063296	146571264
238	1765306368	536870912	5105782784	2348892160	1073741824	24035946496	1779056640	536870912	9723371520	2300035072	1073741824	23243063296	141824000
239	1765306368	536870912	5105782784	2348892160	1073741824	24035946496	1779318784	536870912	9723371520	2299908096	1073741824	23243063296	141766656
240	1765609472	536870912	5105782784	2301980672	1073741824	24982798336	1718849536	536870912	10365947904	2299830272	1073741824	23243063296	172740608
241	1769525248	536870912	5105782784	2279964672	1073741824	25622155264	1726324736	536870912	10365947904	2286129152	1073741824	23348367360	194654208
242	1772949504	536870912	5105782784	2281648128	1073741824	25622155264	1730191360	536870912	10365947904	2275049472	1073741824	23610880000	198328320
243	1773080576	536870912	5105782784	2281480192	1073741824	25622155264	1730068480	536870912	10365947904	2274934784	1073741824	23610880000	195981312
244	1773395968	536870912	5105782784	2292441088	1073741824	25622155264	1734766592	536870912	10365947904	2275835904	1073741824	23610880000	181202944
245	1742630912	536870912	5493043200	2307731456	1073741824	25622155264	1735364608	536870912	10365947904	2275794944	1073741824	23610880000	193359872
246	1750147072	536870912	5757542400	2310983680	1073741824	25622155264	1735626752	536870912	10365947904	2275852288	1073741824	23610880000	180822016
247	1754259456	536870912	5757542400	2321666048	1073741824	25622155264	1737445376	536870912	10365947904	2275864576	1073741824	23610880000	162156544
248	1757097984	536870912	5757542400	2325274624	1073741824	25622155264	1737445376	536870912	10365947904	2275737600	1073741824	23610880000	157478912
249	1757450240	536870912	5757542400	2323349504	1073741824	25622155264	1742696448	536870912	10365947904	2274529280	1073741824	23610880000	172277760
250	1763074048	536870912	5757542400	2283474944	1073741824	26254950400	1753780224	536870912	10365947904	2276904960	1073741824	23610880000	190881792
251	1762271232	536870912	5757542400	2296713216	1073741824	26254950400	1769721856	536870912	10365947904	2280640512	1073741824	23610880000	171282432
252	1731108864	536870912	6072975360	2297212928	1073741824	26573193216	1715191808	536870912	11021193216	2285178880	1073741824	23610880000	249573376
253	1732366336	536870912	6072975360	2316976128	1073741824	26573193216	1732984832	536870912	11021193216	2291601408	1073741824	23610880000	197853184
254	1730551808	536870912	6072975360	2330537984	1073741824	26573193216	1746788352	536870912	11021193216	2294415360	1073741824	23610880000	170250240
255	1724985344	536870912	6072975360	2333667328	1073741824	26573193216	1755582464	536870912	11021193216	2296258560	1073741824	23610880000	170786816
256	1727426560	536870912	6072975360	2305957888	1073741824	27216191488	1766887424	536870912	11021193216	2299686912	1073741824	23610880000	179531776
257	1728040960	536870912	6072975360	2305384448	1073741824	27216191488	1776656384	536870912	11021193216	2304598016	1073741824	23610880000	174624768
258	1727602688	536870912	6072975360	2313895936	1073741824	27216191488	1787621376	536870912	11021193216	2307358720	1073741824	23610880000	166678528
259	1719963648	536870912	6072975360	2313125888	1073741824	27216191488	1797103616	536870912	11021193216	2308382720	1073741824	23610880000	192999424
260	1721036800	536870912	6072975360	2313854976	1073741824	27216191488	1809039360	536870912	11021193216	2311245824	1073741824	23610880000	189087744
261	1721339904	536870912	6072975360	2314682368	1073741824	27216191488	1823469568	536870912	11021193216	2312810496	1073741824	23610880000	183136256
262	1719312384	536870912	6072975360	2315440128	1073741824	27216191488	1837068288	536870912	11021193216	2315878400	1073741824	23610880000	181968896
263	1737990144	536870912	6072975360	2306777088	1073741824	27216191488	1849081856	536870912	11021193216	2318065664	1073741824	23610880000	183693312
264	1752190976	536870912	6759026688	2310828032	1073741824	27216191488	1746743296	536870912	12323164160	2319081472	1073741824	23610880000	264699904
265	1820581888	536870912	6759026688	2318032896	1073741824	27216191488	1749540864	536870912	12323164160	2319196160	1073741824	23610880000	183566336
266	1751105536	536870912	7452418048	2323263488	1073741824	27216191488	1749413888	536870912	12323164160	2319130624	1073741824	23610880000	247447552
267	1750999040	536870912	7452418048	2323111936	1073741824	27216191488	1749622784	536870912	12323164160	2319384576	1073741824	23610880000	245428224
268	1757437952	536870912	7452418048	2324070400	1073741824	27216191488	1751240704	536870912	12323164160	2319609856	1073741824	23610880000	230608896
269	1757437952	536870912	7452418048	2323898368	1073741824	27216191488	1751240704	536870912	12323164160	2319609856	1073741824	23610880000	227459072
270	1757302784	536870912	7452418048	2323898368	1073741824	27216191488	1751375872	536870912	12323164160	2319872000	1073741824	23610880000	227524608
271	1757302784	536870912	7452418048	2323898368	1073741824	27216191488	1751375872	536870912	12323164160	2319872000	1073741824	23610880000	227524608
272	1757331456	536870912	7452418048	2323816448	1073741824	27216191488	1751416832	536870912	12323164160	2319630336	1073741824	23610880000	228552704
273	1758646272	536870912	7452418048	2323820544	1073741824	27216191488	1751416832	536870912	12323164160	2319630336	1073741824	23610880000	227487744
274	1758875648	536870912	7452418048	2324086784	1073741824	27216191488	1751977984	536870912	12323164160	2319716352	1073741824	23610880000	226066432
275	1760387072	536870912	7452418048	2328383488	1073741824	27216191488	1753980928	536870912	12323164160	2319872000	1073741824	23610880000	215957504
276	1772969984	536870912	7452418048	2330288128	1073741824	27216191488	1753960448	536870912	12323164160	2319872000	1073741824	23610880000	201535488
277	1782743040	536870912	7452418048	2332033024	1073741824	27216191488	1754071040	536870912	12323164160	2319876096	1073741824	23610880000	189476864
278	1784639488	536870912	7452418048	2343854080	1073741824	27216191488	1754202112	536870912	12323164160	2319888384	1073741824	23610880000	175677440
279	1786224640	536870912	7452418048	2344128512	1073741824	27216191488	1754710016	536870912	12323164160	2319892480	1073741824	23610880000	172634112
280	1787637760	536870912	7452418048	2347749376	1073741824	27216191488	1754632192	536870912	12323164160	2319900672	1073741824	23610880000	168255488
281	1788952576	536870912	7452418048	2318966784	1073741824	27881611264	1754595328	536870912	12323164160	2319835136	1073741824	23610880000	194326528
282	1790443520	536870912	7452418048	2327642112	1073741824	27881611264	1755357184	536870912	12323164160	2319974400	1073741824	23610880000	182951936
283	1792430080	536870912	7452418048	2340507648	1073741824	27881611264	1755357184	536870912	12323164160	2319851520	1073741824	23610880000	165060608
284	1794035712	536870912	7452418048	2308268032	1073741824	28520595456	1756966912	536870912	12323164160	2319855616	1073741824	23610880000	193028096
285	1795698688	536870912	7452418048	2320666624	1073741824	28520595456	1757409280	536870912	12323164160	2319880192	1073741824	23610880000	178786304
286	1796550656	536870912	7452418048	2307928064	1073741824	29163675648	1757634560	536870912	12323164160	2319814656	1073741824	23610880000	187895808
287	1798316032	536870912	7452418048	2326626304	1073741824	29163675648	1760161792	536870912	12323164160	2319925248	1073741824	23610880000	163291136
288	1793040384	536870912	7452418048	2336706560	1073741824	29163675648	1764917248	536870912	12323164160	2318360576	1073741824	23610880000	167546880
289	1762103296	536870912	7783497728	2311536640	1073741824	29488652288	1772969984	536870912	12323164160	2319536128	1073741824	23610880000	210825216
290	1763102720	536870912	7783497728	2326138880	1073741824	29488652288	1779056640	536870912	12323164160	2321178624	1073741824	23610880000	189104128
291	1731440640	536870912	8304979968	2255446016	1073741824	30455816192	1699614720	536870912	13135458304	2245734400	1073741824	24623685632	183255040
292	1635618816	536870912	9900261376	2217828352	1073741824	31062409216	1621028864	536870912	13923282944	2221137920	1073741824	24883081216	168345600
293	1643298816	536870912	9900261376	2227322880	1073741824	31062409216	1622315008	536870912	13923282944	2181173248	1073741824	25188880384	190738432
294	1652690944	536870912	9900261376	2230579200	1073741824	31062409216	1623523328	536870912	13923282944	2181193728	1073741824	25188880384	175734784
295	1655627776	536870912	9900261376	2246148096	1073741824	31062409216	1628659712	536870912	13923282944	2180235264	1073741824	25188880384	166952960
296	1648398336	536870912	9900261376	2248712192	1073741824	31062409216	1639161856	536870912	13923282944	2177990656	1073741824	25188880384	187187200
297	1644597248	536870912	9900261376	2263068672	1073741824	31062409216	1649152000	536870912	13923282944	2176724992	1073741824	25188880384	190849024
298	1648848896	536870912	9900261376	2278653952	1073741824	31062409216	1658503168	536870912	13923282944	2176643072	1073741824	25188880384	172785664
299	1646780416	536870912	9900261376	2283196416	1073741824	31062409216	1665392640	536870912	13923282944	2174746624	1073741824	25188880384	188608512
300	1643167744	536870912	9900261376	2301317120	1073741824	31062409216	1671151616	536870912	13923282944	2172538880	1073741824	25188880384	192782336
301	1645260800	536870912	9900261376	2325491712	1073741824	31062409216	1677107200	536870912	13923282944	2172768256	1073741824	25188880384	171094016
302	1641205760	536870912	9900261376	2333171712	1073741824	31062409216	1679032320	536870912	13923282944	2169860096	1073741824	25188880384	191299584
303	1636753408	536870912	9900261376	2368921600	1073741824	31062409216	1678221312	536870912	13923282944	2167926784	1073741824	25188880384	174063616
304	1643917312	536870912	9900261376	2366513152	1073741824	31062409216	1677369344	536870912	13923282944	2166235136	1073741824	25188880384	185585664
305	1644175360	536870912	9900261376	2366853120	1073741824	31062409216	1678716928	536870912	13923282944	2167001088	1073741824	25188880384	182194176
306	1655320576	536870912	9900261376	2369708032	1073741824	31062409216	1678626816	536870912	13923282944	2167001088	1073741824	25188880384	166019072
307	1666662400	536870912	9900261376	2327056384	1073741824	31737942016	1678594048	536870912	13923282944	2167074816	1073741824	25188880384	197099520
308	1666859008	536870912	9900261376	2327187456	1073741824	31737942016	1679056896	536870912	13923282944	2167107584	1073741824	25188880384	194027520
309	1666859008	536870912	9900261376	2327179264	1073741824	31737942016	1679056896	536870912	13923282944	2166984704	1073741824	25188880384	194117632
310	1666859008	536870912	9900261376	2327179264	1073741824	31737942016	1679060992	536870912	13923282944	2166984704	1073741824	25188880384	194183168
311	1666859008	536870912	9900261376	2327166976	1073741824	31737942016	1679060992	536870912	13923282944	2166984704	1073741824	25188880384	193957888
312	1666859008	536870912	9900261376	2327154688	1073741824	31737942016	1679060992	536870912	13923282944	2166984704	1073741824	25188880384	194162688
313	1666859008	536870912	9900261376	2327142400	1073741824	31737942016	1679060992	536870912	13923282944	2166984704	1073741824	25188880384	194056192
314	1666859008	536870912	9900261376	2327130112	1073741824	31737942016	1679060992	536870912	13923282944	2166984704	1073741824	25188880384	193998848
315	1671041024	536870912	9900261376	2329329664	1073741824	31737942016	1681367040	536870912	13923282944	2167066624	1073741824	25188880384	187461632
316	1678782464	536870912	9900261376	2332528640	1073741824	31737942016	1683382272	536870912	13923282944	2167316480	1073741824	25188880384	173850624
317	1687068672	536870912	9900261376	2337206272	1073741824	31737942016	1683382272	536870912	13923282944	2167316480	1073741824	25188880384	158773248
318	1697386496	536870912	9900261376	2293366784	1073741824	32371621888	1683353600	536870912	13923282944	2167308288	1073741824	25188880384	191500288
319	1709203456	536870912	9900261376	2297978880	1073741824	32371621888	1683353600	536870912	13923282944	2167336960	1073741824	25188880384	175812608
320	1712791552	536870912	9900261376	2287034368	1073741824	32711409664	1686478848	536870912	13923282944	2168369152	1073741824	25188880384	161288192
321	1720725504	536870912	9900261376	2236166144	1073741824	33018507264	1689079808	536870912	13923282944	2169008128	1073741824	25188880384	155774976
322	1604608000	536870912	11370835968	2131025920	1073741824	34193600512	1594261504	536870912	14820466688	2132418560	1073741824	25755660288	261935104
323	1541083136	536870912	12181045248	2075926528	1073741824	34770415616	1499017216	536870912	15653249024	2100305920	1073741824	26030075904	268005376
324	1550782464	536870912	12181045248	2083151872	1073741824	34770415616	1500622848	536870912	15653249024	2100334592	1073741824	26030075904	249483264
325	1568505856	536870912	12181045248	2089279488	1073741824	34770415616	1500602368	536870912	15653249024	2100334592	1073741824	26030075904	221814784
326	1584635904	536870912	12181045248	2095050752	1073741824	34770415616	1514209280	536870912	15653249024	2101518336	1073741824	26030075904	178139136
327	1534480384	536870912	12985581568	2099326976	1073741824	34770415616	1526775808	536870912	15653249024	2102427648	1073741824	26030571520	205955072
328	1540493312	536870912	12985581568	2109992960	1073741824	34770415616	1534619648	536870912	15653249024	2057867264	1073741824	26302033920	223453184
329	1545912320	536870912	12985581568	2119065600	1073741824	34770415616	1547935744	536870912	15653249024	2059993088	1073741824	26302033920	189542400
330	1553735680	536870912	12985581568	2091327488	1073741824	35316502528	1560342528	536870912	15653249024	2061877248	1073741824	26302033920	191811584
331	1562259456	536870912	12985581568	2070360064	1073741824	35855990784	1521487872	536870912	16184012800	2063523840	1073741824	26302033920	238731264
332	1570217984	536870912	12985581568	2085634048	1073741824	35855990784	1532850176	536870912	16184012800	2066116608	1073741824	26302033920	198832128
333	1552744448	536870912	13217701888	2100125696	1073741824	35855990784	1549193216	536870912	16184012800	2061733888	1073741824	26556002304	183808000
334	1521397760	536870912	13793656832	2111045632	1073741824	35855990784	1559654400	536870912	16184012800	2062782464	1073741824	26556002304	191873024
335	1530839040	536870912	13793656832	2074120192	1073741824	36385185792	1571545088	536870912	16184012800	2064257024	1073741824	26556002304	202153984
336	1543249920	536870912	13793656832	2091741184	1073741824	36385185792	1551015936	536870912	16492982272	2065641472	1073741824	26556002304	185380864
337	1553850368	536870912	13793656832	2067542016	1073741824	36681117696	1527226368	536870912	16987742208	2067009536	1073741824	26556002304	219709440
338	1558765568	536870912	13793656832	2082459648	1073741824	36681117696	1543266304	536870912	16987742208	2069270528	1073741824	26556002304	176615424
339	1538719744	536870912	14059069440	2072662016	1073741824	36980518912	1542475776	536870912	17246867456	2072010752	1073741824	26556002304	199708672
340	1542012928	536870912	14059069440	2054201344	1073741824	37232488448	1555714048	536870912	17246867456	2074370048	1073741824	26556002304	196403200
341	1545269248	536870912	14059069440	2064384000	1073741824	37232488448	1538002944	536870912	17764651008	2074611712	1073741824	26556002304	209563648
342	1556398080	536870912	14059069440	2083196928	1073741824	37232488448	1553657856	536870912	17764651008	2076717056	1073741824	26556002304	158216192
343	1533771776	536870912	14341058560	2040238080	1073741824	37800513536	1560641536	536870912	18020700160	2077937664	1073741824	26556002304	211251200
344	1530134528	536870912	14603681792	2062630912	1073741824	37800513536	1548726272	536870912	18299580416	2079727616	1073741824	26556002304	198721536
345	1543106560	536870912	14603681792	2074468352	1073741824	37800513536	1553211392	536870912	18458095616	2081218560	1073741824	26556002304	163151872
346	1519501312	536870912	14860267520	2088103936	1073741824	37800513536	1521971200	536870912	19070271488	2082271232	1073741824	26556002304	201224192
347	1535066112	536870912	14860267520	2055221248	1073741824	38362013696	1535586304	536870912	19070271488	2083831808	1073741824	26556002304	199077888
348	1537916928	536870912	14860267520	2069516288	1073741824	38362013696	1543798784	536870912	19086082048	2076184576	1073741824	26816081920	190566400
349	1524019200	536870912	15391772672	2086666240	1073741824	38362013696	1531559936	536870912	19343896576	2076282880	1073741824	26816081920	197472256
350	1529704448	536870912	15391772672	2087960576	1073741824	38362013696	1533788160	536870912	19343896576	2076422144	1073741824	26816081920	186802176
351	1530261504	536870912	15391772672	2087993344	1073741824	38362013696	1533698048	536870912	19343896576	2076446720	1073741824	26816081920	180355072
352	1530212352	536870912	15391772672	2088124416	1073741824	38362013696	1533829120	536870912	19343896576	2076577792	1073741824	26816081920	179220480
353	1534492672	536870912	15391772672	2088394752	1073741824	38362013696	1533755392	536870912	19343896576	2076463104	1073741824	26816081920	175702016
354	1529843712	536870912	16155934720	2056622080	1073741824	38622445568	1535627264	536870912	19343896576	2076303360	1073741824	26816081920	212885504
355	1540644864	536870912	16155934720	2065231872	1073741824	38622445568	1538871296	536870912	19343896576	2076303360	1073741824	26816081920	185733120
356	1505284096	536870912	16931147776	1992101888	1073741824	39418011648	1502486528	536870912	19862847488	2035769344	1073741824	27161333760	208842752
357	1449127936	536870912	17428017152	1941536768	1073741824	39652061184	1435922432	536870912	20574195712	1949872128	1073741824	27693395968	203968512
358	1478148096	536870912	17428017152	1942331392	1073741824	39652061184	1435873280	536870912	20574195712	1949876224	1073741824	27693395968	170291200
359	1477140480	536870912	17428017152	1940983808	1073741824	39652061184	1438064640	536870912	20574195712	1948340224	1073741824	27693395968	185925632
360	1500340224	536870912	17428017152	1949904896	1073741824	39652061184	1422512128	536870912	20574195712	1934233600	1073741824	27693395968	198602752
361	1536253952	536870912	17428017152	1955557376	1073741824	39652061184	1421066240	536870912	20574195712	1931251712	1073741824	27693395968	183549952
362	1556758528	536870912	17428017152	1952047104	1073741824	39652061184	1420640256	536870912	20574195712	1929592832	1073741824	27693395968	178589696
363	1558863872	536870912	17428017152	1953886208	1073741824	39652061184	1421574144	536870912	20574195712	1929621504	1073741824	27693395968	173064192
364	1564606464	536870912	17428017152	1950490624	1073741824	39652061184	1420734464	536870912	20574195712	1928093696	1073741824	27693395968	184578048
365	1570250752	536870912	17428017152	1953431552	1073741824	39652061184	1420734464	536870912	20574195712	1928196096	1073741824	27693395968	175415296
366	1567023104	536870912	17428017152	1959378944	1073741824	39652061184	1420169216	536870912	20574195712	1926803456	1073741824	27693395968	185794560
367	1569783808	536870912	17428017152	1963585536	1073741824	39652061184	1422962688	536870912	20574195712	1926815744	1073741824	27693395968	176148480
368	1566494720	536870912	17428017152	1970774016	1073741824	39652061184	1422835712	536870912	20574195712	1925230592	1073741824	27693395968	184451072
369	1563148288	536870912	17428017152	1980452864	1073741824	39652061184	1422012416	536870912	20574195712	1923809280	1073741824	27693395968	191696896
370	1565802496	536870912	17428017152	1987555328	1073741824	39652061184	1422012416	536870912	20574195712	1923809280	1073741824	27693395968	181071872
371	1567744000	536870912	17428017152	1998761984	1073741824	39652061184	1422331904	536870912	20574195712	1923821568	1073741824	27693395968	166064128
372	1564798976	536870912	17428017152	2008924160	1073741824	39652061184	1421508608	536870912	20574195712	1922326528	1073741824	27693395968	172376064
373	1566150656	536870912	17428017152	2010083328	1073741824	39652061184	1422094336	536870912	20574195712	1922338816	1073741824	27693395968	169431040
374	1567731712	536870912	17428017152	2017779712	1073741824	39652061184	1423376384	536870912	20574195712	1922342912	1073741824	27693395968	157200384
375	1557340160	536870912	17700179968	2018455552	1073741824	39652061184	1423376384	536870912	20574195712	1922342912	1073741824	27693395968	163778560
376	1500622848	536870912	18462801920	2026967040	1073741824	39652061184	1426259968	536870912	20574195712	1922367488	1073741824	27693395968	211832832
377	1497542656	536870912	18462801920	2042589184	1073741824	39652061184	1434112000	536870912	20574195712	1923022848	1073741824	27693395968	187969536
378	1486954496	536870912	18724483072	2012168192	1073741824	40416231424	1446699008	536870912	20574195712	1924501504	1073741824	27693395968	211513344
379	1499271168	536870912	18724483072	2030542848	1073741824	40416231424	1456877568	536870912	20574195712	1925758976	1073741824	27693395968	166842368
380	1465683968	536870912	19443011584	2022764544	1073741824	40665473024	1464938496	536870912	20574195712	1926799360	1073741824	27693395968	196931584
381	1457135616	536870912	19696979968	2001735680	1073741824	41410916352	1475010560	536870912	20574195712	1928040448	1073741824	27693395968	210694144
382	1460498432	536870912	19698348032	2011590656	1073741824	41658089472	1475313664	536870912	20590723072	1929732096	1073741824	27693395968	149909504
383	1366941696	536870912	20758753280	1924808704	1073741824	42704977920	1384071168	536870912	21581742080	1897840640	1073741824	27822247936	228196352
384	1329463296	536870912	21325750272	1841479680	1073741824	43475976192	1358524416	536870912	21950865408	1888309248	1073741824	28135649280	244199424
385	1334550528	536870912	21325750272	1830768640	1073741824	43682877440	1343909888	536870912	22135099392	1885229056	1073741824	28135649280	180400128
386	1347436544	536870912	21325750272	1838399488	1073741824	43682877440	1344401408	536870912	22135099392	1883803648	1073741824	28135649280	172580864
387	1355923456	536870912	21325750272	1840279552	1073741824	43682877440	1345114112	536870912	22135099392	1882480640	1073741824	28135649280	171556864
388	1333280768	536870912	21541945344	1861672960	1073741824	43682877440	1357488128	536870912	22135099392	1881915392	1073741824	28146675712	169619456
389	1332174848	536870912	21541945344	1867956224	1073741824	43682877440	1364758528	536870912	22135099392	1879617536	1073741824	28146675712	183185408
390	1335963648	536870912	21541945344	1903697920	1073741824	43682877440	1348415488	536870912	22558699520	1876897792	1073741824	28146675712	181870592
391	1341411328	536870912	21541945344	1922502656	1073741824	43682877440	1346973696	536870912	22558699520	1874132992	1073741824	28146675712	183271424
392	1352310784	536870912	21541945344	1928388608	1073741824	43682877440	1346985984	536870912	22558699520	1872797696	1073741824	28146675712	178204672
393	1362341888	536870912	21541945344	1938026496	1073741824	43682877440	1346985984	536870912	22558699520	1872814080	1073741824	28146675712	156733440
394	1357324288	536870912	21541945344	1923489792	1073741824	43682877440	1345921024	536870912	22558699520	1869787136	1073741824	28146675712	205819904
395	1368997888	536870912	21541945344	1925758976	1073741824	43682877440	1347162112	536870912	22558699520	1869836288	1073741824	28146675712	189222912
396	1370730496	536870912	21541945344	1933381632	1073741824	43682877440	1348050944	536870912	22558699520	1869967360	1073741824	28146675712	177401856
397	1383092224	536870912	21541945344	1924710400	1073741824	44007763968	1348505600	536870912	22558699520	1870102528	1073741824	28146675712	170455040
398	1361874944	536870912	21773602816	1916145664	1073741824	44338331648	1349390336	536870912	22558699520	1869983744	1073741824	28146675712	198922240
399	1374670848	536870912	21787344896	1894363136	1073741824	45004791808	1355620352	536870912	22558699520	1870262272	1073741824	28146675712	196964352
400	1366478848	536870912	22002368512	1908445184	1073741824	45240688640	1361977344	536870912	22765981696	1871142912	1073741824	28146675712	177729536
401	1364385792	536870912	22428106752	1907302400	1073741824	45476503552	1370484736	536870912	22781202432	1872523264	1073741824	28146675712	164560896
402	1362132992	536870912	22643802112	1897930752	1073741824	45704830976	1357565952	536870912	22985170944	1873502208	1073741824	28146675712	184631296
403	1343336448	536870912	23069753344	1884745728	1073741824	46154031104	1372364800	536870912	22985170944	1874624512	1073741824	28146675712	194863104
404	1357967360	536870912	23069753344	1892126720	1073741824	46427238400	1348734976	536870912	23427620864	1875939328	1073741824	28146675712	184893440
405	1333579776	536870912	23492022272	1867309056	1073741824	47041576960	1359278080	536870912	23427620864	1876692992	1073741824	28146675712	216322048
406	1333665792	536870912	23492022272	1867280384	1073741824	47041576960	1359278080	536870912	23427620864	1876692992	1073741824	28146675712	214278144
407	1335390208	536870912	23492022272	1870209024	1073741824	47041576960	1363275776	536870912	23427620864	1876955136	1073741824	28146675712	205918208
408	1354973184	536870912	23492022272	1875861504	1073741824	47041576960	1363275776	536870912	23427620864	1876955136	1073741824	28146675712	178937856
409	1366573056	536870912	23492022272	1869189120	1073741824	47041576960	1363369984	536870912	23427620864	1875382272	1073741824	28146675712	187936768
410	1381367808	536870912	23492022272	1862287360	1073741824	47041576960	1362714624	536870912	23427620864	1874362368	1073741824	28146675712	191492096
411	1381244928	536870912	23492022272	1862668288	1073741824	47041576960	1362714624	536870912	23427620864	1874116608	1073741824	28146675712	190590976
412	1381244928	536870912	23492022272	1862557696	1073741824	47041576960	1362726912	536870912	23427620864	1874247680	1073741824	28146675712	181022720
413	1381289984	536870912	23492022272	1862348800	1073741824	47041576960	1362931712	536870912	23427620864	1874432000	1073741824	28146675712	180502528
414	1387450368	536870912	23492022272	1859530752	1073741824	47041576960	1366708224	536870912	23427620864	1873264640	1073741824	28146675712	184336384
415	1301098496	536870912	24761880576	1851547648	1073741824	47239905280	1322901504	536870912	24070094848	1832071168	1073741824	28565983232	225148928
416	1245306880	536870912	25460580352	1766658048	1073741824	48399302656	1231585280	536870912	24896335872	1773543424	1073741824	28981948416	195289088
417	1228943360	536870912	26092707840	1761849344	1073741824	48572657664	1204076544	536870912	25076281344	1749549056	1073741824	29156962304	218419200
418	1247752192	536870912	26092707840	1766227968	1073741824	48572657664	1204486144	536870912	25076281344	1749430272	1073741824	29156962304	191565824
419	1266663424	536870912	26092707840	1766051840	1073741824	48572657664	1204486144	536870912	25076281344	1749430272	1073741824	29156962304	170135552
420	1260593152	536870912	26383761408	1769721856	1073741824	48572657664	1206566912	536870912	25076281344	1749430272	1073741824	29156962304	164536320
421	1260777472	536870912	26383761408	1769463808	1073741824	48572657664	1206566912	536870912	25076281344	1749561344	1073741824	29156962304	165236736
422	1216778240	536870912	26844139520	1774694400	1073741824	48572657664	1208643584	536870912	25076281344	1749327872	1073741824	29156962304	201666560
423	1236697088	536870912	26844139520	1783861248	1073741824	48572657664	1213677568	536870912	25076281344	1749827584	1073741824	29156962304	161628160
424	1241464832	536870912	26844139520	1734176768	1073741824	48572657664	1230532608	536870912	25076281344	1749266432	1073741824	29156962304	199528448
425	1243422720	536870912	26844139520	1728557056	1073741824	48572657664	1249079296	536870912	25076281344	1749291008	1073741824	29156962304	199028736
426	1249783808	536870912	26844139520	1729306624	1073741824	48572657664	1266425856	536870912	25076281344	1750630400	1073741824	29156962304	179548160
427	1249181696	536870912	27022893056	1735970816	1073741824	48572657664	1256112128	536870912	25272315904	1752727552	1073741824	29156962304	175759360
428	1240121344	536870912	27215757312	1746251776	1073741824	48572657664	1225613312	536870912	25805156352	1753440256	1073741824	29156962304	199053312
429	1210437632	536870912	27770458112	1769189376	1073741824	48572657664	1220669440	536870912	25998315520	1754779648	1073741824	29156962304	204697600
430	1220263936	536870912	27770458112	1773481984	1073741824	48755036160	1236803584	536870912	25998315520	1755865088	1073741824	29156962304	167026688
431	1239666688	536870912	27770458112	1755701248	1073741824	49115525120	1232310272	536870912	26190004224	1756893184	1073741824	29156962304	163864576
432	1216090112	536870912	28147572736	1752440832	1073741824	49297547264	1206652928	536870912	26733527040	1757462528	1073741824	29156962304	210042880
433	1230831616	536870912	28147572736	1743351808	1073741824	49672466432	1227440128	536870912	26733527040	1759383552	1073741824	29156962304	173137920
434	1232703488	536870912	28330995712	1756282880	1073741824	49845153792	1220861952	536870912	26927075328	1737568256	1073741824	29335711744	180977664
435	1218949120	536870912	28688920576	1764872192	1073741824	49914945536	1241042944	536870912	26927075328	1738924032	1073741824	29335711744	158449664
436	1226612736	536870912	28688920576	1751375872	1073741824	50208309248	1232814080	536870912	27283099648	1740599296	1073741824	29335711744	165019648
437	1218510848	536870912	28874620928	1748197376	1073741824	50389405696	1226076160	536870912	27772051456	1737203712	1073741824	29504045056	179822592
438	1204310016	536870912	29577715712	1746780160	1073741824	50568654848	1217101824	536870912	27951579136	1738141696	1073741824	29504045056	196292608
439	1239236608	536870912	29577715712	1746567168	1073741824	50568654848	1228115968	536870912	27992576000	1739153408	1073741824	29504045056	161353728
440	1256337408	536870912	29755895808	1746100224	1073741824	50568654848	1213030400	536870912	28358664192	1741586432	1073741824	29504045056	156217344
441	1232199680	536870912	30493212672	1745707008	1073741824	50568654848	1227624448	536870912	28358664192	1743392768	1073741824	29504045056	160919552
442	1239203840	536870912	30924648448	1745301504	1073741824	50568654848	1194790912	536870912	28549722112	1743474688	1073741824	29504045056	185163776
443	1212076032	536870912	31657091072	1744777216	1073741824	50568654848	1206710272	536870912	28549722112	1744838656	1073741824	29504045056	196288512
444	1236553728	536870912	31657091072	1733603328	1073741824	50568654848	1210761216	536870912	28549722112	1743011840	1073741824	29504045056	200511488
445	1246195712	536870912	31657091072	1733603328	1073741824	50568654848	1210761216	536870912	28549722112	1742925824	1073741824	29504045056	170094592
446	1254137856	536870912	31657091072	1727299584	1073741824	50568654848	1210626048	536870912	28549722112	1741811712	1073741824	29504045056	179445760
447	1256943616	536870912	31657091072	1727287296	1073741824	50568654848	1211543552	536870912	28549722112	1741910016	1073741824	29504045056	175697920
448	1260793856	536870912	31657091072	1727307776	1073741824	50568654848	1211473920	536870912	28549722112	1741910016	1073741824	29504045056	171540480
449	1228918784	536870912	32047521792	1720860672	1073741824	50568654848	1211604992	536870912	28549722112	1740783616	1073741824	29504045056	220659712
450	1236455424	536870912	32047521792	1720860672	1073741824	50568654848	1211604992	536870912	28549722112	1740783616	1073741824	29504045056	221499392
451	1236574208	536870912	32047521792	1720741888	1073741824	50568654848	1211736064	536870912	28549722112	1740795904	1073741824	29504045056	221306880
452	1237004288	536870912	32047521792	1720860672	1073741824	50568654848	1211744256	536870912	28549722112	1740804096	1073741824	29504045056	221884416
453	1236992000	536870912	32047521792	1720860672	1073741824	50568654848	1211621376	536870912	28549722112	1740804096	1073741824	29504045056	221937664
454	1248583680	536870912	32047521792	1720741888	1073741824	50568654848	1211621376	536870912	28549722112	1740804096	1073741824	29504045056	208949248
455	1260580864	536870912	32047521792	1720741888	1073741824	50568654848	1211621376	536870912	28549722112	1740804096	1073741824	29504045056	195125248
456	1260580864	536870912	32047521792	1720741888	1073741824	50568654848	1211621376	536870912	28549722112	1740804096	1073741824	29504045056	194822144
457	1263943680	536870912	32047521792	1720848384	1073741824	50568654848	1211621376	536870912	28549722112	1740808192	1073741824	29504045056	190205952
458	1261584384	536870912	32413642752	1720750080	1073741824	50568654848	1213628416	536870912	28549722112	1741049856	1073741824	29504045056	188076032
459	1256837120	536870912	32804188160	1720483840	1073741824	50568654848	1225617408	536870912	28549722112	1742364672	1073741824	29504045056	189161472
460	1256808448	536870912	32804188160	1720365056	1073741824	50568654848	1226096640	536870912	28549722112	1742446592	1073741824	29504045056	187916288
461	1256808448	536870912	32804188160	1720365056	1073741824	50568654848	1226096640	536870912	28549722112	1742446592	1073741824	29504045056	186429440
462	1256808448	536870912	32804188160	1720365056	1073741824	50568654848	1227587584	536870912	28549722112	1742446592	1073741824	29504045056	181784576
463	1243729920	536870912	32804188160	1720365056	1073741824	50568654848	1230737408	536870912	28549722112	1742979072	1073741824	29504045056	195878912
464	1243729920	536870912	32804188160	1720365056	1073741824	50568654848	1242218496	536870912	28549722112	1744637952	1073741824	29504045056	177512448
465	1243729920	536870912	32804188160	1720365056	1073741824	50568654848	1253646336	536870912	28549722112	1746558976	1073741824	29504045056	164622336
466	1221808128	536870912	32993652736	1719980032	1073741824	50568654848	1220091904	536870912	29100556288	1748201472	1073741824	29504045056	215949312
467	1221689344	536870912	32993652736	1719996416	1073741824	50568654848	1234821120	536870912	29100556288	1750224896	1073741824	29504045056	197480448
468	1221689344	536870912	32993652736	1720008704	1073741824	50568654848	1246920704	536870912	29100556288	1751805952	1073741824	29504045056	183152640
469	1221689344	536870912	32993652736	1720008704	1073741824	50568654848	1259577344	536870912	29100556288	1753980928	1073741824	29504045056	167239680
470	1221689344	536870912	32993652736	1720004608	1073741824	50568654848	740741120	536870912	29492768768	1756450816	1073741824	29504045056	742907904
471	1221689344	536870912	32993652736	1720004608	1073741824	50568654848	753111040	536870912	29492768768	1758683136	1073741824	29504045056	727138304
472	1221689344	536870912	32993652736	1720004608	1073741824	50568654848	766685184	536870912	29492768768	1761239040	1073741824	29504045056	705421312
473	1221713920	536870912	32993652736	1720004608	1073741824	50568654848	776077312	536870912	29492768768	1762177024	1073741824	29504045056	691077120
474	1221713920	536870912	32993652736	1720004608	1073741824	50568654848	790142976	536870912	29492768768	1764126720	1073741824	29504045056	671207424
475	1221713920	536870912	32993652736	1720004608	1073741824	50568654848	803840000	536870912	29492768768	1766752256	1073741824	29504045056	653438976
476	1221713920	536870912	32993652736	1720004608	1073741824	50568654848	819683328	536870912	29492768768	1769787392	1073741824	29504045056	630464512
477	1221713920	536870912	32993652736	1720020992	1073741824	50568654848	829554688	536870912	29492768768	1771069440	1073741824	29504045056	617558016
478	1221713920	536870912	32993652736	1720020992	1073741824	50568654848	838508544	536870912	29492768768	1771814912	1073741824	29504045056	606068736
479	1221713920	536870912	32993652736	1720020992	1073741824	50568654848	850411520	536870912	29492768768	1772642304	1073741824	29504045056	591597568
480	1221713920	536870912	32993652736	1720020992	1073741824	50568654848	0	536870912	29492768768	1773494272	1073741824	29504045056	1611374592
481	1221713920	536870912	32993652736	1720020992	1073741824	50568654848	0	536870912	29492768768	1066811392	1073741824	29504045056	2351411200
482	1221713920	536870912	32993652736	1720020992	1073741824	50568654848	0	536870912	29492768768	1070309376	1073741824	29504045056	2347999232
483	1221722112	536870912	32993652736	1722195968	1073741824	50568654848	0	536870912	29492768768	1073471488	1073741824	29504045056	2342838272
484	1221722112	536870912	32993652736	1753796608	1073741824	50568654848	0	536870912	29492768768	1076531200	1073741824	29504045056	2306641920
485	1221840896	536870912	32993652736	1779064832	1073741824	50568654848	0	536870912	29492768768	1080086528	1073741824	29504045056	2274242560
486	1221722112	536870912	32993652736	1813118976	1073741824	50568654848	0	536870912	29492768768	1084022784	1073741824	29504045056	2234523648
487	1221722112	536870912	32993652736	1848295424	1073741824	50568654848	0	536870912	29492768768	1087635456	1073741824	29504045056	2193690624
488	1221722112	536870912	32993652736	1885712384	1073741824	50568654848	0	536870912	29492768768	1091510272	1073741824	29504045056	2149515264
489	1221722112	536870912	32993652736	1919660032	1073741824	50568654848	0	536870912	29492768768	1094918144	1073741824	29504045056	2109042688
490	1221722112	536870912	32993652736	1954652160	1073741824	50568654848	0	536870912	29492768768	1098919936	1073741824	29504045056	2067959808
