1	1760067584	2147483648	0	2953375744	4294967296	0	1773064192	2147483648	0	3507118080	4294967296	0	1179467776
2	1760215040	2147483648	0	2953375744	4294967296	0	1775161344	2147483648	0	3507118080	4294967296	0	1176608768
3	1760411648	2147483648	0	2953375744	4294967296	0	1845391360	2147483648	0	3507118080	4294967296	0	1104068608
4	1760608256	2147483648	0	2953424896	4294967296	0	1902727168	2147483648	0	3507130368	4294967296	0	1046073344
5	1760841728	2147483648	0	2953625600	4294967296	0	1940213760	2147483648	0	3603243008	4294967296	0	910114816
6	1761177600	2147483648	0	2953764864	4294967296	0	1974030336	2147483648	0	3767767040	4294967296	0	710598656
7	1761558528	2147483648	0	2953887744	4294967296	0	2011516928	2147483648	0	3873501184	4294967296	0	565817344
8	1761996800	2147483648	0	2954059776	4294967296	0	2047823872	2147483648	0	3968585728	4294967296	0	432275456
9	1762574336	2147483648	0	2954240000	4294967296	0	2084786176	2147483648	0	4024483840	4294967296	0	338087936
10	1763147776	2147483648	0	2954596352	4294967296	0	2117160960	2147483648	0	4065681408	4294967296	0	261525504
11	1763655680	2147483648	0	2954620928	4294967296	0	2147450880	2147483648	0	4114534400	4294967296	0	180068352
12	1764143104	2147483648	0	2971942912	4294967296	0	2147450880	2147483648	0	4151635968	4294967296	0	1290694656
13	1764577280	2147483648	0	2980139008	4294967296	0	2147454976	2147483648	0	4188508160	4294967296	0	1244995584
14	1765134336	2147483648	0	2980532224	4294967296	0	2147401728	2147483648	0	4231798784	4294967296	0	1200320512
15	1765728256	2147483648	0	2980990976	4294967296	0	2147471360	2147483648	0	4274827264	4294967296	0	1154998272
16	1766375424	2147483648	0	2981371904	4294967296	0	2147450880	2147483648	0	4294938624	4294967296	0	1132601344
17	1766858752	2147483648	0	2981728256	4294967296	0	2147467264	2147483648	0	4294946816	4294967296	0	1130819584
18	1767489536	2147483648	0	2982412288	4294967296	0	2147467264	2147483648	0	4294926336	4294967296	0	1129467904
19	1768321024	2147483648	0	2982686720	4294967296	0	2147471360	2147483648	0	4294909952	4294967296	0	1128153088
20	1768964096	2147483648	0	2983100416	4294967296	0	2147471360	2147483648	0	4294909952	4294967296	0	1127092224
21	1769717760	2147483648	0	2983415808	4294967296	0	2147479552	2147483648	0	4294914048	4294967296	0	1125617664
22	1770487808	2147483648	0	2983710720	4294967296	0	2147344384	2147483648	0	4294914048	4294967296	0	1124581376
23	1770999808	2147483648	0	2984382464	4294967296	0	2147483648	2147483648	0	4294930432	4294967296	0	1123958784
24	1771716608	2147483648	0	2984939520	4294967296	0	2147483648	2147483648	0	4294918144	4294967296	0	1122476032
25	1772486656	2147483648	0	2985357312	4294967296	0	2147483648	2147483648	0	4294918144	4294967296	0	1111830528
26	1773395968	2147483648	0	2985865216	4294967296	0	2147360768	2147483648	0	4294922240	4294967296	0	1110949888
27	1773916160	2147483648	0	2986078208	4294967296	0	2147459072	2147483648	0	4294955008	4294967296	0	1110585344
28	1774723072	2147483648	0	2986594304	4294967296	0	2147438592	2147483648	0	4294922240	4294967296	0	1109372928
29	1775464448	2147483648	0	2987159552	4294967296	0	2147311616	2147483648	0	4294955008	4294967296	0	1107832832
30	1776136192	2147483648	0	2987634688	4294967296	0	2147135488	2147483648	0	4294926336	4294967296	0	1107640320
31	1776906240	2147483648	0	2988068864	4294967296	0	2147422208	2147483648	0	4294795264	4294967296	0	1107374080
32	1777991680	2147483648	0	2988523520	4294967296	0	2147319808	2147483648	0	4294950912	4294967296	0	1105596416
33	1778929664	2147483648	0	2989088768	4294967296	0	2147328000	2147483648	0	4294946816	4294967296	0	1096519680
34	1779941376	2147483648	0	2989678592	4294967296	0	2147459072	2147483648	0	4294922240	4294967296	0	1096744960
35	1780867072	2147483648	0	2990047232	4294967296	0	2147463168	2147483648	0	4294930432	4294967296	0	1095335936
36	1781788672	2147483648	0	2990596096	4294967296	0	2147463168	2147483648	0	4294963200	4294967296	0	1092567040
37	1782816768	2147483648	0	2991239168	4294967296	0	1824493568	2147483648	0	4294930432	4294967296	0	1413357568
38	1784033280	2147483648	0	2991935488	4294967296	0	1665773568	2147483648	0	4294934528	4294967296	0	1572921344
39	1785155584	2147483648	0	2992599040	4294967296	0	1665814528	2147483648	0	4294934528	4294967296	0	1571729408
40	1786298368	2147483648	0	2993254400	4294967296	0	1665691648	2147483648	0	4294934528	4294967296	0	1569820672
41	1787232256	2147483648	0	2993901568	4294967296	0	1665691648	2147483648	0	4294938624	4294967296	0	1567956992
42	1788317696	2147483648	0	2994593792	4294967296	0	1665691648	2147483648	0	4294959104	4294967296	0	1565147136
43	1789652992	2147483648	0	2995318784	4294967296	0	1665691648	2147483648	0	4294938624	4294967296	0	1563815936
44	1790816256	2147483648	0	2995978240	4294967296	0	1665691648	2147483648	0	4294938624	4294967296	0	1562726400
45	1792040960	2147483648	0	2996776960	4294967296	0	1665691648	2147483648	0	4294967296	4294967296	0	1560915968
46	1793335296	2147483648	0	3009601536	4294967296	0	1665691648	2147483648	0	4294938624	4294967296	0	1548062720
47	1794691072	2147483648	0	3010363392	4294967296	0	1665691648	2147483648	0	4294938624	4294967296	0	1545256960
48	1795653632	2147483648	0	3011219456	4294967296	0	1665691648	2147483648	0	4294938624	4294967296	0	1544065024
49	1796673536	2147483648	0	3011944448	4294967296	0	1665691648	2147483648	0	4294942720	4294967296	0	1542729728
50	1798103040	2147483648	0	3012882432	4294967296	0	1665691648	2147483648	0	4294955008	4294967296	0	1540251648
51	1799708672	2147483648	0	3025592320	4294967296	0	1665691648	2147483648	0	4294942720	4294967296	0	1527390208
52	1801138176	2147483648	0	3036573696	4294967296	0	1665691648	2147483648	0	4294967296	4294967296	0	1515544576
53	1802924032	2147483648	0	3044003840	4294967296	0	1665691648	2147483648	0	4294942720	4294967296	0	1506848768
54	1804947456	2147483648	0	3049619456	4294967296	0	1665691648	2147483648	0	4294942720	4294967296	0	1497583616
55	1807945728	2147483648	0	3149864960	4294967296	0	1665691648	2147483648	0	3312943104	4294967296	0	2381189120
56	1809887232	2147483648	0	3151060992	4294967296	0	1665691648	2147483648	0	3313045504	4294967296	0	2378231808
57	1812549632	2147483648	0	3152240640	4294967296	0	1665691648	2147483648	0	3313119232	4294967296	0	2374443008
58	1868242944	2147483648	0	3153682432	4294967296	0	1665691648	2147483648	0	3315298304	4294967296	0	2314661888
59	1872265216	2147483648	0	3154731008	4294967296	0	1665691648	2147483648	0	3315179520	4294967296	0	2309943296
60	1873268736	2147483648	0	3155820544	4294967296	0	1665691648	2147483648	0	3315179520	4294967296	0	2306924544
61	1874223104	2147483648	0	3156795392	4294967296	0	1665691648	2147483648	0	3315179520	4294967296	0	2305347584
62	1875042304	2147483648	0	3157954560	4294967296	0	1665691648	2147483648	0	3315179520	4294967296	0	2304331776
63	1876123648	2147483648	0	3159105536	4294967296	0	1665691648	2147483648	0	3315179520	4294967296	0	2301648896
64	1877200896	2147483648	0	3172331520	4294967296	0	1665691648	2147483648	0	3315179520	4294967296	0	2286436352
65	1878126592	2147483648	0	3186487296	4294967296	0	1665691648	2147483648	0	3315351552	4294967296	0	2271911936
66	1879257088	2147483648	0	3198365696	4294967296	0	1665691648	2147483648	0	3315408896	4294967296	0	2258915328
67	1880395776	2147483648	0	3202891776	4294967296	0	1665691648	2147483648	0	3315298304	4294967296	0	2253221888
68	1881309184	2147483648	0	3217334272	4294967296	0	1665691648	2147483648	0	3315298304	4294967296	0	2237517824
69	1882357760	2147483648	0	3231330304	4294967296	0	1665691648	2147483648	0	3315298304	4294967296	0	2222235648
70	1883615232	2147483648	0	3245293568	4294967296	0	1665691648	2147483648	0	3315298304	4294967296	0	2206187520
71	1884663808	2147483648	0	3259662336	4294967296	0	1665691648	2147483648	0	3315298304	4294967296	0	2191130624
72	1885798400	2147483648	0	3272261632	4294967296	0	1665691648	2147483648	0	3315298304	4294967296	0	2177634304
73	1887010816	2147483648	0	3293462528	4294967296	0	1665691648	2147483648	0	3315298304	4294967296	0	2155737088
74	1888702464	2147483648	0	3351658496	4294967296	0	1665691648	2147483648	0	3315298304	4294967296	0	2093113344
75	1890263040	2147483648	0	3413786624	4294967296	0	1665691648	2147483648	0	3315298304	4294967296	0	2028851200
76	1910816768	2147483648	0	3477012480	4294967296	0	1665691648	2147483648	0	3315298304	4294967296	0	1944113152
77	1964019712	2147483648	0	3546083328	4294967296	0	1665691648	2147483648	0	3315298304	4294967296	0	1818378240
78	2024955904	2147483648	0	3588497408	4294967296	0	1665691648	2147483648	0	3315298304	4294967296	0	1711783936
79	2084057088	2147483648	0	3622858752	4294967296	0	1665691648	2147483648	0	3315298304	4294967296	0	1615806464
80	2100953088	2147483648	0	3623804928	4294967296	0	1665691648	2147483648	0	3315298304	4294967296	0	1596329984
81	2101903360	2147483648	0	3624804352	4294967296	0	1665822720	2147483648	0	3315298304	4294967296	0	1594966016
82	2103005184	2147483648	0	3625881600	4294967296	0	1665847296	2147483648	0	3315298304	4294967296	0	1592885248
83	2104115200	2147483648	0	3627044864	4294967296	0	1665880064	2147483648	0	3315298304	4294967296	0	1590153216
84	2105069568	2147483648	0	3627958272	4294967296	0	1665904640	2147483648	0	3315298304	4294967296	0	1587658752
85	2106085376	2147483648	0	3628814336	4294967296	0	1665798144	2147483648	0	3315298304	4294967296	0	1585500160
86	2002505728	2147483648	0	3525124096	4294967296	0	1665798144	2147483648	0	3315298304	4294967296	0	1795272704
87	2003542016	2147483648	0	3526221824	4294967296	0	1665798144	2147483648	0	3317395456	4294967296	0	1791029248
88	2004578304	2147483648	0	3527315456	4294967296	0	1667895296	2147483648	0	3317395456	4294967296	0	1787211776
89	2005876736	2147483648	0	3528499200	4294967296	0	1667895296	2147483648	0	3317395456	4294967296	0	1784328192
90	2007015424	2147483648	0	3529551872	4294967296	0	1667895296	2147483648	0	3317395456	4294967296	0	1782640640
91	2008182784	2147483648	0	3530514432	4294967296	0	1667895296	2147483648	0	3317395456	4294967296	0	1780961280
92	2009247744	2147483648	0	3531702272	4294967296	0	1667895296	2147483648	0	3317395456	4294967296	0	1778962432
93	2010349568	2147483648	0	3532750848	4294967296	0	1667895296	2147483648	0	3317395456	4294967296	0	1776529408
94	2011299840	2147483648	0	3533799424	4294967296	0	1667895296	2147483648	0	3317395456	4294967296	0	1773830144
95	2012315648	2147483648	0	3534786560	4294967296	0	1667895296	2147483648	0	3317395456	4294967296	0	1772941312
96	2013442048	2147483648	0	3535978496	4294967296	0	1667895296	2147483648	0	3317395456	4294967296	0	1769299968
97	2014740480	2147483648	0	3537195008	4294967296	0	1667895296	2147483648	0	3317395456	4294967296	0	1767161856
98	2015850496	2147483648	0	3538513920	4294967296	0	1735602176	2147483648	0	3317395456	4294967296	0	1695940608
99	2017165312	2147483648	0	3539603456	4294967296	0	1823338496	2147483648	0	3317395456	4294967296	0	1604460544
100	2018185216	2147483648	0	3540750336	4294967296	0	1865711616	2147483648	0	3317395456	4294967296	0	1560502272
101	2019336192	2147483648	0	3541766144	4294967296	0	1903964160	2147483648	0	3317395456	4294967296	0	1509613568
102	2020229120	2147483648	0	3542581248	4294967296	0	1940402176	2147483648	0	3317395456	4294967296	0	1478770688
103	2021269504	2147483648	0	3543703552	4294967296	0	1978675200	2147483648	0	3317395456	4294967296	0	1438220288
104	2022391808	2147483648	0	3544653824	4294967296	0	2017865728	2147483648	0	3317395456	4294967296	0	1396826112
105	2023174144	2147483648	0	3545227264	4294967296	0	2039922688	2147483648	0	3317395456	4294967296	0	1034399744
106	2023985152	2147483648	0	3545870336	4294967296	0	2061021184	2147483648	0	3317395456	4294967296	0	525873152
107	1998934016	2147483648	0	3504455680	4294967296	0	2068594688	2147483648	0	3292450816	4294967296	0	150953984
108	1919938560	2147483648	0	3378167808	4294967296	0	2043125760	2147483648	0	3216261120	4294967296	0	154669056
109	1856712704	2147483648	0	3271888896	4294967296	0	2021216256	2147483648	0	3156160512	4294967296	0	174227456
110	1807548416	2147483648	0	3179642880	4294967296	0	2012307456	2147483648	0	3108937728	4294967296	0	196485120
111	1808453632	2147483648	0	3180797952	4294967296	0	2037923840	2147483648	0	3108937728	4294967296	0	168734720
112	1805316096	2147483648	0	3173851136	4294967296	0	2061733888	2147483648	0	3104772096	4294967296	0	169398272
113	1802252288	2147483648	0	3167293440	4294967296	0	2085314560	2147483648	0	3100987392	4294967296	0	169193472
114	1799344128	2147483648	0	3158515712	4294967296	0	2108760064	2147483648	0	3095990272	4294967296	0	175538176
115	1793892352	2147483648	0	3157958656	4294967296	0	2131337216	2147483648	0	3108925440	4294967296	0	158449664
116	1783353344	2147483648	0	3146244096	4294967296	0	2147311616	2147483648	0	3136798720	4294967296	0	161951744
117	1772707840	2147483648	0	3130945536	4294967296	0	2144784384	2147483648	0	3164909568	4294967296	0	190337024
118	1767460864	2147483648	0	3125919744	4294967296	0	2147422208	2147483648	0	3193581568	4294967296	0	181985280
119	1762422784	2147483648	0	3123662848	4294967296	0	2147328000	2147483648	0	3222974464	4294967296	0	173928448
120	1757413376	2147483648	0	3121668096	4294967296	0	2147328000	2147483648	0	3254591488	4294967296	0	162521088
121	1746944000	2147483648	0	3108376576	4294967296	0	2145558528	2147483648	0	3280887808	4294967296	0	189337600
122	1742364672	2147483648	0	3106328576	4294967296	0	2147336192	2147483648	0	3315142656	4294967296	0	171245568
123	1732452352	2147483648	0	3092103168	4294967296	0	2147135488	2147483648	0	3350323200	4294967296	0	179818496
124	1727856640	2147483648	0	3084034048	4294967296	0	2147471360	2147483648	0	3385925632	4294967296	0	166846464
125	1723346944	2147483648	0	3075211264	4294967296	0	2147340288	2147483648	0	3415412736	4294967296	0	162848768
126	1718063104	2147483648	0	3065655296	4294967296	0	2147479552	2147483648	0	3432259584	4294967296	0	174886912
127	1712959488	2147483648	0	3056074752	4294967296	0	2147483648	2147483648	0	3472601088	4294967296	0	161398784
128	1702350848	2147483648	0	3036733440	4294967296	0	2145071104	2147483648	0	3504607232	4294967296	0	187256832
129	1697386496	2147483648	0	3027574784	4294967296	0	2147483648	2147483648	0	3533877248	4294967296	0	183115776
130	1698521088	2147483648	0	3028713472	4294967296	0	2147360768	2147483648	0	3553964032	4294967296	0	162045952
131	1693765632	2147483648	0	3020070912	4294967296	0	2147430400	2147483648	0	3574542336	4294967296	0	168038400
132	1683492864	2147483648	0	3010424832	4294967296	0	2145767424	2147483648	0	3597524992	4294967296	0	190726144
133	1678897152	2147483648	0	3013193728	4294967296	0	2147364864	2147483648	0	3633160192	4294967296	0	160997376
134	1668788224	2147483648	0	3005657088	4294967296	0	2147364864	2147483648	0	3664629760	4294967296	0	169152512
135	1658871808	2147483648	0	2995851264	4294967296	0	2147237888	2147483648	0	3692797952	4294967296	0	185032704
136	1654472704	2147483648	0	2998435840	4294967296	0	2147422208	2147483648	0	3731447808	4294967296	0	159657984
137	1644732416	2147483648	0	2983849984	4294967296	0	2147381248	2147483648	0	3757760512	4294967296	0	188682240
138	1618554880	2147483648	0	2938597376	4294967296	0	2140172288	2147483648	0	3747540992	4294967296	0	179699712
139	1546555392	2147483648	0	2814795776	4294967296	0	2117513216	2147483648	0	3659206656	4294967296	0	193150976
140	1479139328	2147483648	0	2706190336	4294967296	0	2096676864	2147483648	0	3580690432	4294967296	0	155426816
141	1420394496	2147483648	0	2604445696	4294967296	0	2077319168	2147483648	0	3509374976	4294967296	0	172220416
142	1367822336	2147483648	0	2510876672	4294967296	0	2061684736	2147483648	0	3448352768	4294967296	0	155287552
143	1319317504	2147483648	0	2423971840	4294967296	0	2046189568	2147483648	0	3387953152	4294967296	0	176750592
144	1312514048	2147483648	0	2410631168	4294967296	0	2057744384	2147483648	0	3402637312	4294967296	0	180740096
145	1307574272	2147483648	0	2405146624	4294967296	0	2073743360	2147483648	0	3422257152	4294967296	0	167563264
146	1311760384	2147483648	0	2397888512	4294967296	0	2084614144	2147483648	0	3436298240	4294967296	0	173064192
147	1331040256	2147483648	0	2421727232	4294967296	0	1440714752	2147483648	0	3450761216	4294967296	0	772677632
148	1340497920	2147483648	0	2512801792	4294967296	0	1440653312	2147483648	0	3473940480	4294967296	0	649973760
149	1378758656	2147483648	0	2606067712	4294967296	0	1440653312	2147483648	0	3496189952	4294967296	0	495460352
150	1389580288	2147483648	0	2698174464	4294967296	0	1440653312	2147483648	0	3514376192	4294967296	0	374296576
151	1432821760	2147483648	0	2734673920	4294967296	0	1440653312	2147483648	0	3537604608	4294967296	0	271351808
152	1435238400	2147483648	0	2735419392	4294967296	0	1440653312	2147483648	0	3571007488	4294967296	0	234188800
153	1441636352	2147483648	0	2736336896	4294967296	0	1440653312	2147483648	0	3607724032	4294967296	0	189763584
154	1470935040	2147483648	0	2721816576	4294967296	0	1437097984	2147483648	0	3631521792	4294967296	0	165830656
155	1521389568	2147483648	0	2694356992	4294967296	0	1430593536	2147483648	0	3646681088	4294967296	0	157913088
156	1556910080	2147483648	0	2665512960	4294967296	0	1423806464	2147483648	0	3658153984	4294967296	0	169840640
157	1599741952	2147483648	0	2634928128	4294967296	0	1416593408	2147483648	0	3673022464	4294967296	0	174518272
158	1640947712	2147483648	0	2606882816	4294967296	0	1409974272	2147483648	0	3686305792	4294967296	0	177070080
159	1673940992	2147483648	0	2583289856	4294967296	0	1404538880	2147483648	0	3702767616	4294967296	0	175714304
160	1670676480	2147483648	0	2578952192	4294967296	0	1403355136	2147483648	0	3732078592	4294967296	0	160714752
161	1659420672	2147483648	0	2565074944	4294967296	0	1400053760	2147483648	0	3757502464	4294967296	0	175943680
162	1654845440	2147483648	0	2559582208	4294967296	0	1398566912	2147483648	0	3792211968	4294967296	0	157458432
163	1640947712	2147483648	0	2543022080	4294967296	0	1394544640	2147483648	0	3813675008	4294967296	0	176574464
164	1634979840	2147483648	0	2535768064	4294967296	0	1392787456	2147483648	0	3839500288	4294967296	0	170020864
165	1625726976	2147483648	0	2524266496	4294967296	0	1390010368	2147483648	0	3867652096	4294967296	0	175640576
166	1618423808	2147483648	0	2515361792	4294967296	0	1387810816	2147483648	0	3898474496	4294967296	0	172240896
167	1609113600	2147483648	0	2504056832	4294967296	0	1385046016	2147483648	0	3926401024	4294967296	0	167768064
168	1602265088	2147483648	0	2495655936	4294967296	0	1383026688	2147483648	0	3952779264	4294967296	0	169807872
169	1515655168	2147483648	0	2392240128	4294967296	0	1359364096	2147483648	0	3851665408	4294967296	0	169541632
170	1431568384	2147483648	0	2291998720	4294967296	0	1336397824	2147483648	0	3748319232	4294967296	0	165855232
171	1347833856	2147483648	0	2191962112	4294967296	0	1313312768	2147483648	0	3635552256	4294967296	0	174256128
172	1295597568	2147483648	0	2129604608	4294967296	0	1298931712	2147483648	0	2860937216	4294967296	0	723615744
173	1296576512	2147483648	0	2130268160	4294967296	0	1298931712	2147483648	0	2860843008	4294967296	0	330731520
174	1297448960	2147483648	0	2131435520	4294967296	0	1298931712	2147483648	0	2860843008	4294967296	0	328466432
175	1298513920	2147483648	0	2132443136	4294967296	0	1298931712	2147483648	0	2860843008	4294967296	0	326602752
176	1299505152	2147483648	0	2133323776	4294967296	0	1298931712	2147483648	0	2860843008	4294967296	0	324145152
177	1300578304	2147483648	0	2134622208	4294967296	0	1298931712	2147483648	0	2860843008	4294967296	0	322461696
178	1301671936	2147483648	0	2135658496	4294967296	0	1298931712	2147483648	0	2860843008	4294967296	0	318849024
179	1302818816	2147483648	0	2151653376	4294967296	0	1298931712	2147483648	0	2860843008	4294967296	0	303198208
180	1303961600	2147483648	0	2167054336	4294967296	0	1298931712	2147483648	0	2860843008	4294967296	0	287232000
181	1305030656	2147483648	0	2180919296	4294967296	0	1298931712	2147483648	0	2860843008	4294967296	0	272977920
182	1306284032	2147483648	0	2196725760	4294967296	0	1298931712	2147483648	0	2860843008	4294967296	0	255422464
183	1307312128	2147483648	0	2209992704	4294967296	0	1298931712	2147483648	0	2862940160	4294967296	0	238309376
184	1308442624	2147483648	0	2216148992	4294967296	0	1298931712	2147483648	0	2862940160	4294967296	0	230838272
185	1309696000	2147483648	0	2227257344	4294967296	0	1298931712	2147483648	0	2862940160	4294967296	0	218800128
186	1310625792	2147483648	0	2240540672	4294967296	0	1298931712	2147483648	0	2862940160	4294967296	0	204673024
187	1315987456	2147483648	0	2254143488	4294967296	0	1298931712	2147483648	0	2862940160	4294967296	0	184934400
188	1323053056	2147483648	0	2268819456	4294967296	0	1298931712	2147483648	0	2862940160	4294967296	0	163573760
189	1326919680	2147483648	0	2277994496	4294967296	0	1297457152	2147483648	0	2855231488	4294967296	0	168554496
190	1330130944	2147483648	0	2281742336	4294967296	0	1295998976	2147483648	0	2847682560	4294967296	0	179351552
191	1331621888	2147483648	0	2285686784	4294967296	0	1294565376	2147483648	0	2840260608	4294967296	0	191016960
192	1340694528	2147483648	0	2291941376	4294967296	0	1294565376	2147483648	0	2840260608	4294967296	0	175071232
193	1348112384	2147483648	0	2291077120	4294967296	0	1293160448	2147483648	0	2832961536	4294967296	0	185753600
194	1354452992	2147483648	0	2306310144	4294967296	0	1295257600	2147483648	0	2832961536	4294967296	0	162381824
195	1355153408	2147483648	0	2310967296	4294967296	0	1293869056	2147483648	0	2825777152	4294967296	0	175325184
196	1359888384	2147483648	0	2324586496	4294967296	0	1293869056	2147483648	0	2825777152	4294967296	0	157241344
197	1354465280	2147483648	0	2323759104	4294967296	0	1292496896	2147483648	0	2818703360	4294967296	0	181002240
198	1361379328	2147483648	0	2319122432	4294967296	0	1291149312	2147483648	0	2811719680	4294967296	0	187957248
199	1367396352	2147483648	0	2334949376	4294967296	0	1291149312	2147483648	0	2811719680	4294967296	0	164368384
200	1368883200	2147483648	0	2340225024	4294967296	0	1289822208	2147483648	0	2804858880	4294967296	0	171884544
201	1365573632	2147483648	0	2344665088	4294967296	0	1288511488	2147483648	0	2798108672	4294967296	0	196284416
202	1366392832	2147483648	0	2350551040	4294967296	0	1288511488	2147483648	0	2798108672	4294967296	0	190795776
203	1367257088	2147483648	0	2362208256	4294967296	0	1288511488	2147483648	0	2798108672	4294967296	0	178176000
204	1368162304	2147483648	0	2368884736	4294967296	0	1288511488	2147483648	0	2798108672	4294967296	0	168923136
205	1294483456	2147483648	0	2254434304	4294967296	0	1273913344	2147483648	0	2722926592	4294967296	0	198688768
206	1219518464	2147483648	0	2139373568	4294967296	0	1259474944	2147483648	0	2648215552	4294967296	0	168910848
207	1171357696	2147483648	0	2063425536	4294967296	0	1249505280	2147483648	0	2596814848	4294967296	0	180318208
208	1159680000	2147483648	0	2044911616	4294967296	0	1324953600	2147483648	0	2584186880	4294967296	0	168038400
209	1145483264	2147483648	0	2022522880	4294967296	0	1410142208	2147483648	0	2568941568	4294967296	0	162201600
210	1134149632	2147483648	0	2004602880	4294967296	0	1451450368	2147483648	0	2556350464	4294967296	0	186241024
211	1129168896	2147483648	0	1996472320	4294967296	0	1485971456	2147483648	0	2550398976	4294967296	0	181882880
212	1124495360	2147483648	0	1988603904	4294967296	0	1521774592	2147483648	0	2544611328	4294967296	0	176476160
213	1120108544	2147483648	0	1981210624	4294967296	0	1556705280	2147483648	0	2538995712	4294967296	0	169959424
214	1107419136	2147483648	0	2002636800	4294967296	0	1581879296	2147483648	0	2525736960	4294967296	0	177700864
215	1097588736	2147483648	0	2043527168	4294967296	0	1605246976	2147483648	0	2515165184	4294967296	0	157638656
216	1088913408	2147483648	0	2045054976	4294967296	0	1631330304	2147483648	0	2505912320	4294967296	0	168857600
217	1075765248	2147483648	0	2081763328	4294967296	0	1650331648	2147483648	0	2492628992	4294967296	0	170037248
218	1060356096	2147483648	0	2128859136	4294967296	0	1662775296	2147483648	0	2477146112	4294967296	0	179597312
219	1047953408	2147483648	0	2170957824	4294967296	0	1678520320	2147483648	0	2464968704	4294967296	0	178028544
220	1039773696	2147483648	0	2206896128	4294967296	0	1696374784	2147483648	0	2456625152	4294967296	0	163262464
221	1037787136	2147483648	0	2192846848	4294967296	0	1726205952	2147483648	0	2453721088	4294967296	0	161103872
222	1053446144	2147483648	0	2163163136	4294967296	0	1747988480	2147483648	0	2447892480	4294967296	0	176697344
223	1092669440	2147483648	0	2128015360	4294967296	0	1764028416	2147483648	0	2441334784	4294967296	0	182173696
224	1123930112	2147483648	0	2101854208	4294967296	0	1783459840	2147483648	0	2436300800	4294967296	0	177979392
225	1125449728	2147483648	0	2086547456	4294967296	0	1809235968	2147483648	0	2433347584	4294967296	0	178176000
226	1154125824	2147483648	0	2062987264	4294967296	0	1828425728	2147483648	0	2428878848	4294967296	0	174346240
227	1191272448	2147483648	0	2042335232	4294967296	0	1837182976	2147483648	0	2424754176	4294967296	0	165867520
228	1229410304	2147483648	0	2021617664	4294967296	0	1844842496	2147483648	0	2420883456	4294967296	0	159485952
229	1249005568	2147483648	0	1995583488	4294967296	0	1849700352	2147483648	0	2416013312	4294967296	0	185413632
230	1281294336	2147483648	0	1974099968	4294967296	0	1866780672	2147483648	0	2411843584	4294967296	0	179118080
231	1309839360	2147483648	0	1955328000	4294967296	0	1878482944	2147483648	0	2408366080	4294967296	0	175194112
232	1317625856	2147483648	0	1942409216	4294967296	0	1897701376	2147483648	0	2405892096	4294967296	0	171778048
233	1293475840	2147483648	0	1927544832	4294967296	0	1913303040	2147483648	0	2436952064	4294967296	0	172568576
234	1272987648	2147483648	0	1915052032	4294967296	0	1929310208	2147483648	0	2473299968	4294967296	0	164216832
235	1247629312	2147483648	0	1899368448	4294967296	0	1941590016	2147483648	0	2508042240	4294967296	0	173355008
236	1230008320	2147483648	0	1888722944	4294967296	0	1956327424	2147483648	0	2544005120	4294967296	0	157405184
237	1202655232	2147483648	0	1871667200	4294967296	0	1965834240	2147483648	0	2576347136	4294967296	0	179855360
238	1182650368	2147483648	0	1859366912	4294967296	0	1978163200	2147483648	0	2608578560	4294967296	0	180023296
239	1165103104	2147483648	0	1848360960	4294967296	0	1989771264	2147483648	0	2639343616	4294967296	0	177270784
240	1145659392	2147483648	0	1836277760	4294967296	0	1999278080	2147483648	0	2671661056	4294967296	0	179691520
241	1129447424	2147483648	0	1826402304	4294967296	0	2009341952	2147483648	0	2703937536	4294967296	0	177582080
242	1113341952	2147483648	0	1816432640	4294967296	0	2016698368	2147483648	0	2737778688	4294967296	0	175828992
243	1096908800	2147483648	0	1811243008	4294967296	0	2021085184	2147483648	0	2766635008	4294967296	0	177291264
244	1091371008	2147483648	0	1817235456	4294967296	0	1415925760	2147483648	0	2804920320	4294967296	0	749604864
245	1092395008	2147483648	0	1826627584	4294967296	0	1415884800	2147483648	0	2853707776	4294967296	0	689504256
246	1093361664	2147483648	0	1841410048	4294967296	0	1415884800	2147483648	0	2904186880	4294967296	0	623194112
247	1094230016	2147483648	0	1850941440	4294967296	0	1415884800	2147483648	0	2946523136	4294967296	0	569745408
248	1095266304	2147483648	0	1863073792	4294967296	0	1415884800	2147483648	0	2995978240	4294967296	0	506765312
249	1096171520	2147483648	0	1877659648	4294967296	0	1415884800	2147483648	0	3043180544	4294967296	0	434761728
250	1097101312	2147483648	0	1885163520	4294967296	0	1415884800	2147483648	0	3079417856	4294967296	0	395243520
251	1078640640	2147483648	0	1865191424	4294967296	0	1390850048	2147483648	0	3049754624	4294967296	0	180822016
252	1032409088	2147483648	0	1815670784	4294967296	0	1328787456	2147483648	0	2948571136	4294967296	0	138592256
253	995180544	2147483648	0	1777819648	4294967296	0	1280811008	2147483648	0	2865037312	4294967296	0	139264000
254	975048704	2147483648	0	1758015488	4294967296	0	1254825984	2147483648	0	2832097280	4294967296	0	179920896
255	971968512	2147483648	0	1760817152	4294967296	0	1249566720	2147483648	0	2852483072	4294967296	0	175529984
256	970649600	2147483648	0	1758367744	4294967296	0	1247055872	2147483648	0	2879721472	4294967296	0	159117312
257	968019968	2147483648	0	1753231360	4294967296	0	1242255360	2147483648	0	2899337216	4294967296	0	163168256
258	964718592	2147483648	0	1747382272	4294967296	0	1237381120	2147483648	0	2919751680	4294967296	0	167550976
259	964567040	2147483648	0	1742295040	4294967296	0	1233342464	2147483648	0	2922479616	4294967296	0	183771136
260	969154560	2147483648	0	1737347072	4294967296	0	1229778944	2147483648	0	2932367360	4294967296	0	185569280
261	969957376	2147483648	0	1738199040	4294967296	0	1229778944	2147483648	0	2953183232	4294967296	0	163569664
262	974651392	2147483648	0	1734615040	4294967296	0	1226653696	2147483648	0	2957008896	4294967296	0	170815488
263	974909440	2147483648	0	1731497984	4294967296	0	1223892992	2147483648	0	2962309120	4294967296	0	181231616
264	971374592	2147483648	0	1728610304	4294967296	0	1221476352	2147483648	0	2979155968	4294967296	0	183480320
265	971739136	2147483648	0	1725964288	4294967296	0	1219334144	2147483648	0	2994933760	4294967296	0	183750656
266	974790656	2147483648	0	1723641856	4294967296	0	1217449984	2147483648	0	3009282048	4294967296	0	180744192
267	977186816	2147483648	0	1721659392	4294967296	0	1215778816	2147483648	0	3023347712	4294967296	0	175132672
268	972816384	2147483648	0	1719971840	4294967296	0	1214324736	2147483648	0	3036958720	4294967296	0	178483200
269	974655488	2147483648	0	1718296576	4294967296	0	1213034496	2147483648	0	3052843008	4294967296	0	170254336
270	975106048	2147483648	0	1717219328	4294967296	0	1211908096	2147483648	0	3069136896	4294967296	0	162791424
271	974233600	2147483648	0	1715699712	4294967296	0	1210810368	2147483648	0	3081678848	4294967296	0	159375360
272	976936960	2147483648	0	1712652288	4294967296	0	1209065472	2147483648	0	3075215360	4294967296	0	179961856
273	973254656	2147483648	0	1711951872	4294967296	0	1208365056	2147483648	0	3093753856	4294967296	0	171728896
274	974213120	2147483648	0	1709969408	4294967296	0	1207275520	2147483648	0	3092484096	4294967296	0	185733120
275	970371072	2147483648	0	1709481984	4294967296	0	1206824960	2147483648	0	3112079360	4294967296	0	177328128
276	975437824	2147483648	0	1709395968	4294967296	0	1206444032	2147483648	0	3130605568	4294967296	0	159883264
277	975458304	2147483648	0	1708060672	4294967296	0	1205788672	2147483648	0	3129884672	4294967296	0	175091712
278	975245312	2147483648	0	1707991040	4294967296	0	1205530624	2147483648	0	3146973184	4294967296	0	166170624
279	969707520	2147483648	0	1707405312	4294967296	0	1205108736	2147483648	0	3154087936	4294967296	0	176885760
280	965804032	2147483648	0	1705865216	4294967296	0	1204588544	2147483648	0	3139317760	4294967296	0	192987136
281	964554752	2147483648	0	1705836544	4294967296	0	1200586752	2147483648	0	3152171008	4294967296	0	179527680
282	961757184	2147483648	0	1715384320	4294967296	0	1198944256	2147483648	0	3144409088	4294967296	0	178028544
283	955371520	2147483648	0	1784094720	4294967296	0	1196916736	2147483648	0	3121754112	4294967296	0	155910144
284	951156736	2147483648	0	1823109120	4294967296	0	1191272448	2147483648	0	3097112576	4294967296	0	176443392
285	950480896	2147483648	0	1871306752	4294967296	0	1189294080	2147483648	0	2363031552	4294967296	0	875950080
286	953843712	2147483648	0	1925533696	4294967296	0	1189355520	2147483648	0	2363445248	4294967296	0	803823616
287	955011072	2147483648	0	1983934464	4294967296	0	1189515264	2147483648	0	2363510784	4294967296	0	736632832
288	956059648	2147483648	0	2089885696	4294967296	0	1189531648	2147483648	0	2363555840	4294967296	0	625164288
289	957222912	2147483648	0	2194706432	4294967296	0	1189441536	2147483648	0	2363613184	4294967296	0	526921728
290	958521344	2147483648	0	2230870016	4294967296	0	1189462016	2147483648	0	2363633664	4294967296	0	487673856
291	959950848	2147483648	0	2232676352	4294967296	0	1189482496	2147483648	0	2363731968	4294967296	0	480460800
292	961089536	2147483648	0	2234130432	4294967296	0	1189634048	2147483648	0	2363768832	4294967296	0	474411008
293	993599488	2147483648	0	2235277312	4294967296	0	1189695488	2147483648	0	2363817984	4294967296	0	433340416
294	1026748416	2147483648	0	2235981824	4294967296	0	1189621760	2147483648	0	2363854848	4294967296	0	303468544
295	1018900480	2147483648	0	2072252416	4294967296	0	1184075776	2147483648	0	2362937344	4294967296	0	160423936
296	984686592	2147483648	0	1846865920	4294967296	0	1161740288	2147483648	0	2344570880	4294967296	0	161456128
297	968667136	2147483648	0	1738506240	4294967296	0	1133891584	2147483648	0	2304380928	4294967296	0	184516608
298	1000845312	2147483648	0	1728684032	4294967296	0	1119985664	2147483648	0	2297180160	4294967296	0	178974720
299	1031970816	2147483648	0	1723998208	4294967296	0	1112645632	2147483648	0	2293592064	4294967296	0	175755264
300	1054343168	2147483648	0	1719615488	4294967296	0	1105354752	2147483648	0	2288869376	4294967296	0	177328128
301	1073057792	2147483648	0	1715671040	4294967296	0	1096507392	2147483648	0	2281840640	4294967296	0	189902848
302	1089839104	2147483648	0	1713491968	4294967296	0	1089187840	2147483648	0	2278739968	4294967296	0	188878848
303	1092296704	2147483648	0	1714991104	4294967296	0	1088139264	2147483648	0	2278588416	4294967296	0	183734272
304	1057435648	2147483648	0	1713291264	4294967296	0	1120202752	2147483648	0	2275291136	4294967296	0	190873600
305	1031495680	2147483648	0	1711333376	4294967296	0	1155756032	2147483648	0	2267602944	4294967296	0	198377472
306	1032437760	2147483648	0	1712128000	4294967296	0	1180790784	2147483648	0	2268184576	4294967296	0	170987520
307	1011679232	2147483648	0	1710473216	4294967296	0	1201922048	2147483648	0	2260242432	4294967296	0	185053184
308	1012641792	2147483648	0	1711325184	4294967296	0	1224859648	2147483648	0	2260918272	4294967296	0	159629312
309	995442688	2147483648	0	1709826048	4294967296	0	1230118912	2147483648	0	2252177408	4294967296	0	186568704
310	980512768	2147483648	0	1712402432	4294967296	0	1250164736	2147483648	0	2244247552	4294967296	0	195915776
311	981708800	2147483648	0	1720336384	4294967296	0	1269178368	2147483648	0	2245124096	4294967296	0	160247808
312	969207808	2147483648	0	1730949120	4294967296	0	1275064320	2147483648	0	2236391424	4294967296	0	171048960
313	959361024	2147483648	0	1733079040	4294967296	0	1283739648	2147483648	0	2225295360	4294967296	0	188829696
314	956346368	2147483648	0	1737363456	4294967296	0	1292603392	2147483648	0	2223386624	4294967296	0	176943104
315	954146816	2147483648	0	1735127040	4294967296	0	1304207360	2147483648	0	2219323392	4294967296	0	186155008
316	953151488	2147483648	0	1733611520	4294967296	0	1315241984	2147483648	0	2217652224	4294967296	0	185589760
317	948994048	2147483648	0	1732943872	4294967296	0	1325572096	2147483648	0	2210217984	4294967296	0	196112384
318	950140928	2147483648	0	1746501632	4294967296	0	1346232320	2147483648	0	2211663872	4294967296	0	157360128
319	947421184	2147483648	0	1745063936	4294967296	0	1354174464	2147483648	0	2202673152	4294967296	0	174235648
320	945684480	2147483648	0	1735581696	4294967296	0	1362944000	2147483648	0	2190073856	4294967296	0	202047488
321	943665152	2147483648	0	1727352832	4294967296	0	1372106752	2147483648	0	2181083136	4294967296	0	188891136
322	942714880	2147483648	0	1733693440	4294967296	0	1380200448	2147483648	0	2168221696	4294967296	0	189161472
323	956411904	2147483648	0	1735000064	4294967296	0	1386565632	2147483648	0	2158530560	4294967296	0	179015680
324	955039744	2147483648	0	1730998272	4294967296	0	1399967744	2147483648	0	2157789184	4294967296	0	171839488
325	956747776	2147483648	0	1730146304	4294967296	0	1411047424	2147483648	0	2147598336	4294967296	0	158285824
326	956940288	2147483648	0	1722810368	4294967296	0	1410875392	2147483648	0	2130882560	4294967296	0	184614912
327	950689792	2147483648	0	1726177280	4294967296	0	1420660736	2147483648	0	2120482816	4294967296	0	187908096
328	951877632	2147483648	0	1722597376	4294967296	0	1426964480	2147483648	0	2107727872	4294967296	0	189104128
329	940732416	2147483648	0	1706409984	4294967296	0	1424941056	2147483648	0	2088456192	4294967296	0	139108352
330	940781568	2147483648	0	1707577344	4294967296	0	1427140608	2147483648	0	2055925760	4294967296	0	138727424
331	944889856	2147483648	0	1709572096	4294967296	0	1427881984	2147483648	0	2023120896	4294967296	0	138526720
332	940507136	2147483648	0	1706176512	4294967296	0	1427234816	2147483648	0	1960132608	4294967296	0	138653696
333	935792640	2147483648	0	1707659264	4294967296	0	1427349504	2147483648	0	1880293376	4294967296	0	138711040
334	935530496	2147483648	0	1706762240	4294967296	0	1426870272	2147483648	0	1779118080	4294967296	0	141193216
335	920600576	2147483648	0	1704964096	4294967296	0	1426341888	2147483648	0	1668284416	4294967296	0	139739136
336	900489216	2147483648	0	1705594880	4294967296	0	1433321472	2147483648	0	1282838528	4294967296	0	177397760
337	897527808	2147483648	0	1696296960	4294967296	0	1451098112	2147483648	0	1285296128	4294967296	0	185798656
338	896634880	2147483648	0	1693339648	4294967296	0	1466712064	2147483648	0	1297985536	4294967296	0	171261952
339	894595072	2147483648	0	1692635136	4294967296	0	1474007040	2147483648	0	1286492160	4294967296	0	186552320
340	893935616	2147483648	0	1691676672	4294967296	0	1483599872	2147483648	0	1289392128	4294967296	0	177229824
341	886493184	2147483648	0	1681276928	4294967296	0	1495130112	2147483648	0	1313968128	4294967296	0	162869248
342	879206400	2147483648	0	1665826816	4294967296	0	1500487680	2147483648	0	1320816640	4294967296	0	169435136
343	868433920	2147483648	0	1641218048	4294967296	0	1506131968	2147483648	0	1324298240	4294967296	0	199725056
344	840204288	2147483648	0	1666539520	4294967296	0	1510137856	2147483648	0	1330728960	4294967296	0	187662336
345	825163776	2147483648	0	1681588224	4294967296	0	1512624128	2147483648	0	1332183040	4294967296	0	188215296
346	795021312	2147483648	0	1714413568	4294967296	0	1514369024	2147483648	0	1330225152	4294967296	0	187232256
347	790110208	2147483648	0	1733627904	4294967296	0	1514467328	2147483648	0	1329635328	4294967296	0	173760512
348	769482752	2147483648	0	1737060352	4294967296	0	1518080000	2147483648	0	1331335168	4294967296	0	185880576
349	752463872	2147483648	0	1751150592	4294967296	0	1523486720	2147483648	0	1335136256	4294967296	0	165728256
350	745586688	2147483648	0	1732669440	4294967296	0	1531719680	2147483648	0	1343213568	4294967296	0	180387840
351	744554496	2147483648	0	1706700800	4294967296	0	1538113536	2147483648	0	1350979584	4294967296	0	167575552
352	738304000	2147483648	0	1691394048	4294967296	0	1543823360	2147483648	0	1358528512	4294967296	0	178024448
353	726904832	2147483648	0	1693073408	4294967296	0	1547550720	2147483648	0	1365360640	4294967296	0	175542272
354	719990784	2147483648	0	1697476608	4294967296	0	1553158144	2147483648	0	1373151232	4294967296	0	152940544
355	736899072	2147483648	0	1658343424	4294967296	0	1558024192	2147483648	0	1380548608	4294967296	0	166547456
356	738230272	2147483648	0	1646944256	4294967296	0	1560694784	2147483648	0	1390501888	4294967296	0	185131008
357	745750528	2147483648	0	1637003264	4294967296	0	1564610560	2147483648	0	1396961280	4294967296	0	175935488
358	760045568	2147483648	0	1608400896	4294967296	0	1573687296	2147483648	0	1404391424	4294967296	0	158314496
359	746790912	2147483648	0	1551679488	4294967296	0	1572143104	2147483648	0	1331859456	4294967296	0	149676032
360	430931968	2147483648	0	1263607808	4294967296	0	1563103232	2147483648	0	1057017856	4294967296	0	199491584
361	434282496	2147483648	0	1266335744	4294967296	0	1569394688	2147483648	0	1057882112	4294967296	0	178257920
362	435806208	2147483648	0	1266892800	4294967296	0	1575686144	2147483648	0	1058607104	4294967296	0	161136640
363	432693248	2147483648	0	1249361920	4294967296	0	1581166592	2147483648	0	1048477696	4294967296	0	162029568
364	437592064	2147483648	0	1204183040	4294967296	0	1585115136	2147483648	0	1054597120	4294967296	0	169283584
365	444796928	2147483648	0	1168916480	4294967296	0	1587900416	2147483648	0	1062068224	4294967296	0	191320064
366	444526592	2147483648	0	1145978880	4294967296	0	1591504896	2147483648	0	1075589120	4294967296	0	209702912
367	457211904	2147483648	0	1132306432	4294967296	0	1599229952	2147483648	0	1091780608	4294967296	0	195166208
368	467075072	2147483648	0	1103773696	4294967296	0	1604919296	2147483648	0	1106599936	4294967296	0	200675328
369	478167040	2147483648	0	1085947904	4294967296	0	1613090816	2147483648	0	1123364864	4294967296	0	183816192
370	492535808	2147483648	0	1065545728	4294967296	0	1623474176	2147483648	0	1141649408	4294967296	0	164982784
371	494682112	2147483648	0	1052483584	4294967296	0	1622065152	2147483648	0	1151533056	4294967296	0	177496064
372	508932096	2147483648	0	1026617344	4294967296	0	1631199232	2147483648	0	1172074496	4294967296	0	165871616
373	515309568	2147483648	0	987385856	4294967296	0	1634189312	2147483648	0	1182986240	4294967296	0	188862464
374	518713344	2147483648	0	973971456	4294967296	0	1637642240	2147483648	0	1190465536	4294967296	0	182616064
375	527990784	2147483648	0	949678080	4294967296	0	1646452736	2147483648	0	1205755904	4294967296	0	183189504
376	536551424	2147483648	0	907735040	4294967296	0	1656078336	2147483648	0	1219866624	4294967296	0	201441280
377	548012032	2147483648	0	905224192	4294967296	0	1667014656	2147483648	0	1239625728	4294967296	0	170467328
378	555024384	2147483648	0	876826624	4294967296	0	1679564800	2147483648	0	1252220928	4294967296	0	173195264
379	565927936	2147483648	0	870612992	4294967296	0	1691680768	2147483648	0	1266397184	4294967296	0	143192064
380	563400704	2147483648	0	844263424	4294967296	0	1699196928	2147483648	0	1259892736	4294967296	0	171921408
381	571686912	2147483648	0	820154368	4294967296	0	1707622400	2147483648	0	1273151488	4294967296	0	181538816
382	578838528	2147483648	0	796065792	4294967296	0	1713565696	2147483648	0	1284689920	4294967296	0	180695040
383	584445952	2147483648	0	769900544	4294967296	0	1718898688	2147483648	0	1283239936	4294967296	0	170086400
384	588193792	2147483648	0	727138304	4294967296	0	1723248640	2147483648	0	1286070272	4294967296	0	178524160
385	596672512	2147483648	0	698941440	4294967296	0	1730449408	2147483648	0	1291890688	4294967296	0	161390592
386	599113728	2147483648	0	667910144	4294967296	0	1732739072	2147483648	0	1297399808	4294967296	0	140308480
387	580448256	2147483648	0	492027904	4294967296	0	1730842624	2147483648	0	1204977664	4294967296	0	152481792
388	576286720	2147483648	0	409628672	4294967296	0	1731461120	2147483648	0	1096646656	4294967296	0	171487232
389	556204032	2147483648	0	323420160	4294967296	0	1729769472	2147483648	0	1013604352	4294967296	0	165040128
390	441606144	2147483648	0	293711872	4294967296	0	1721827328	2147483648	0	960978944	4294967296	0	182304768
391	380219392	2147483648	0	257359872	4294967296	0	1716285440	2147483648	0	935440384	4294967296	0	192348160
392	381128704	2147483648	0	258793472	4294967296	0	1716658176	2147483648	0	935702528	4294967296	0	182075392
393	381116416	2147483648	0	259067904	4294967296	0	1716576256	2147483648	0	935702528	4294967296	0	181567488
394	381059072	2147483648	0	259067904	4294967296	0	1716707328	2147483648	0	935702528	4294967296	0	181604352
395	327467008	2147483648	0	252506112	4294967296	0	1720225792	2147483648	0	925634560	4294967296	0	175472640
396	337260544	2147483648	0	241840128	4294967296	0	1725046784	2147483648	0	929320960	4294967296	0	153202688
397	349261824	2147483648	0	236683264	4294967296	0	1730191360	2147483648	0	936366080	4294967296	0	146522112
398	332316672	2147483648	0	229875712	4294967296	0	1732157440	2147483648	0	938381312	4294967296	0	191397888
399	339652608	2147483648	0	235950080	4294967296	0	1737183232	2147483648	0	954114048	4294967296	0	176787456
400	338780160	2147483648	0	237850624	4294967296	0	1741209600	2147483648	0	962785280	4294967296	0	187711488
401	346353664	2147483648	0	243568640	4294967296	0	1747435520	2147483648	0	948649984	4294967296	0	187867136
402	353083392	2147483648	0	252530688	4294967296	0	1755709440	2147483648	0	963084288	4294967296	0	159432704
403	362680320	2147483648	0	258875392	4294967296	0	1760878592	2147483648	0	953536512	4294967296	0	145952768
404	372998144	2147483648	0	264536064	4294967296	0	1766199296	2147483648	0	944783360	4294967296	0	140935168
405	367894528	2147483648	0	265043968	4294967296	0	1766678528	2147483648	0	928047104	4294967296	0	171896832
406	367804416	2147483648	0	253464576	4294967296	0	1769250816	2147483648	0	913952768	4294967296	0	193781760
407	382586880	2147483648	0	260460544	4294967296	0	1778298880	2147483648	0	908025856	4294967296	0	157736960
408	384503808	2147483648	0	252694528	4294967296	0	1779384320	2147483648	0	881475584	4294967296	0	186802176
409	391909376	2147483648	0	258920448	4294967296	0	1784963072	2147483648	0	868515840	4294967296	0	185708544
410	398655488	2147483648	0	263716864	4294967296	0	1787215872	2147483648	0	825200640	4294967296	0	223318016
411	409853952	2147483648	0	280170496	4294967296	0	1793839104	2147483648	0	835375104	4294967296	0	182427648
412	409563136	2147483648	0	285372416	4294967296	0	1795588096	2147483648	0	840663040	4294967296	0	193945600
413	418897920	2147483648	0	295669760	4294967296	0	1803624448	2147483648	0	829136896	4294967296	0	173580288
414	424800256	2147483648	0	306896896	4294967296	0	1805352960	2147483648	0	821293056	4294967296	0	183001088
415	427261952	2147483648	0	313274368	4294967296	0	1806864384	2147483648	0	790614016	4294967296	0	177500160
416	435605504	2147483648	0	322318336	4294967296	0	1814765568	2147483648	0	761749504	4294967296	0	139890688
417	440295424	2147483648	0	326967296	4294967296	0	1815834624	2147483648	0	757350400	4294967296	0	139165696
418	433123328	2147483648	0	322428928	4294967296	0	1814282240	2147483648	0	741482496	4294967296	0	173219840
419	434925568	2147483648	0	327454720	4294967296	0	1822068736	2147483648	0	722747392	4294967296	0	139964416
420	380862464	2147483648	0	312225792	4294967296	0	1820016640	2147483648	0	694050816	4294967296	0	139264000
421	326410240	2147483648	0	307494912	4294967296	0	1820033024	2147483648	0	637865984	4294967296	0	138698752
422	305184768	2147483648	0	277643264	4294967296	0	1821519872	2147483648	0	572968960	4294967296	0	138625024
423	258338816	2147483648	0	230146048	4294967296	0	1821609984	2147483648	0	486277120	4294967296	0	138964992
424	214872064	2147483648	0	192700416	4294967296	0	1823817728	2147483648	0	274345984	4294967296	0	138838016
425	188702720	2147483648	0	158543872	4294967296	0	1824198656	2147483648	0	136781824	4294967296	0	141037568
426	182898688	2147483648	0	146202624	4294967296	0	1826181120	2147483648	0	90021888	4294967296	0	139866112
427	186564608	2147483648	0	146833408	4294967296	0	1827446784	2147483648	0	85692416	4294967296	0	139558912
428	179757056	2147483648	0	148725760	4294967296	0	1826549760	2147483648	0	71827456	4294967296	0	142671872
429	173907968	2147483648	0	147349504	4294967296	0	1827540992	2147483648	0	67055616	4294967296	0	183103488
430	181428224	2147483648	0	154894336	4294967296	0	1830047744	2147483648	0	56832000	4294967296	0	174858240
431	193511424	2147483648	0	165937152	4294967296	0	1829203968	2147483648	0	57872384	4294967296	0	177815552
432	213528576	2147483648	0	185724928	4294967296	0	1198673920	2147483648	0	62652416	4294967296	0	752398336
433	242372608	2147483648	0	214499328	4294967296	0	1198673920	2147483648	0	84627456	4294967296	0	667250688
434	273829888	2147483648	0	248283136	4294967296	0	1198673920	2147483648	0	107757568	4294967296	0	574386176
435	293257216	2147483648	0	277032960	4294967296	0	1198673920	2147483648	0	126865408	4294967296	0	502476800
436	330817536	2147483648	0	313413632	4294967296	0	1198673920	2147483648	0	153784320	4294967296	0	395882496
437	340242432	2147483648	0	324395008	4294967296	0	1198673920	2147483648	0	161619968	4294967296	0	362815488
438	370941952	2147483648	0	352960512	4294967296	0	1198673920	2147483648	0	182034432	4294967296	0	277544960
439	399306752	2147483648	0	379908096	4294967296	0	1198673920	2147483648	0	200515584	4294967296	0	195829760
440	412172288	2147483648	0	390017024	4294967296	0	1197596672	2147483648	0	218890240	4294967296	0	160448512
441	403865600	2147483648	0	381071360	4294967296	0	1193766912	2147483648	0	233123840	4294967296	0	175706112
442	404127744	2147483648	0	381280256	4294967296	0	1193766912	2147483648	0	233263104	4294967296	0	172077056
443	391540736	2147483648	0	392540160	4294967296	0	1192398848	2147483648	0	246861824	4294967296	0	164876288
444	377401344	2147483648	0	392794112	4294967296	0	1184866304	2147483648	0	259121152	4294967296	0	176787456
445	368025600	2147483648	0	403996672	4294967296	0	1182453760	2147483648	0	274579456	4294967296	0	157089792
446	353435648	2147483648	0	398610432	4294967296	0	1180405760	2147483648	0	289878016	4294967296	0	184033280
447	346865664	2147483648	0	409284608	4294967296	0	1174511616	2147483648	0	303656960	4294967296	0	184360960
448	346804224	2147483648	0	412860416	4294967296	0	1174437888	2147483648	0	305463296	4294967296	0	177586176
449	343904256	2147483648	0	423006208	4294967296	0	1155690496	2147483648	0	320262144	4294967296	0	170926080
450	335511552	2147483648	0	415035392	4294967296	0	1134968832	2147483648	0	343617536	4294967296	0	179671040
451	334295040	2147483648	0	413437952	4294967296	0	1109975040	2147483648	0	353435648	4294967296	0	183525376
452	334143488	2147483648	0	413544448	4294967296	0	1087094784	2147483648	0	366555136	4294967296	0	175112192
453	333676544	2147483648	0	413081600	4294967296	0	1076785152	2147483648	0	379465728	4294967296	0	395898880
454	333889536	2147483648	0	413081600	4294967296	0	1076785152	2147483648	0	385757184	4294967296	0	2413314048
455	333889536	2147483648	0	414392320	4294967296	0	1076785152	2147483648	0	393834496	4294967296	0	4399632384
456	335368192	2147483648	0	414392320	4294967296	0	1076785152	2147483648	0	401199104	4294967296	0	6180098048
457	335343616	2147483648	0	414392320	4294967296	0	1077137408	2147483648	0	408768512	4294967296	0	8104677376
458	335343616	2147483648	0	414392320	4294967296	0	1077137408	2147483648	0	416817152	4294967296	0	10121326592
459	335343616	2147483648	0	414392320	4294967296	0	1077137408	2147483648	0	424546304	4294967296	0	11998146560
460	335343616	2147483648	0	414392320	4294967296	0	1077137408	2147483648	0	432304128	4294967296	0	14027722752
461	335462400	2147483648	0	414392320	4294967296	0	1077137408	2147483648	0	445181952	4294967296	0	14111117312
462	335343616	2147483648	0	414392320	4294967296	0	1077137408	2147483648	0	458981376	4294967296	0	14096048128
463	335343616	2147483648	0	414392320	4294967296	0	1077137408	2147483648	0	472965120	4294967296	0	14081277952
464	335343616	2147483648	0	414392320	4294967296	0	1077137408	2147483648	0	486711296	4294967296	0	14066376704
465	335343616	2147483648	0	414404608	4294967296	0	1077137408	2147483648	0	500195328	4294967296	0	14051987456
466	335347712	2147483648	0	414404608	4294967296	0	1077137408	2147483648	0	513400832	4294967296	0	14038089728
467	335347712	2147483648	0	414404608	4294967296	0	1077137408	2147483648	0	528343040	4294967296	0	14022279168
468	335347712	2147483648	0	414404608	4294967296	0	1077137408	2147483648	0	542814208	4294967296	0	14006616064
469	335347712	2147483648	0	414404608	4294967296	0	1077137408	2147483648	0	556797952	4294967296	0	13991837696
470	336527360	2147483648	0	414404608	4294967296	0	1077137408	2147483648	0	570359808	4294967296	0	13976793088
471	336523264	2147483648	0	414404608	4294967296	0	1077137408	2147483648	0	584753152	4294967296	0	13961224192
472	336523264	2147483648	0	414404608	4294967296	0	1077137408	2147483648	0	598208512	4294967296	0	13946875904
473	336523264	2147483648	0	414404608	4294967296	0	1077137408	2147483648	0	612352000	4294967296	0	13931806720
474	336523264	2147483648	0	414404608	4294967296	0	1077137408	2147483648	0	623931392	4294967296	0	13919350784
475	336523264	2147483648	0	414416896	4294967296	0	1077137408	2147483648	0	634773504	4294967296	0	13905575936
476	336527360	2147483648	0	414416896	4294967296	0	1077137408	2147483648	0	645705728	4294967296	0	13893357568
477	338083840	2147483648	0	414416896	4294967296	0	1077137408	2147483648	0	655986688	4294967296	0	13877751808
478	338124800	2147483648	0	414416896	4294967296	0	1077137408	2147483648	0	666595328	4294967296	0	13864857600
479	338124800	2147483648	0	414416896	4294967296	0	1077137408	2147483648	0	677343232	4294967296	0	13854085120
480	338780160	2147483648	0	416497664	4294967296	0	1077137408	2147483648	0	686120960	4294967296	0	13842083840
481	338731008	2147483648	0	416493568	4294967296	0	1077137408	2147483648	0	696467456	4294967296	0	13831069696
482	338731008	2147483648	0	416493568	4294967296	0	1077137408	2147483648	0	706641920	4294967296	0	13820342272
483	344875008	2147483648	0	416493568	4294967296	0	1077137408	2147483648	0	717680640	4294967296	0	13780471808
484	368398336	2147483648	0	416493568	4294967296	0	1077137408	2147483648	0	732213248	4294967296	0	13736009728
485	390619136	2147483648	0	416497664	4294967296	0	1077137408	2147483648	0	746467328	4294967296	0	13687975936
486	412364800	2147483648	0	416497664	4294967296	0	1077137408	2147483648	0	759308288	4294967296	0	13648363520
487	434151424	2147483648	0	416497664	4294967296	0	1077137408	2147483648	0	772046848	4294967296	0	13611569152
488	457613312	2147483648	0	416497664	4294967296	0	1077137408	2147483648	0	785739776	4294967296	0	13572546560
489	481075200	2147483648	0	416497664	4294967296	0	1077137408	2147483648	0	798785536	4294967296	0	13532278784
490	506503168	2147483648	0	416497664	4294967296	0	1077137408	2147483648	0	812085248	4294967296	0	13489446912
491	531406848	2147483648	0	416497664	4294967296	0	1077137408	2147483648	0	825229312	4294967296	0	13447507968
492	555905024	2147483648	0	416497664	4294967296	0	1077137408	2147483648	0	838504448	4294967296	0	13405503488
493	132558848	2147483648	0	416497664	4294967296	0	1095487488	2147483648	0	854573056	4294967296	0	13796843520
494	0	2147483648	0	428232704	4294967296	0	1110183936	2147483648	0	872148992	4294967296	0	13719359488
495	0	2147483648	0	459214848	4294967296	0	1125363712	2147483648	0	888909824	4294967296	0	13649461248
496	0	2147483648	0	477827072	4294967296	0	1137553408	2147483648	0	902832128	4294967296	0	13602152448
497	0	2147483648	0	492584960	4294967296	0	1153675264	2147483648	0	919949312	4294967296	0	13551198208
498	0	2147483648	0	508440576	4294967296	0	1170436096	2147483648	0	936722432	4294967296	0	13499109376
499	0	2147483648	0	527466496	4294967296	0	1188626432	2147483648	0	955654144	4294967296	0	13440270336
500	0	2147483648	0	543965184	4294967296	0	1206714368	2147483648	0	972619776	4294967296	0	13386092544
501	0	2147483648	0	560529408	4294967296	0	1225064448	2147483648	0	989593600	4294967296	0	13332484096
502	0	2147483648	0	577773568	4294967296	0	1244200960	2147483648	0	1007947776	4294967296	0	13274918912
503	0	2147483648	0	596635648	4294967296	0	1264648192	2147483648	0	1027514368	4294967296	0	13212606464
504	0	2147483648	0	0	4294967296	0	1284280320	2147483648	0	1042247680	4294967296	0	13747531776
505	0	2147483648	0	0	4294967296	0	1152618496	2147483648	0	1054142464	4294967296	0	13870886912
506	0	2147483648	0	0	4294967296	0	1178963968	2147483648	0	1065316352	4294967296	0	13831446528
507	0	2147483648	0	0	4294967296	0	1205571584	2147483648	0	1076494336	4294967296	0	13791043584
508	0	2147483648	0	0	4294967296	0	1232965632	2147483648	0	1088036864	4294967296	0	13751525376
509	0	2147483648	0	0	4294967296	0	1261277184	2147483648	0	1099460608	4294967296	0	13710528512
510	0	2147483648	0	0	4294967296	0	1286574080	2147483648	0	1107759104	4294967296	0	13675511808
511	0	2147483648	0	0	4294967296	0	1306365952	2147483648	0	1119399936	4294967296	0	13642211328
512	0	2147483648	0	0	4294967296	0	1327992832	2147483648	0	1130860544	4294967296	0	13607927808
513	0	2147483648	0	0	4294967296	0	1349095424	2147483648	0	1142759424	4294967296	0	13573709824
514	0	2147483648	0	0	4294967296	0	1330044928	2147483648	0	1153781760	4294967296	0	13579051008
515	0	2147483648	0	0	4294967296	0	0	2147483648	0	1156419584	4294967296	0	14678614016
516	0	2147483648	0	0	4294967296	0	0	2147483648	0	989925376	4294967296	0	14851854336
517	0	2147483648	0	0	4294967296	0	0	2147483648	0	1001422848	4294967296	0	14838091776
518	0	2147483648	0	0	4294967296	0	0	2147483648	0	1016324096	4294967296	0	14818877440
519	0	2147483648	0	0	4294967296	0	0	2147483648	0	1030389760	4294967296	0	14800609280
520	0	2147483648	0	0	4294967296	0	0	2147483648	0	1043841024	4294967296	0	14782881792
521	0	2147483648	0	0	4294967296	0	0	2147483648	0	1056686080	4294967296	0	14766297088
522	0	2147483648	0	0	4294967296	0	0	2147483648	0	1067991040	4294967296	0	14751264768
523	0	2147483648	0	0	4294967296	0	0	2147483648	0	1081135104	4294967296	0	14734123008
524	0	2147483648	0	0	4294967296	0	0	2147483648	0	1093586944	4294967296	0	14717648896
525	0	2147483648	0	0	4294967296	0	0	2147483648	0	1107431424	4294967296	0	14700347392
