1	1464848384	9223372036854771712	0	2824577024	9223372036854771712	0	1771327488	9223372036854771712	0	3411177472	9223372036854771712	0	2381197312
2	1464967168	9223372036854771712	0	2824695808	9223372036854771712	0	1771327488	9223372036854771712	0	3411177472	9223372036854771712	0	2380455936
3	1494245376	9223372036854771712	0	2824695808	9223372036854771712	0	1771327488	9223372036854771712	0	3411177472	9223372036854771712	0	2352381952
4	1512714240	9223372036854771712	0	2824695808	9223372036854771712	0	1771327488	9223372036854771712	0	3411345408	9223372036854771712	0	2333286400
5	1526870016	9223372036854771712	0	2824843264	9223372036854771712	0	1771327488	9223372036854771712	0	3411398656	9223372036854771712	0	2318557184
6	1530302464	9223372036854771712	0	2824962048	9223372036854771712	0	1771327488	9223372036854771712	0	3411427328	9223372036854771712	0	2314924032
7	1530503168	9223372036854771712	0	2872385536	9223372036854771712	0	1771327488	9223372036854771712	0	3411427328	9223372036854771712	0	2267545600
8	1530720256	9223372036854771712	0	2885685248	9223372036854771712	0	1771327488	9223372036854771712	0	3411517440	9223372036854771712	0	2253479936
9	1530994688	9223372036854771712	0	2886025216	9223372036854771712	0	1771327488	9223372036854771712	0	3411570688	9223372036854771712	0	2251747328
10	1531355136	9223372036854771712	0	2886328320	9223372036854771712	0	1773424640	9223372036854771712	0	3411611648	9223372036854771712	0	2249482240
11	1531658240	9223372036854771712	0	2886512640	9223372036854771712	0	1773424640	9223372036854771712	0	3411656704	9223372036854771712	0	2247794688
12	1532006400	9223372036854771712	0	2886836224	9223372036854771712	0	1934512128	9223372036854771712	0	3411697664	9223372036854771712	0	2085658624
13	1532289024	9223372036854771712	0	2887131136	9223372036854771712	0	2091778048	9223372036854771712	0	3411775488	9223372036854771712	0	1926950912
14	1532604416	9223372036854771712	0	2887421952	9223372036854771712	0	2141302784	9223372036854771712	0	3411832832	9223372036854771712	0	1875034112
15	1533050880	9223372036854771712	0	2887852032	9223372036854771712	0	2147471360	9223372036854771712	0	3411734528	9223372036854771712	0	1865752576
16	1533460480	9223372036854771712	0	2888282112	9223372036854771712	0	2147479552	9223372036854771712	0	3411779584	9223372036854771712	0	1865379840
17	1533812736	9223372036854771712	0	2888654848	9223372036854771712	0	2147475456	9223372036854771712	0	3411820544	9223372036854771712	0	1863888896
18	1534169088	9223372036854771712	0	2889056256	9223372036854771712	0	2147483648	9223372036854771712	0	3411873792	9223372036854771712	0	1861754880
19	1534582784	9223372036854771712	0	2889555968	9223372036854771712	0	2147364864	9223372036854771712	0	3411906560	9223372036854771712	0	1860829184
20	1535102976	9223372036854771712	0	2889891840	9223372036854771712	0	2147442688	9223372036854771712	0	3412099072	9223372036854771712	0	1859338240
21	1535385600	9223372036854771712	0	2890448896	9223372036854771712	0	2147315712	9223372036854771712	0	3412004864	9223372036854771712	0	1858519040
22	1535746048	9223372036854771712	0	2903945216	9223372036854771712	0	2147323904	9223372036854771712	0	3412086784	9223372036854771712	0	1843752960
23	1536131072	9223372036854771712	0	2954539008	9223372036854771712	0	2147454976	9223372036854771712	0	3412287488	9223372036854771712	0	1787936768
24	1536561152	9223372036854771712	0	2992717824	9223372036854771712	0	2147418112	9223372036854771712	0	3456757760	9223372036854771712	0	1705168896
25	1537028096	9223372036854771712	0	3016556544	9223372036854771712	0	2147454976	9223372036854771712	0	3503554560	9223372036854771712	0	1623814144
26	1537531904	9223372036854771712	0	3037597696	9223372036854771712	0	2147340288	9223372036854771712	0	3541454848	9223372036854771712	0	1562886144
27	1538088960	9223372036854771712	0	3037949952	9223372036854771712	0	2147479552	9223372036854771712	0	3588046848	9223372036854771712	0	1515331584
28	1538703360	9223372036854771712	0	3038371840	9223372036854771712	0	2147479552	9223372036854771712	0	3635961856	9223372036854771712	0	1464360960
29	1539297280	9223372036854771712	0	3038871552	9223372036854771712	0	2147360768	9223372036854771712	0	3681173504	9223372036854771712	0	1417408512
30	1539702784	9223372036854771712	0	3039211520	9223372036854771712	0	2147405824	9223372036854771712	0	3717857280	9223372036854771712	0	1379475456
31	1540349952	9223372036854771712	0	3039936512	9223372036854771712	0	2147446784	9223372036854771712	0	3767562240	9223372036854771712	0	1328209920
32	1540915200	9223372036854771712	0	3040350208	9223372036854771712	0	2147405824	9223372036854771712	0	3800563712	9223372036854771712	0	1293434880
33	1541378048	9223372036854771712	0	3040821248	9223372036854771712	0	2147360768	9223372036854771712	0	3836719104	9223372036854771712	0	1256239104
34	1542160384	9223372036854771712	0	3041333248	9223372036854771712	0	2147401728	9223372036854771712	0	3872829440	9223372036854771712	0	1218306048
35	1543114752	9223372036854771712	0	3041759232	9223372036854771712	0	2147241984	9223372036854771712	0	3915382784	9223372036854771712	0	1173401600
36	1544114176	9223372036854771712	0	3042553856	9223372036854771712	0	2147454976	9223372036854771712	0	3961077760	9223372036854771712	0	1125994496
37	1545404416	9223372036854771712	0	3043405824	9223372036854771712	0	1568010240	9223372036854771712	0	4012814336	9223372036854771712	0	1653272576
38	1546416128	9223372036854771712	0	3044323328	9223372036854771712	0	1568010240	9223372036854771712	0	4067844096	9223372036854771712	0	1595174912
39	1547493376	9223372036854771712	0	3045187584	9223372036854771712	0	1568010240	9223372036854771712	0	4112814080	9223372036854771712	0	1547182080
40	1548390400	9223372036854771712	0	3046100992	9223372036854771712	0	1568010240	9223372036854771712	0	4159901696	9223372036854771712	0	1496580096
41	1549336576	9223372036854771712	0	3046912000	9223372036854771712	0	1568010240	9223372036854771712	0	4205907968	9223372036854771712	0	1448280064
42	1550266368	9223372036854771712	0	3048038400	9223372036854771712	0	1568010240	9223372036854771712	0	4255907840	9223372036854771712	0	1396752384
43	1551220736	9223372036854771712	0	3049021440	9223372036854771712	0	1568010240	9223372036854771712	0	4294914048	9223372036854771712	0	1352978432
44	1552072704	9223372036854771712	0	3049955328	9223372036854771712	0	1568010240	9223372036854771712	0	4294934528	9223372036854771712	0	1343606784
45	1552850944	9223372036854771712	0	3050795008	9223372036854771712	0	1568010240	9223372036854771712	0	4294787072	9223372036854771712	0	1341562880
46	1553780736	9223372036854771712	0	3051364352	9223372036854771712	0	1568010240	9223372036854771712	0	4294918144	9223372036854771712	0	1340669952
47	1555152896	9223372036854771712	0	3052457984	9223372036854771712	0	1568010240	9223372036854771712	0	4294922240	9223372036854771712	0	1338863616
48	1556258816	9223372036854771712	0	3053617152	9223372036854771712	0	1568010240	9223372036854771712	0	4294955008	9223372036854771712	0	1337638912
49	1557061632	9223372036854771712	0	3054665728	9223372036854771712	0	1568010240	9223372036854771712	0	4294922240	9223372036854771712	0	1335209984
50	1557991424	9223372036854771712	0	3055644672	9223372036854771712	0	1568010240	9223372036854771712	0	4294926336	9223372036854771712	0	1332936704
51	1559011328	9223372036854771712	0	3056558080	9223372036854771712	0	1568010240	9223372036854771712	0	4294795264	9223372036854771712	0	1330642944
52	1560035328	9223372036854771712	0	3057631232	9223372036854771712	0	1568010240	9223372036854771712	0	4294926336	9223372036854771712	0	1329758208
53	1561190400	9223372036854771712	0	3058585600	9223372036854771712	0	1568010240	9223372036854771712	0	4294930432	9223372036854771712	0	1327480832
54	1562001408	9223372036854771712	0	3059433472	9223372036854771712	0	1568010240	9223372036854771712	0	4294930432	9223372036854771712	0	1325064192
55	1565716480	9223372036854771712	0	3060363264	9223372036854771712	0	1568010240	9223372036854771712	0	4294930432	9223372036854771712	0	1320263680
56	1573105664	9223372036854771712	0	3061448704	9223372036854771712	0	1568010240	9223372036854771712	0	4294930432	9223372036854771712	0	1312198656
57	1610465280	9223372036854771712	0	3062411264	9223372036854771712	0	1568010240	9223372036854771712	0	4294934528	9223372036854771712	0	1272557568
58	1651683328	9223372036854771712	0	3063472128	9223372036854771712	0	1568010240	9223372036854771712	0	4294950912	9223372036854771712	0	1228443648
59	1688805376	9223372036854771712	0	3064459264	9223372036854771712	0	1568010240	9223372036854771712	0	4294946816	9223372036854771712	0	1189736448
60	1731784704	9223372036854771712	0	3065372672	9223372036854771712	0	1568010240	9223372036854771712	0	4294959104	9223372036854771712	0	1145843712
61	1783152640	9223372036854771712	0	3066097664	9223372036854771712	0	1568010240	9223372036854771712	0	4294938624	9223372036854771712	0	1091620864
62	1830195200	9223372036854771712	0	3067072512	9223372036854771712	0	1568010240	9223372036854771712	0	4294938624	9223372036854771712	0	1043972096
63	1883660288	9223372036854771712	0	3067887616	9223372036854771712	0	1568010240	9223372036854771712	0	4294942720	9223372036854771712	0	988221440
64	1926639616	9223372036854771712	0	3068588032	9223372036854771712	0	1568010240	9223372036854771712	0	4294955008	9223372036854771712	0	942579712
65	1927454720	9223372036854771712	0	3069399040	9223372036854771712	0	1568010240	9223372036854771712	0	4294938624	9223372036854771712	0	940167168
66	1928601600	9223372036854771712	0	3070484480	9223372036854771712	0	1568010240	9223372036854771712	0	4294938624	9223372036854771712	0	938860544
67	1929715712	9223372036854771712	0	3071516672	9223372036854771712	0	1568010240	9223372036854771712	0	4294938624	9223372036854771712	0	936677376
68	1930530816	9223372036854771712	0	3072319488	9223372036854771712	0	1568010240	9223372036854771712	0	4294938624	9223372036854771712	0	935026688
69	1931079680	9223372036854771712	0	3072954368	9223372036854771712	0	1568010240	9223372036854771712	0	4294938624	9223372036854771712	0	933240832
70	1932754944	9223372036854771712	0	3073871872	9223372036854771712	0	1568010240	9223372036854771712	0	4294942720	9223372036854771712	0	931557376
71	1933844480	9223372036854771712	0	3074752512	9223372036854771712	0	1568010240	9223372036854771712	0	4294836224	9223372036854771712	0	929947648
72	1935577088	9223372036854771712	0	3082801152	9223372036854771712	0	1568010240	9223372036854771712	0	4294942720	9223372036854771712	0	921899008
73	1937793024	9223372036854771712	0	3087507456	9223372036854771712	0	1568010240	9223372036854771712	0	4294942720	9223372036854771712	0	915144704
74	1940140032	9223372036854771712	0	3102568448	9223372036854771712	0	1568010240	9223372036854771712	0	4294942720	9223372036854771712	0	897486848
75	1942355968	9223372036854771712	0	3119071232	9223372036854771712	0	1568010240	9223372036854771712	0	4294963200	9223372036854771712	0	877555712
76	1944092672	9223372036854771712	0	3131760640	9223372036854771712	0	1568010240	9223372036854771712	0	3427893248	9223372036854771712	0	1735467008
77	1946087424	9223372036854771712	0	3144941568	9223372036854771712	0	1568010240	9223372036854771712	0	3427926016	9223372036854771712	0	1720639488
78	1947684864	9223372036854771712	0	3157389312	9223372036854771712	0	1568010240	9223372036854771712	0	3427979264	9223372036854771712	0	1705963520
79	1949769728	9223372036854771712	0	3171008512	9223372036854771712	0	1568010240	9223372036854771712	0	3428036608	9223372036854771712	0	1689763840
80	1951985664	9223372036854771712	0	3185250304	9223372036854771712	0	1568010240	9223372036854771712	0	3428093952	9223372036854771712	0	1672298496
81	1953939456	9223372036854771712	0	3188748288	9223372036854771712	0	1568010240	9223372036854771712	0	3430244352	9223372036854771712	0	1665613824
82	1955655680	9223372036854771712	0	3198685184	9223372036854771712	0	1568010240	9223372036854771712	0	3430154240	9223372036854771712	0	1652236288
83	1957396480	9223372036854771712	0	3209932800	9223372036854771712	0	1568010240	9223372036854771712	0	3430158336	9223372036854771712	0	1639165952
84	1959481344	9223372036854771712	0	3223851008	9223372036854771712	0	1568010240	9223372036854771712	0	3430158336	9223372036854771712	0	1622630400
85	1969147904	9223372036854771712	0	3236904960	9223372036854771712	0	1568010240	9223372036854771712	0	3430289408	9223372036854771712	0	1598472192
86	1970221056	9223372036854771712	0	3248664576	9223372036854771712	0	1568010240	9223372036854771712	0	3430330368	9223372036854771712	0	1585930240
87	1971503104	9223372036854771712	0	3274440704	9223372036854771712	0	1568010240	9223372036854771712	0	3430387712	9223372036854771712	0	1557630976
88	1974636544	9223372036854771712	0	3340251136	9223372036854771712	0	1568010240	9223372036854771712	0	3430285312	9223372036854771712	0	1487392768
89	1975894016	9223372036854771712	0	3448840192	9223372036854771712	0	1568010240	9223372036854771712	0	3430285312	9223372036854771712	0	1374453760
90	1977155584	9223372036854771712	0	3546869760	9223372036854771712	0	1568010240	9223372036854771712	0	3430285312	9223372036854771712	0	1272463360
91	1977839616	9223372036854771712	0	3588775936	9223372036854771712	0	1568010240	9223372036854771712	0	3430285312	9223372036854771712	0	1228111872
92	1978613760	9223372036854771712	0	3589738496	9223372036854771712	0	1568010240	9223372036854771712	0	3430285312	9223372036854771712	0	1226809344
93	1979518976	9223372036854771712	0	3590578176	9223372036854771712	0	1568010240	9223372036854771712	0	3430285312	9223372036854771712	0	1224065024
94	1980592128	9223372036854771712	0	3591643136	9223372036854771712	0	1568010240	9223372036854771712	0	3430285312	9223372036854771712	0	1222094848
95	1981628416	9223372036854771712	0	3592794112	9223372036854771712	0	1568010240	9223372036854771712	0	3430285312	9223372036854771712	0	1219104768
96	1982697472	9223372036854771712	0	3593502720	9223372036854771712	0	1568010240	9223372036854771712	0	3430285312	9223372036854771712	0	1216483328
97	1983537152	9223372036854771712	0	3594383360	9223372036854771712	0	1672626176	9223372036854771712	0	3430285312	9223372036854771712	0	1110495232
98	1984319488	9223372036854771712	0	3594997760	9223372036854771712	0	1841975296	9223372036854771712	0	3430285312	9223372036854771712	0	939184128
99	1985314816	9223372036854771712	0	3595751424	9223372036854771712	0	1915899904	9223372036854771712	0	3430285312	9223372036854771712	0	862334976
100	1985974272	9223372036854771712	0	3596627968	9223372036854771712	0	1962856448	9223372036854771712	0	3430285312	9223372036854771712	0	812056576
101	1986658304	9223372036854771712	0	3597463552	9223372036854771712	0	1999302656	9223372036854771712	0	3430285312	9223372036854771712	0	770912256
102	1987457024	9223372036854771712	0	3598159872	9223372036854771712	0	2038157312	9223372036854771712	0	3430285312	9223372036854771712	0	729636864
103	1988079616	9223372036854771712	0	3598864384	9223372036854771712	0	2072584192	9223372036854771712	0	3430285312	9223372036854771712	0	692260864
104	1989115904	9223372036854771712	0	3599732736	9223372036854771712	0	2113331200	9223372036854771712	0	3430285312	9223372036854771712	0	648814592
105	1989726208	9223372036854771712	0	3600265216	9223372036854771712	0	2139594752	9223372036854771712	0	3430285312	9223372036854771712	0	314335232
106	1989308416	9223372036854771712	0	3598639104	9223372036854771712	0	2147483648	9223372036854771712	0	3429236736	9223372036854771712	0	833220608
107	1989955584	9223372036854771712	0	3599265792	9223372036854771712	0	2147393536	9223372036854771712	0	3429236736	9223372036854771712	0	386125824
108	1977438208	9223372036854771712	0	3570753536	9223372036854771712	0	2147377152	9223372036854771712	0	3413278720	9223372036854771712	0	162217984
109	1978236928	9223372036854771712	0	3571634176	9223372036854771712	0	2147401728	9223372036854771712	0	3413278720	9223372036854771712	0	159428608
110	1979236352	9223372036854771712	0	3572633600	9223372036854771712	0	2147188736	9223372036854771712	0	3413278720	9223372036854771712	0	157577216
111	1977348096	9223372036854771712	0	3566665728	9223372036854771712	0	2147192832	9223372036854771712	0	3409453056	9223372036854771712	0	179064832
112	1978290176	9223372036854771712	0	3567382528	9223372036854771712	0	2147454976	9223372036854771712	0	3409453056	9223372036854771712	0	175763456
113	1979416576	9223372036854771712	0	3568418816	9223372036854771712	0	2147463168	9223372036854771712	0	3409453056	9223372036854771712	0	173596672
114	1980321792	9223372036854771712	0	3569324032	9223372036854771712	0	2147463168	9223372036854771712	0	3409453056	9223372036854771712	0	172412928
115	1981390848	9223372036854771712	0	3570216960	9223372036854771712	0	2147467264	9223372036854771712	0	3409453056	9223372036854771712	0	171282432
116	1982377984	9223372036854771712	0	3571077120	9223372036854771712	0	2147344384	9223372036854771712	0	3409453056	9223372036854771712	0	168599552
117	1983320064	9223372036854771712	0	3572035584	9223372036854771712	0	2147467264	9223372036854771712	0	3409453056	9223372036854771712	0	166846464
118	1984229376	9223372036854771712	0	3573039104	9223372036854771712	0	2147479552	9223372036854771712	0	3409453056	9223372036854771712	0	165101568
119	1985024000	9223372036854771712	0	3578855424	9223372036854771712	0	2147352576	9223372036854771712	0	3409453056	9223372036854771712	0	158908416
120	1977839616	9223372036854771712	0	3567611904	9223372036854771712	0	2147352576	9223372036854771712	0	3401605120	9223372036854771712	0	194715648
121	1978626048	9223372036854771712	0	3568492544	9223372036854771712	0	2147483648	9223372036854771712	0	3401605120	9223372036854771712	0	192106496
122	1979502592	9223372036854771712	0	3569393664	9223372036854771712	0	2147459072	9223372036854771712	0	3401605120	9223372036854771712	0	190214144
123	1980289024	9223372036854771712	0	3570298880	9223372036854771712	0	2147459072	9223372036854771712	0	3401605120	9223372036854771712	0	188428288
124	1981530112	9223372036854771712	0	3571183616	9223372036854771712	0	2147360768	9223372036854771712	0	3401605120	9223372036854771712	0	186347520
125	1982435328	9223372036854771712	0	3572289536	9223372036854771712	0	2147483648	9223372036854771712	0	3401605120	9223372036854771712	0	184262656
126	1983680512	9223372036854771712	0	3573342208	9223372036854771712	0	2147467264	9223372036854771712	0	3401605120	9223372036854771712	0	182198272
127	1999114240	9223372036854771712	0	3574349824	9223372036854771712	0	1569247232	9223372036854771712	0	3401605120	9223372036854771712	0	745390080
128	2003034112	9223372036854771712	0	3575361536	9223372036854771712	0	1569153024	9223372036854771712	0	3403702272	9223372036854771712	0	738185216
129	2005905408	9223372036854771712	0	3576492032	9223372036854771712	0	1569153024	9223372036854771712	0	3403702272	9223372036854771712	0	734408704
130	2009866240	9223372036854771712	0	3577737216	9223372036854771712	0	1569153024	9223372036854771712	0	3403702272	9223372036854771712	0	729112576
131	2013192192	9223372036854771712	0	3578744832	9223372036854771712	0	1569153024	9223372036854771712	0	3403702272	9223372036854771712	0	716959744
132	2016321536	9223372036854771712	0	3579473920	9223372036854771712	0	1569153024	9223372036854771712	0	3403702272	9223372036854771712	0	674643968
133	2017484800	9223372036854771712	0	3580076032	9223372036854771712	0	1569153024	9223372036854771712	0	3403702272	9223372036854771712	0	288337920
134	1987510272	9223372036854771712	0	3479785472	9223372036854771712	0	1547104256	9223372036854771712	0	3342577664	9223372036854771712	0	165875712
135	2003562496	9223372036854771712	0	3421503488	9223372036854771712	0	1534119936	9223372036854771712	0	3306389504	9223372036854771712	0	192946176
136	2042908672	9223372036854771712	0	3410350080	9223372036854771712	0	1531604992	9223372036854771712	0	3313733632	9223372036854771712	0	173662208
137	2075566080	9223372036854771712	0	3396763648	9223372036854771712	0	1526644736	9223372036854771712	0	3333087232	9223372036854771712	0	171679744
138	2080673792	9223372036854771712	0	3385487360	9223372036854771712	0	1524195328	9223372036854771712	0	3349880832	9223372036854771712	0	178274304
139	2070257664	9223372036854771712	0	3385946112	9223372036854771712	0	1521020928	9223372036854771712	0	3375951872	9223372036854771712	0	185970688
140	2065076224	9223372036854771712	0	3387633664	9223372036854771712	0	1519321088	9223372036854771712	0	3410640896	9223372036854771712	0	167751680
141	2057474048	9223372036854771712	0	3381391360	9223372036854771712	0	1516916736	9223372036854771712	0	3446349824	9223372036854771712	0	163966976
142	1945354240	9223372036854771712	0	3376119808	9223372036854771712	0	1514528768	9223372036854771712	0	3480956928	9223372036854771712	0	261173248
143	1946587136	9223372036854771712	0	3377123328	9223372036854771712	0	1514528768	9223372036854771712	0	3525615616	9223372036854771712	0	215474176
144	1947709440	9223372036854771712	0	3378212864	9223372036854771712	0	1514528768	9223372036854771712	0	3569934336	9223372036854771712	0	168509440
145	1937416192	9223372036854771712	0	3365064704	9223372036854771712	0	1511030784	9223372036854771712	0	3606806528	9223372036854771712	0	181424128
146	1930870784	9223372036854771712	0	3354652672	9223372036854771712	0	1508724736	9223372036854771712	0	3644473344	9223372036854771712	0	174489600
147	1921093632	9223372036854771712	0	3342286848	9223372036854771712	0	1505570816	9223372036854771712	0	3677741056	9223372036854771712	0	172175360
148	1910841344	9223372036854771712	0	3328544768	9223372036854771712	0	1502056448	9223372036854771712	0	3711631360	9223372036854771712	0	185729024
149	1904525312	9223372036854771712	0	3320057856	9223372036854771712	0	1499824128	9223372036854771712	0	3750445056	9223372036854771712	0	176939008
150	1899913216	9223372036854771712	0	3314049024	9223372036854771712	0	1498107904	9223372036854771712	0	3789963264	9223372036854771712	0	162045952
151	1892757504	9223372036854771712	0	3304026112	9223372036854771712	0	1495597056	9223372036854771712	0	3824848896	9223372036854771712	0	163315712
152	1886212096	9223372036854771712	0	3294130176	9223372036854771712	0	1493348352	9223372036854771712	0	3853332480	9223372036854771712	0	168431616
153	1880682496	9223372036854771712	0	3284017152	9223372036854771712	0	1491386368	9223372036854771712	0	3886911488	9223372036854771712	0	166301696
154	1873829888	9223372036854771712	0	3273961472	9223372036854771712	0	1488818176	9223372036854771712	0	3917750272	9223372036854771712	0	170713088
155	1867091968	9223372036854771712	0	3274416128	9223372036854771712	0	1486430208	9223372036854771712	0	3948503040	9223372036854771712	0	166690816
156	1858375680	9223372036854771712	0	3267026944	9223372036854771712	0	1485705216	9223372036854771712	0	3966840832	9223372036854771712	0	182501376
157	1856086016	9223372036854771712	0	3271352320	9223372036854771712	0	1484677120	9223372036854771712	0	3982958592	9223372036854771712	0	172969984
158	1852874752	9223372036854771712	0	3268325376	9223372036854771712	0	1483456512	9223372036854771712	0	3995222016	9223372036854771712	0	175931392
159	1854033920	9223372036854771712	0	3269754880	9223372036854771712	0	1483456512	9223372036854771712	0	4011241472	9223372036854771712	0	157835264
160	1845047296	9223372036854771712	0	3255078912	9223372036854771712	0	1480499200	9223372036854771712	0	4034686976	9223372036854771712	0	179580928
161	1838694400	9223372036854771712	0	3242737664	9223372036854771712	0	1477877760	9223372036854771712	0	4067213312	9223372036854771712	0	185405440
162	1838391296	9223372036854771712	0	3233452032	9223372036854771712	0	1475805184	9223372036854771712	0	4099801088	9223372036854771712	0	168914944
163	1838731264	9223372036854771712	0	3244609536	9223372036854771712	0	1472737280	9223372036854771712	0	4121501696	9223372036854771712	0	163803136
164	1788637184	9223372036854771712	0	3168604160	9223372036854771712	0	1457205248	9223372036854771712	0	4068311040	9223372036854771712	0	175005696
165	1710571520	9223372036854771712	0	3052478464	9223372036854771712	0	1433014272	9223372036854771712	0	3974164480	9223372036854771712	0	185208832
166	1666981888	9223372036854771712	0	2997465088	9223372036854771712	0	1417039872	9223372036854771712	0	3919208448	9223372036854771712	0	157356032
167	1651093504	9223372036854771712	0	3028856832	9223372036854771712	0	1412222976	9223372036854771712	0	3927683072	9223372036854771712	0	168681472
168	1643626496	9223372036854771712	0	3067715584	9223372036854771712	0	1406615552	9223372036854771712	0	3927969792	9223372036854771712	0	180203520
169	1639243776	9223372036854771712	0	3077431296	9223372036854771712	0	1405149184	9223372036854771712	0	3945054208	9223372036854771712	0	167583744
170	1646477312	9223372036854771712	0	3067531264	9223372036854771712	0	1403629568	9223372036854771712	0	3967045632	9223372036854771712	0	160182272
171	1646092288	9223372036854771712	0	3058036736	9223372036854771712	0	1402118144	9223372036854771712	0	3987685376	9223372036854771712	0	160653312
172	1647362048	9223372036854771712	0	2943459328	9223372036854771712	0	1400619008	9223372036854771712	0	4012257280	9223372036854771712	0	260763648
173	1648046080	9223372036854771712	0	2944184320	9223372036854771712	0	1400619008	9223372036854771712	0	4038774784	9223372036854771712	0	233857024
174	1651785728	9223372036854771712	0	2945130496	9223372036854771712	0	1400619008	9223372036854771712	0	4074270720	9223372036854771712	0	193228800
175	1648082944	9223372036854771712	0	2936061952	9223372036854771712	0	1399123968	9223372036854771712	0	4105969664	9223372036854771712	0	182673408
176	1646174208	9223372036854771712	0	2931568640	9223372036854771712	0	1398353920	9223372036854771712	0	4141056000	9223372036854771712	0	163872768
177	1636511744	9223372036854771712	0	2913316864	9223372036854771712	0	1395425280	9223372036854771712	0	4162015232	9223372036854771712	0	190291968
178	1632260096	9223372036854771712	0	2905022464	9223372036854771712	0	1393975296	9223372036854771712	0	4193161216	9223372036854771712	0	182480896
179	1628000256	9223372036854771712	0	2896568320	9223372036854771712	0	1392533504	9223372036854771712	0	4223336448	9223372036854771712	0	175968256
180	1623584768	9223372036854771712	0	2888142848	9223372036854771712	0	1391104000	9223372036854771712	0	4252471296	9223372036854771712	0	165748736
181	1617305600	9223372036854771712	0	2876006400	9223372036854771712	0	1389133824	9223372036854771712	0	4265312256	9223372036854771712	0	179060736
182	1617203200	9223372036854771712	0	2874826752	9223372036854771712	0	1388826624	9223372036854771712	0	4284243968	9223372036854771712	0	162037760
183	1612963840	9223372036854771712	0	2866786304	9223372036854771712	0	1387425792	9223372036854771712	0	4294930432	9223372036854771712	0	169222144
184	1614176256	9223372036854771712	0	2867785728	9223372036854771712	0	1387425792	9223372036854771712	0	4294930432	9223372036854771712	0	167157760
185	1615118336	9223372036854771712	0	2868649984	9223372036854771712	0	1387425792	9223372036854771712	0	4294967296	9223372036854771712	0	166076416
186	1613967360	9223372036854771712	0	2865836032	9223372036854771712	0	1386909696	9223372036854771712	0	4294938624	9223372036854771712	0	175824896
187	1586716672	9223372036854771712	0	2817331200	9223372036854771712	0	1535373312	9223372036854771712	0	4260474880	9223372036854771712	0	181026816
188	1559117824	9223372036854771712	0	2767564800	9223372036854771712	0	1675599872	9223372036854771712	0	4247416832	9223372036854771712	0	180862976
189	1547362304	9223372036854771712	0	2745872384	9223372036854771712	0	1714405376	9223372036854771712	0	4265697280	9223372036854771712	0	180871168
190	1541525504	9223372036854771712	0	2735095808	9223372036854771712	0	1744457728	9223372036854771712	0	4266483712	9223372036854771712	0	177942528
191	1534160896	9223372036854771712	0	2720104448	9223372036854771712	0	1786318848	9223372036854771712	0	4262821888	9223372036854771712	0	177917952
192	1526865920	9223372036854771712	0	2705195008	9223372036854771712	0	1826889728	9223372036854771712	0	4256935936	9223372036854771712	0	181587968
193	1522290688	9223372036854771712	0	2695610368	9223372036854771712	0	1871179776	9223372036854771712	0	4255797248	9223372036854771712	0	162828288
194	1519267840	9223372036854771712	0	2701045760	9223372036854771712	0	1910095872	9223372036854771712	0	3468288000	9223372036854771712	0	912740352
195	1521160192	9223372036854771712	0	2713001984	9223372036854771712	0	1953800192	9223372036854771712	0	3468226560	9223372036854771712	0	851660800
196	1522155520	9223372036854771712	0	2715725824	9223372036854771712	0	1981648896	9223372036854771712	0	3468226560	9223372036854771712	0	716877824
197	1523404800	9223372036854771712	0	2721005568	9223372036854771712	0	1999867904	9223372036854771712	0	3468226560	9223372036854771712	0	312766464
198	1479069696	9223372036854771712	0	2640097280	9223372036854771712	0	1993023488	9223372036854771712	0	3383312384	9223372036854771712	0	161169408
199	1456197632	9223372036854771712	0	2608226304	9223372036854771712	0	2006441984	9223372036854771712	0	3338362880	9223372036854771712	0	176889856
200	1451913216	9223372036854771712	0	2611187712	9223372036854771712	0	2038607872	9223372036854771712	0	3327123456	9223372036854771712	0	167854080
201	1445982208	9223372036854771712	0	2610728960	9223372036854771712	0	2070810624	9223372036854771712	0	3312762880	9223372036854771712	0	169365504
202	1446834176	9223372036854771712	0	2608349184	9223372036854771712	0	2089218048	9223372036854771712	0	3298607104	9223372036854771712	0	180150272
203	1486131200	9223372036854771712	0	2599596032	9223372036854771712	0	2098450432	9223372036854771712	0	3277856768	9223372036854771712	0	180850688
204	1516838912	9223372036854771712	0	2586718208	9223372036854771712	0	2119507968	9223372036854771712	0	3258830848	9223372036854771712	0	179380224
205	1540300800	9223372036854771712	0	2575847424	9223372036854771712	0	2141831168	9223372036854771712	0	3244240896	9223372036854771712	0	171270144
206	1572605952	9223372036854771712	0	2571595776	9223372036854771712	0	2147471360	9223372036854771712	0	3230846976	9223372036854771712	0	163971072
207	1593491456	9223372036854771712	0	2561482752	9223372036854771712	0	2147303424	9223372036854771712	0	3217694720	9223372036854771712	0	179511296
208	1606516736	9223372036854771712	0	2563219456	9223372036854771712	0	2147024896	9223372036854771712	0	3209883648	9223372036854771712	0	180346880
209	1638416384	9223372036854771712	0	2560028672	9223372036854771712	0	2147389440	9223372036854771712	0	3204390912	9223372036854771712	0	160743424
210	1660915712	9223372036854771712	0	2547261440	9223372036854771712	0	2147356672	9223372036854771712	0	3191676928	9223372036854771712	0	174272512
211	1686540288	9223372036854771712	0	2542256128	9223372036854771712	0	2147381248	9223372036854771712	0	3186016256	9223372036854771712	0	164491264
212	1690853376	9223372036854771712	0	2543075328	9223372036854771712	0	2147360768	9223372036854771712	0	3186016256	9223372036854771712	0	160301056
213	1691914240	9223372036854771712	0	2544168960	9223372036854771712	0	2147364864	9223372036854771712	0	3186016256	9223372036854771712	0	157847552
214	1687318528	9223372036854771712	0	2538610688	9223372036854771712	0	2146611200	9223372036854771712	0	3179847680	9223372036854771712	0	180736000
215	1688395776	9223372036854771712	0	2539687936	9223372036854771712	0	2147364864	9223372036854771712	0	3179847680	9223372036854771712	0	179343360
216	1689559040	9223372036854771712	0	2540875776	9223372036854771712	0	2147377152	9223372036854771712	0	3179847680	9223372036854771712	0	175955968
217	1690759168	9223372036854771712	0	2541817856	9223372036854771712	0	1557995520	9223372036854771712	0	3179847680	9223372036854771712	0	765612032
218	1691967488	9223372036854771712	0	2542915584	9223372036854771712	0	1557901312	9223372036854771712	0	3179847680	9223372036854771712	0	763408384
219	1693245440	9223372036854771712	0	2544001024	9223372036854771712	0	1557901312	9223372036854771712	0	3179847680	9223372036854771712	0	760938496
220	1694470144	9223372036854771712	0	2545209344	9223372036854771712	0	1557901312	9223372036854771712	0	3179847680	9223372036854771712	0	758960128
221	1695760384	9223372036854771712	0	2546528256	9223372036854771712	0	1557901312	9223372036854771712	0	3179847680	9223372036854771712	0	755777536
222	1696698368	9223372036854771712	0	2547449856	9223372036854771712	0	1557901312	9223372036854771712	0	3179847680	9223372036854771712	0	754724864
223	1697824768	9223372036854771712	0	2548674560	9223372036854771712	0	1557901312	9223372036854771712	0	3179847680	9223372036854771712	0	750698496
224	1699115008	9223372036854771712	0	2549678080	9223372036854771712	0	1557901312	9223372036854771712	0	3179847680	9223372036854771712	0	749539328
225	1700573184	9223372036854771712	0	2550865920	9223372036854771712	0	1557901312	9223372036854771712	0	3179847680	9223372036854771712	0	745086976
226	1701617664	9223372036854771712	0	2551951360	9223372036854771712	0	1557901312	9223372036854771712	0	3179847680	9223372036854771712	0	740352000
227	1702748160	9223372036854771712	0	2552864768	9223372036854771712	0	1557901312	9223372036854771712	0	3179847680	9223372036854771712	0	741040128
228	1703325696	9223372036854771712	0	2553303040	9223372036854771712	0	1557901312	9223372036854771712	0	3179847680	9223372036854771712	0	395350016
229	1647308800	9223372036854771712	0	2487341056	9223372036854771712	0	1531457536	9223372036854771712	0	3119783936	9223372036854771712	0	175947776
230	1605390336	9223372036854771712	0	2438230016	9223372036854771712	0	1511669760	9223372036854771712	0	3074699264	9223372036854771712	0	161320960
231	1606426624	9223372036854771712	0	2439135232	9223372036854771712	0	1511669760	9223372036854771712	0	3074699264	9223372036854771712	0	160681984
232	1592356864	9223372036854771712	0	2475577344	9223372036854771712	0	1504743424	9223372036854771712	0	3058864128	9223372036854771712	0	176132096
233	1584373760	9223372036854771712	0	2504585216	9223372036854771712	0	1500536832	9223372036854771712	0	3051347968	9223372036854771712	0	177676288
234	1583595520	9223372036854771712	0	2528964608	9223372036854771712	0	1495969792	9223372036854771712	0	3040935936	9223372036854771712	0	178241536
235	1584025600	9223372036854771712	0	2554576896	9223372036854771712	0	1491447808	9223372036854771712	0	3030540288	9223372036854771712	0	177123328
236	1574723584	9223372036854771712	0	2598293504	9223372036854771712	0	1485762560	9223372036854771712	0	3017547776	9223372036854771712	0	175222784
237	1576079360	9223372036854771712	0	2618068992	9223372036854771712	0	1482612736	9223372036854771712	0	3010363392	9223372036854771712	0	169336832
238	1567543296	9223372036854771712	0	2656174080	9223372036854771712	0	1476796416	9223372036854771712	0	2997137408	9223372036854771712	0	173514752
239	1573429248	9223372036854771712	0	2685063168	9223372036854771712	0	1476796416	9223372036854771712	0	2997137408	9223372036854771712	0	138903552
240	1561825280	9223372036854771712	0	2709340160	9223372036854771712	0	1469714432	9223372036854771712	0	2980925440	9223372036854771712	0	166772736
241	1552736256	9223372036854771712	0	2735136768	9223372036854771712	0	1465372672	9223372036854771712	0	2970939392	9223372036854771712	0	172965888
242	1544724480	9223372036854771712	0	2755317760	9223372036854771712	0	1461354496	9223372036854771712	0	2961784832	9223372036854771712	0	183312384
243	1545879552	9223372036854771712	0	2774269952	9223372036854771712	0	1461354496	9223372036854771712	0	2961784832	9223372036854771712	0	161038336
244	1546784768	9223372036854771712	0	2775138304	9223372036854771712	0	1461354496	9223372036854771712	0	2961784832	9223372036854771712	0	161026048
245	1547755520	9223372036854771712	0	2776268800	9223372036854771712	0	1461354496	9223372036854771712	0	2961784832	9223372036854771712	0	158609408
246	1549074432	9223372036854771712	0	2672472064	9223372036854771712	0	1461354496	9223372036854771712	0	2961784832	9223372036854771712	0	261259264
247	1550794752	9223372036854771712	0	2673459200	9223372036854771712	0	1461354496	9223372036854771712	0	2961784832	9223372036854771712	0	255537152
248	1552601088	9223372036854771712	0	2674376704	9223372036854771712	0	1461354496	9223372036854771712	0	2961784832	9223372036854771712	0	256651264
249	1554653184	9223372036854771712	0	2675511296	9223372036854771712	0	1461354496	9223372036854771712	0	2961784832	9223372036854771712	0	253632512
250	1556525056	9223372036854771712	0	2676465664	9223372036854771712	0	1461354496	9223372036854771712	0	2961784832	9223372036854771712	0	249589760
251	1558151168	9223372036854771712	0	2677444608	9223372036854771712	0	1461354496	9223372036854771712	0	2961784832	9223372036854771712	0	246886400
252	1560186880	9223372036854771712	0	2678452224	9223372036854771712	0	1461354496	9223372036854771712	0	2961784832	9223372036854771712	0	243646464
253	1562157056	9223372036854771712	0	2679726080	9223372036854771712	0	1461354496	9223372036854771712	0	2961784832	9223372036854771712	0	240336896
254	1563672576	9223372036854771712	0	2680659968	9223372036854771712	0	1461354496	9223372036854771712	0	2996695040	9223372036854771712	0	200163328
255	1560727552	9223372036854771712	0	2674061312	9223372036854771712	0	1459408896	9223372036854771712	0	3035795456	9223372036854771712	0	175656960
256	1553100800	9223372036854771712	0	2659622912	9223372036854771712	0	1455562752	9223372036854771712	0	3068510208	9223372036854771712	0	177401856
257	1544937472	9223372036854771712	0	2644594688	9223372036854771712	0	1451421696	9223372036854771712	0	3102777344	9223372036854771712	0	174755840
258	1538822144	9223372036854771712	0	2632880128	9223372036854771712	0	1448251392	9223372036854771712	0	3135180800	9223372036854771712	0	175337472
259	1494065152	9223372036854771712	0	2558210048	9223372036854771712	0	1429127168	9223372036854771712	0	3113222144	9223372036854771712	0	168796160
260	1402671104	9223372036854771712	0	2407047168	9223372036854771712	0	1390723072	9223372036854771712	0	3028770816	9223372036854771712	0	170024960
261	1331146752	9223372036854771712	0	2288234496	9223372036854771712	0	1360543744	9223372036854771712	0	2968354816	9223372036854771712	0	197619712
262	1326821376	9223372036854771712	0	2279444480	9223372036854771712	0	1358127104	9223372036854771712	0	3000160256	9223372036854771712	0	189054976
263	1322676224	9223372036854771712	0	2270777344	9223372036854771712	0	1355739136	9223372036854771712	0	3030921216	9223372036854771712	0	182562816
264	1318297600	9223372036854771712	0	2262310912	9223372036854771712	0	1353400320	9223372036854771712	0	3062247424	9223372036854771712	0	175685632
265	1314349056	9223372036854771712	0	2261577728	9223372036854771712	0	1351094272	9223372036854771712	0	3096997888	9223372036854771712	0	158244864
266	1304645632	9223372036854771712	0	2245648384	9223372036854771712	0	1346576384	9223372036854771712	0	3119153152	9223372036854771712	0	182640640
267	1300406272	9223372036854771712	0	2249015296	9223372036854771712	0	1344348160	9223372036854771712	0	3148750848	9223372036854771712	0	165490688
268	1291370496	9223372036854771712	0	2239991808	9223372036854771712	0	1340039168	9223372036854771712	0	3174047744	9223372036854771712	0	178946048
269	1282568192	9223372036854771712	0	2236403712	9223372036854771712	0	1335861248	9223372036854771712	0	3199709184	9223372036854771712	0	186163200
270	1278734336	9223372036854771712	0	2237333504	9223372036854771712	0	1333805056	9223372036854771712	0	3228553216	9223372036854771712	0	170295296
271	1272418304	9223372036854771712	0	2232856576	9223372036854771712	0	1330753536	9223372036854771712	0	3259940864	9223372036854771712	0	165466112
272	1264246784	9223372036854771712	0	2228330496	9223372036854771712	0	1326841856	9223372036854771712	0	3289882624	9223372036854771712	0	169381888
273	1256345600	9223372036854771712	0	2222878720	9223372036854771712	0	1323061248	9223372036854771712	0	3318673408	9223372036854771712	0	174039040
274	1248694272	9223372036854771712	0	2215829504	9223372036854771712	0	1319387136	9223372036854771712	0	3342774272	9223372036854771712	0	182943744
275	1245646848	9223372036854771712	0	2217533440	9223372036854771712	0	1317597184	9223372036854771712	0	3377172480	9223372036854771712	0	159936512
276	1237753856	9223372036854771712	0	2206490624	9223372036854771712	0	1314086912	9223372036854771712	0	3397115904	9223372036854771712	0	177995776
277	1270280192	9223372036854771712	0	2187091968	9223372036854771712	0	1309495296	9223372036854771712	0	3413327872	9223372036854771712	0	176889856
278	1289977856	9223372036854771712	0	2164858880	9223372036854771712	0	1358319616	9223372036854771712	0	3405217792	9223372036854771712	0	167804928
279	1300045824	9223372036854771712	0	2147196928	9223372036854771712	0	1390817280	9223372036854771712	0	3400589312	9223372036854771712	0	180850688
280	1333800960	9223372036854771712	0	2125025280	9223372036854771712	0	1421684736	9223372036854771712	0	3403112448	9223372036854771712	0	168271872
281	1348227072	9223372036854771712	0	2108301312	9223372036854771712	0	1449668608	9223372036854771712	0	3402739712	9223372036854771712	0	169566208
282	1378160640	9223372036854771712	0	2087055360	9223372036854771712	0	1474826240	9223372036854771712	0	3391672320	9223372036854771712	0	176082944
283	1406976000	9223372036854771712	0	2064805888	9223372036854771712	0	1498787840	9223372036854771712	0	3386650624	9223372036854771712	0	174510080
284	1428905984	9223372036854771712	0	2051780608	9223372036854771712	0	1521774592	9223372036854771712	0	3388248064	9223372036854771712	0	170389504
285	1473175552	9223372036854771712	0	2023596032	9223372036854771712	0	1542320128	9223372036854771712	0	3380908032	9223372036854771712	0	165089280
286	1468424192	9223372036854771712	0	2013151232	9223372036854771712	0	1566371840	9223372036854771712	0	3382202368	9223372036854771712	0	175767552
287	1451286528	9223372036854771712	0	2008707072	9223372036854771712	0	1592430592	9223372036854771712	0	3398684672	9223372036854771712	0	170749952
288	1428193280	9223372036854771712	0	1995530240	9223372036854771712	0	1624227840	9223372036854771712	0	3411664896	9223372036854771712	0	176599040
289	1406443520	9223372036854771712	0	1988976640	9223372036854771712	0	1654136832	9223372036854771712	0	3422412800	9223372036854771712	0	172511232
290	1384927232	9223372036854771712	0	1980874752	9223372036854771712	0	1687105536	9223372036854771712	0	3433484288	9223372036854771712	0	173535232
291	1363832832	9223372036854771712	0	1976107008	9223372036854771712	0	1718222848	9223372036854771712	0	3445489664	9223372036854771712	0	171569152
292	1347334144	9223372036854771712	0	1971367936	9223372036854771712	0	1734012928	9223372036854771712	0	3461103616	9223372036854771712	0	174972928
293	1336193024	9223372036854771712	0	1967828992	9223372036854771712	0	1751900160	9223372036854771712	0	3468115968	9223372036854771712	0	173494272
294	1327783936	9223372036854771712	0	1961758720	9223372036854771712	0	1783468032	9223372036854771712	0	3471650816	9223372036854771712	0	161021952
295	1314394112	9223372036854771712	0	1951051776	9223372036854771712	0	1809788928	9223372036854771712	0	3470745600	9223372036854771712	0	170561536
296	1304383488	9223372036854771712	0	1943142400	9223372036854771712	0	1840099328	9223372036854771712	0	3473666048	9223372036854771712	0	162234368
297	1289412608	9223372036854771712	0	1931206656	9223372036854771712	0	1854742528	9223372036854771712	0	3479797760	9223372036854771712	0	179556352
298	1276411904	9223372036854771712	0	1920790528	9223372036854771712	0	1878593536	9223372036854771712	0	3496488960	9223372036854771712	0	175411200
299	1262039040	9223372036854771712	0	1909166080	9223372036854771712	0	1901502464	9223372036854771712	0	3508420608	9223372036854771712	0	178429952
300	1250369536	9223372036854771712	0	1899810816	9223372036854771712	0	1921146880	9223372036854771712	0	3518648320	9223372036854771712	0	178352128
301	1238003712	9223372036854771712	0	1889816576	9223372036854771712	0	1937793024	9223372036854771712	0	3537252352	9223372036854771712	0	177098752
302	1230368768	9223372036854771712	0	1883586560	9223372036854771712	0	1950314496	9223372036854771712	0	3546402816	9223372036854771712	0	176300032
303	1231675392	9223372036854771712	0	1884991488	9223372036854771712	0	1592139776	9223372036854771712	0	2909069312	9223372036854771712	0	1175126016
304	1232809984	9223372036854771712	0	1886146560	9223372036854771712	0	1592139776	9223372036854771712	0	2909069312	9223372036854771712	0	1172443136
305	1234255872	9223372036854771712	0	1887309824	9223372036854771712	0	1592139776	9223372036854771712	0	2909069312	9223372036854771712	0	1168232448
306	1235156992	9223372036854771712	0	1933189120	9223372036854771712	0	1592139776	9223372036854771712	0	2909069312	9223372036854771712	0	1132175360
307	1236037632	9223372036854771712	0	1981513728	9223372036854771712	0	1592139776	9223372036854771712	0	2909069312	9223372036854771712	0	932716544
308	1236848640	9223372036854771712	0	2001293312	9223372036854771712	0	1592139776	9223372036854771712	0	2909069312	9223372036854771712	0	585240576
309	1237737472	9223372036854771712	0	2017927168	9223372036854771712	0	1592139776	9223372036854771712	0	2909069312	9223372036854771712	0	178524160
310	1206001664	9223372036854771712	0	2008449024	9223372036854771712	0	1546899456	9223372036854771712	0	2846597120	9223372036854771712	0	176529408
311	1201692672	9223372036854771712	0	2036469760	9223372036854771712	0	1539837952	9223372036854771712	0	2836819968	9223372036854771712	0	173387776
312	1188982784	9223372036854771712	0	2103914496	9223372036854771712	0	1521123328	9223372036854771712	0	2810949632	9223372036854771712	0	176877568
313	1180291072	9223372036854771712	0	2147725312	9223372036854771712	0	1508110336	9223372036854771712	0	2792935424	9223372036854771712	0	181137408
314	1174069248	9223372036854771712	0	2189402112	9223372036854771712	0	1497948160	9223372036854771712	0	2778886144	9223372036854771712	0	177864704
315	1169285120	9223372036854771712	0	2217807872	9223372036854771712	0	1490276352	9223372036854771712	0	2768281600	9223372036854771712	0	177303552
316	1172262912	9223372036854771712	0	2232791040	9223372036854771712	0	1490276352	9223372036854771712	0	2768281600	9223372036854771712	0	158175232
317	1175453696	9223372036854771712	0	2225283072	9223372036854771712	0	1485873152	9223372036854771712	0	2762207232	9223372036854771712	0	177229824
318	1181646848	9223372036854771712	0	2226225152	9223372036854771712	0	1485873152	9223372036854771712	0	2762207232	9223372036854771712	0	171593728
319	1188286464	9223372036854771712	0	2218692608	9223372036854771712	0	1481535488	9223372036854771712	0	2756231168	9223372036854771712	0	184795136
320	1195929600	9223372036854771712	0	2219741184	9223372036854771712	0	1481535488	9223372036854771712	0	2756231168	9223372036854771712	0	175702016
321	1201610752	9223372036854771712	0	2220765184	9223372036854771712	0	1481535488	9223372036854771712	0	2756231168	9223372036854771712	0	168583168
322	1203171328	9223372036854771712	0	2221981696	9223372036854771712	0	1481535488	9223372036854771712	0	2756231168	9223372036854771712	0	168116224
323	1204207616	9223372036854771712	0	2222956544	9223372036854771712	0	1481535488	9223372036854771712	0	2756231168	9223372036854771712	0	165781504
324	1205374976	9223372036854771712	0	2224009216	9223372036854771712	0	1481535488	9223372036854771712	0	2756231168	9223372036854771712	0	163328000
325	1206411264	9223372036854771712	0	2225135616	9223372036854771712	0	1481535488	9223372036854771712	0	2756231168	9223372036854771712	0	160587776
326	1204064256	9223372036854771712	0	2217558016	9223372036854771712	0	1477271552	9223372036854771712	0	2750328832	9223372036854771712	0	183353344
327	1205071872	9223372036854771712	0	2218381312	9223372036854771712	0	1477271552	9223372036854771712	0	2750328832	9223372036854771712	0	181706752
328	1206108160	9223372036854771712	0	2219397120	9223372036854771712	0	1477271552	9223372036854771712	0	2750328832	9223372036854771712	0	179306496
329	1207259136	9223372036854771712	0	2220568576	9223372036854771712	0	1477271552	9223372036854771712	0	2750328832	9223372036854771712	0	176967680
330	1208426496	9223372036854771712	0	2221588480	9223372036854771712	0	1477271552	9223372036854771712	0	2750328832	9223372036854771712	0	175468544
331	1209421824	9223372036854771712	0	2222608384	9223372036854771712	0	1477271552	9223372036854771712	0	2750328832	9223372036854771712	0	172896256
332	1210646528	9223372036854771712	0	2223673344	9223372036854771712	0	1477271552	9223372036854771712	0	2750328832	9223372036854771712	0	170582016
333	1211559936	9223372036854771712	0	2224574464	9223372036854771712	0	1477271552	9223372036854771712	0	2750328832	9223372036854771712	0	168239104
334	1212833792	9223372036854771712	0	2225774592	9223372036854771712	0	1477271552	9223372036854771712	0	2750328832	9223372036854771712	0	166514688
335	1214304256	9223372036854771712	0	2226737152	9223372036854771712	0	1477271552	9223372036854771712	0	2752425984	9223372036854771712	0	161193984
336	1211072512	9223372036854771712	0	2221985792	9223372036854771712	0	1472151552	9223372036854771712	0	2745364480	9223372036854771712	0	173068288
337	1175818240	9223372036854771712	0	2148466688	9223372036854771712	0	1433792512	9223372036854771712	0	2692575232	9223372036854771712	0	157757440
338	1105903616	9223372036854771712	0	1992114176	9223372036854771712	0	1356898304	9223372036854771712	0	2586456064	9223372036854771712	0	158793728
339	1062473728	9223372036854771712	0	1897439232	9223372036854771712	0	1308913664	9223372036854771712	0	2520580096	9223372036854771712	0	168898560
340	1061175296	9223372036854771712	0	1901756416	9223372036854771712	0	1305632768	9223372036854771712	0	2516049920	9223372036854771712	0	177070080
341	1062891520	9223372036854771712	0	1912426496	9223372036854771712	0	1305632768	9223372036854771712	0	2516049920	9223372036854771712	0	165752832
342	1061670912	9223372036854771712	0	1921212416	9223372036854771712	0	1302437888	9223372036854771712	0	2511646720	9223372036854771712	0	170987520
343	1063485440	9223372036854771712	0	1932091392	9223372036854771712	0	1302437888	9223372036854771712	0	2511646720	9223372036854771712	0	158740480
344	1062129664	9223372036854771712	0	1936605184	9223372036854771712	0	1299353600	9223372036854771712	0	2507186176	9223372036854771712	0	165613568
345	1063579648	9223372036854771712	0	1941045248	9223372036854771712	0	1299394560	9223372036854771712	0	2507186176	9223372036854771712	0	159973376
346	1062195200	9223372036854771712	0	1940766720	9223372036854771712	0	1296105472	9223372036854771712	0	2502443008	9223372036854771712	0	174968832
347	1060864000	9223372036854771712	0	1944936448	9223372036854771712	0	1293213696	9223372036854771712	0	2498465792	9223372036854771712	0	182652928
348	1062924288	9223372036854771712	0	1958449152	9223372036854771712	0	1293139968	9223372036854771712	0	2498465792	9223372036854771712	0	168906752
349	1085104128	9223372036854771712	0	1952706560	9223372036854771712	0	1287655424	9223372036854771712	0	2490707968	9223372036854771712	0	173342720
350	1114292224	9223372036854771712	0	1942376448	9223372036854771712	0	1280937984	9223372036854771712	0	2481623040	9223372036854771712	0	181321728
351	1143042048	9223372036854771712	0	1937809408	9223372036854771712	0	1275695104	9223372036854771712	0	2474348544	9223372036854771712	0	177311744
352	1168773120	9223372036854771712	0	1934352384	9223372036854771712	0	1272041472	9223372036854771712	0	2469228544	9223372036854771712	0	172040192
353	1189617664	9223372036854771712	0	1932443648	9223372036854771712	0	1269403648	9223372036854771712	0	2465345536	9223372036854771712	0	162689024
354	1226117120	9223372036854771712	0	1923416064	9223372036854771712	0	1266761728	9223372036854771712	0	2461683712	9223372036854771712	0	146415616
355	1238179840	9223372036854771712	0	1909719040	9223372036854771712	0	1259732992	9223372036854771712	0	2452176896	9223372036854771712	0	178126848
356	1262764032	9223372036854771712	0	1905897472	9223372036854771712	0	1255718912	9223372036854771712	0	2446622720	9223372036854771712	0	173154304
357	1294970880	9223372036854771712	0	1903472640	9223372036854771712	0	1252466688	9223372036854771712	0	2442133504	9223372036854771712	0	157491200
358	1316511744	9223372036854771712	0	1897201664	9223372036854771712	0	1248710656	9223372036854771712	0	2436726784	9223372036854771712	0	159997952
359	1327943680	9223372036854771712	0	1888104448	9223372036854771712	0	1244119040	9223372036854771712	0	2430578688	9223372036854771712	0	177930240
360	1345646592	9223372036854771712	0	1888477184	9223372036854771712	0	1242099712	9223372036854771712	0	2427551744	9223372036854771712	0	169545728
361	1346686976	9223372036854771712	0	1897152512	9223372036854771712	0	1242112000	9223372036854771712	0	2427551744	9223372036854771712	0	159371264
362	1335386112	9223372036854771712	0	1893638144	9223372036854771712	0	1240854528	9223372036854771712	0	2425761792	9223372036854771712	0	181444608
363	1336557568	9223372036854771712	0	1908920320	9223372036854771712	0	1240866816	9223372036854771712	0	2425761792	9223372036854771712	0	164864000
364	1291227136	9223372036854771712	0	1890881536	9223372036854771712	0	1266597888	9223372036854771712	0	2457518080	9223372036854771712	0	175808512
365	1249673216	9223372036854771712	0	1871400960	9223372036854771712	0	1294835712	9223372036854771712	0	2486431744	9223372036854771712	0	191676416
366	1223372800	9223372036854771712	0	1858351104	9223372036854771712	0	1323343872	9223372036854771712	0	2517037056	9223372036854771712	0	179355648
367	1197314048	9223372036854771712	0	1849626624	9223372036854771712	0	1350754304	9223372036854771712	0	2545647616	9223372036854771712	0	166240256
368	1170849792	9223372036854771712	0	1832247296	9223372036854771712	0	1374109696	9223372036854771712	0	2570649600	9223372036854771712	0	172044288
369	1147224064	9223372036854771712	0	1825787904	9223372036854771712	0	1397653504	9223372036854771712	0	2598744064	9223372036854771712	0	158638080
370	1126821888	9223372036854771712	0	1811156992	9223372036854771712	0	1419751424	9223372036854771712	0	2622566400	9223372036854771712	0	157216768
371	1098858496	9223372036854771712	0	1787187200	9223372036854771712	0	1437630464	9223372036854771712	0	2637713408	9223372036854771712	0	187580416
372	1084096512	9223372036854771712	0	1778417664	9223372036854771712	0	1462022144	9223372036854771712	0	2656071680	9223372036854771712	0	178069504
373	1069559808	9223372036854771712	0	1775034368	9223372036854771712	0	1488535552	9223372036854771712	0	2676150272	9223372036854771712	0	161726464
374	1052528640	9223372036854771712	0	1762619392	9223372036854771712	0	1509359616	9223372036854771712	0	2691379200	9223372036854771712	0	169291776
375	1038532608	9223372036854771712	0	1752788992	9223372036854771712	0	1523908608	9223372036854771712	0	2706509824	9223372036854771712	0	177901568
376	1029222400	9223372036854771712	0	1750609920	9223372036854771712	0	1539874816	9223372036854771712	0	2727768064	9223372036854771712	0	163729408
377	1018667008	9223372036854771712	0	1739468800	9223372036854771712	0	1549402112	9223372036854771712	0	2744979456	9223372036854771712	0	175923200
378	1008312320	9223372036854771712	0	1753890816	9223372036854771712	0	1561333760	9223372036854771712	0	2754125824	9223372036854771712	0	177029120
379	998219776	9223372036854771712	0	1787695104	9223372036854771712	0	1566969856	9223372036854771712	0	2750996480	9223372036854771712	0	180441088
380	990621696	9223372036854771712	0	1806991360	9223372036854771712	0	1574932480	9223372036854771712	0	2757632000	9223372036854771712	0	168726528
381	985186304	9223372036854771712	0	1821749248	9223372036854771712	0	1575063552	9223372036854771712	0	2764943360	9223372036854771712	0	164851712
382	980209664	9223372036854771712	0	1835913216	9223372036854771712	0	1567756288	9223372036854771712	0	2772123648	9223372036854771712	0	172216320
383	976936960	9223372036854771712	0	1840054272	9223372036854771712	0	1570435072	9223372036854771712	0	2773405696	9223372036854771712	0	171085824
384	975970304	9223372036854771712	0	1809444864	9223372036854771712	0	1594097664	9223372036854771712	0	2788683776	9223372036854771712	0	170614784
385	978894848	9223372036854771712	0	1771188224	9223372036854771712	0	1605832704	9223372036854771712	0	2802204672	9223372036854771712	0	189026304
386	988721152	9223372036854771712	0	1749897216	9223372036854771712	0	1618866176	9223372036854771712	0	2818129920	9223372036854771712	0	175730688
387	989147136	9223372036854771712	0	1731899392	9223372036854771712	0	1632518144	9223372036854771712	0	2833444864	9223372036854771712	0	168964096
388	991289344	9223372036854771712	0	1713524736	9223372036854771712	0	1638486016	9223372036854771712	0	2842087424	9223372036854771712	0	178450432
389	988753920	9223372036854771712	0	1698918400	9223372036854771712	0	1647280128	9223372036854771712	0	2852212736	9223372036854771712	0	182792192
390	988569600	9223372036854771712	0	1689321472	9223372036854771712	0	1658380288	9223372036854771712	0	2864656384	9223372036854771712	0	174108672
391	988004352	9223372036854771712	0	1681801216	9223372036854771712	0	1670938624	9223372036854771712	0	2880937984	9223372036854771712	0	160829440
392	986726400	9223372036854771712	0	1675665408	9223372036854771712	0	1451048960	9223372036854771712	0	2894708736	9223372036854771712	0	376856576
393	996413440	9223372036854771712	0	1676701696	9223372036854771712	0	1270407168	9223372036854771712	0	2936856576	9223372036854771712	0	500920320
394	1001603072	9223372036854771712	0	1677795328	9223372036854771712	0	1270427648	9223372036854771712	0	2972192768	9223372036854771712	0	450318336
395	1011515392	9223372036854771712	0	1678991360	9223372036854771712	0	1270439936	9223372036854771712	0	3015020544	9223372036854771712	0	389943296
396	1015648256	9223372036854771712	0	1679880192	9223372036854771712	0	1270448128	9223372036854771712	0	3050876928	9223372036854771712	0	343425024
397	1018740736	9223372036854771712	0	1680805888	9223372036854771712	0	1270460416	9223372036854771712	0	3085713408	9223372036854771712	0	303587328
398	1019572224	9223372036854771712	0	1681727488	9223372036854771712	0	1270472704	9223372036854771712	0	3123609600	9223372036854771712	0	261271552
399	1020739584	9223372036854771712	0	1682608128	9223372036854771712	0	1270472704	9223372036854771712	0	3166068736	9223372036854771712	0	215289856
400	1021669376	9223372036854771712	0	1683476480	9223372036854771712	0	1270472704	9223372036854771712	0	3205509120	9223372036854771712	0	179249152
401	1017024512	9223372036854771712	0	1681403904	9223372036854771712	0	1262342144	9223372036854771712	0	3206496256	9223372036854771712	0	179277824
402	994140160	9223372036854771712	0	1669668864	9223372036854771712	0	1232011264	9223372036854771712	0	3077591040	9223372036854771712	0	155619328
403	966017024	9223372036854771712	0	1649541120	9223372036854771712	0	1199058944	9223372036854771712	0	2944086016	9223372036854771712	0	139198464
404	918573056	9223372036854771712	0	1625145344	9223372036854771712	0	1174024192	9223372036854771712	0	2940465152	9223372036854771712	0	139423744
405	852889600	9223372036854771712	0	1605177344	9223372036854771712	0	1139523584	9223372036854771712	0	2942287872	9223372036854771712	0	138878976
406	727150592	9223372036854771712	0	1598709760	9223372036854771712	0	1134137344	9223372036854771712	0	2969845760	9223372036854771712	0	179716096
407	730185728	9223372036854771712	0	1598685184	9223372036854771712	0	1133862912	9223372036854771712	0	2981445632	9223372036854771712	0	167129088
408	731713536	9223372036854771712	0	1598251008	9223372036854771712	0	1118040064	9223372036854771712	0	2991263744	9223372036854771712	0	168574976
409	727154688	9223372036854771712	0	1598840832	9223372036854771712	0	1100025856	9223372036854771712	0	3002019840	9223372036854771712	0	176590848
410	727216128	9223372036854771712	0	1609895936	9223372036854771712	0	1070891008	9223372036854771712	0	3011891200	9223372036854771712	0	176992256
411	727203840	9223372036854771712	0	1609924608	9223372036854771712	0	1070891008	9223372036854771712	0	3025379328	9223372036854771712	0	163356672
412	726736896	9223372036854771712	0	1607266304	9223372036854771712	0	1057837056	9223372036854771712	0	3031273472	9223372036854771712	0	176287744
413	726724608	9223372036854771712	0	1607352320	9223372036854771712	0	1057837056	9223372036854771712	0	3031273472	9223372036854771712	0	176304128
414	727478272	9223372036854771712	0	1608667136	9223372036854771712	0	1058029568	9223372036854771712	0	3034255360	9223372036854771712	0	168329216
415	727732224	9223372036854771712	0	1607856128	9223372036854771712	0	1031176192	9223372036854771712	0	3043618816	9223372036854771712	0	174579712
416	727977984	9223372036854771712	0	1614352384	9223372036854771712	0	1008394240	9223372036854771712	0	3057090560	9223372036854771712	0	170778624
417	727904256	9223372036854771712	0	1617395712	9223372036854771712	0	991698944	9223372036854771712	0	3069632512	9223372036854771712	0	165093376
418	726970368	9223372036854771712	0	1614458880	9223372036854771712	0	982032384	9223372036854771712	0	3071143936	9223372036854771712	0	180006912
419	738660352	9223372036854771712	0	1620168704	9223372036854771712	0	975294464	9223372036854771712	0	3081039872	9223372036854771712	0	156819456
420	744067072	9223372036854771712	0	1621118976	9223372036854771712	0	936071168	9223372036854771712	0	3093852160	9223372036854771712	0	172400640
421	744747008	9223372036854771712	0	1618591744	9223372036854771712	0	911409152	9223372036854771712	0	3117731840	9223372036854771712	0	173920256
422	745656320	9223372036854771712	0	1624576000	9223372036854771712	0	889892864	9223372036854771712	0	3141300224	9223372036854771712	0	161943552
423	746004480	9223372036854771712	0	1629491200	9223372036854771712	0	856203264	9223372036854771712	0	3153883136	9223372036854771712	0	172716032
424	746967040	9223372036854771712	0	1629872128	9223372036854771712	0	829313024	9223372036854771712	0	3163406336	9223372036854771712	0	185159680
425	749428736	9223372036854771712	0	1635565568	9223372036854771712	0	816644096	9223372036854771712	0	3183886336	9223372036854771712	0	160587776
426	751546368	9223372036854771712	0	1635102720	9223372036854771712	0	790634496	9223372036854771712	0	3193892864	9223372036854771712	0	170770432
427	756051968	9223372036854771712	0	1641512960	9223372036854771712	0	779251712	9223372036854771712	0	2435579904	9223372036854771712	0	925003776
428	764514304	9223372036854771712	0	1645522944	9223372036854771712	0	781213696	9223372036854771712	0	2435633152	9223372036854771712	0	885518336
429	770932736	9223372036854771712	0	1654939648	9223372036854771712	0	782942208	9223372036854771712	0	2435633152	9223372036854771712	0	856170496
430	781180928	9223372036854771712	0	1659129856	9223372036854771712	0	784953344	9223372036854771712	0	2435633152	9223372036854771712	0	826953728
431	789450752	9223372036854771712	0	1670729728	9223372036854771712	0	787021824	9223372036854771712	0	2435633152	9223372036854771712	0	795299840
432	796979200	9223372036854771712	0	1675005952	9223372036854771712	0	788541440	9223372036854771712	0	2435633152	9223372036854771712	0	776847360
433	805093376	9223372036854771712	0	1684889600	9223372036854771712	0	790056960	9223372036854771712	0	2435633152	9223372036854771712	0	754798592
434	809979904	9223372036854771712	0	1694068736	9223372036854771712	0	790941696	9223372036854771712	0	2435637248	9223372036854771712	0	491520000
435	810967040	9223372036854771712	0	1696268288	9223372036854771712	0	786796544	9223372036854771712	0	2367356928	9223372036854771712	0	152481792
436	771604480	9223372036854771712	0	1611833344	9223372036854771712	0	553771008	9223372036854771712	0	2363506688	9223372036854771712	0	177987584
437	775827456	9223372036854771712	0	1617039360	9223372036854771712	0	554274816	9223372036854771712	0	2363510784	9223372036854771712	0	161091584
438	781651968	9223372036854771712	0	1609924608	9223372036854771712	0	542384128	9223372036854771712	0	2363129856	9223372036854771712	0	169082880
439	785092608	9223372036854771712	0	1605849088	9223372036854771712	0	524423168	9223372036854771712	0	2362757120	9223372036854771712	0	191684608
440	792309760	9223372036854771712	0	1605767168	9223372036854771712	0	510885888	9223372036854771712	0	2362658816	9223372036854771712	0	195411968
441	795971584	9223372036854771712	0	1637613568	9223372036854771712	0	486465536	9223372036854771712	0	2362245120	9223372036854771712	0	195424256
442	796618752	9223372036854771712	0	1678544896	9223372036854771712	0	464220160	9223372036854771712	0	2361241600	9223372036854771712	0	180158464
443	796737536	9223372036854771712	0	1678794752	9223372036854771712	0	464220160	9223372036854771712	0	2361241600	9223372036854771712	0	179957760
444	796725248	9223372036854771712	0	1678782464	9223372036854771712	0	464220160	9223372036854771712	0	2361241600	9223372036854771712	0	179798016
445	795918336	9223372036854771712	0	1717420032	9223372036854771712	0	446050304	9223372036854771712	0	2360000512	9223372036854771712	0	162566144
446	796991488	9223372036854771712	0	1741578240	9223372036854771712	0	396328960	9223372036854771712	0	2358198272	9223372036854771712	0	183545856
447	799801344	9223372036854771712	0	1757220864	9223372036854771712	0	362786816	9223372036854771712	0	2356469760	9223372036854771712	0	181133312
448	799768576	9223372036854771712	0	1757220864	9223372036854771712	0	362786816	9223372036854771712	0	2356469760	9223372036854771712	0	180834304
449	799887360	9223372036854771712	0	1757339648	9223372036854771712	0	362786816	9223372036854771712	0	2356469760	9223372036854771712	0	180326400
450	799875072	9223372036854771712	0	1757327360	9223372036854771712	0	362893312	9223372036854771712	0	2356469760	9223372036854771712	0	180326400
451	799498240	9223372036854771712	0	1756221440	9223372036854771712	0	364269568	9223372036854771712	0	2355961856	9223372036854771712	0	174305280
452	806084608	9223372036854771712	0	1756078080	9223372036854771712	0	366477312	9223372036854771712	0	2355961856	9223372036854771712	0	163315712
453	807555072	9223372036854771712	0	1756196864	9223372036854771712	0	367538176	9223372036854771712	0	2355961856	9223372036854771712	0	158814208
454	808194048	9223372036854771712	0	1737969664	9223372036854771712	0	368283648	9223372036854771712	0	2355339264	9223372036854771712	0	172998656
455	809545728	9223372036854771712	0	1707003904	9223372036854771712	0	373071872	9223372036854771712	0	2354642944	9223372036854771712	0	185913344
456	818442240	9223372036854771712	0	1707003904	9223372036854771712	0	377323520	9223372036854771712	0	2354642944	9223372036854771712	0	162648064
457	822902784	9223372036854771712	0	1683296256	9223372036854771712	0	380178432	9223372036854771712	0	2354053120	9223372036854771712	0	171274240
458	829214720	9223372036854771712	0	1665859584	9223372036854771712	0	383979520	9223372036854771712	0	2353524736	9223372036854771712	0	176939008
459	835903488	9223372036854771712	0	1651998720	9223372036854771712	0	377491456	9223372036854771712	0	2353000448	9223372036854771712	0	188227584
460	849047552	9223372036854771712	0	1651998720	9223372036854771712	0	382996480	9223372036854771712	0	2353000448	9223372036854771712	0	167731200
461	852647936	9223372036854771712	0	1640742912	9223372036854771712	0	385716224	9223372036854771712	0	2352529408	9223372036854771712	0	177344512
462	855138304	9223372036854771712	0	1640742912	9223372036854771712	0	386572288	9223372036854771712	0	2352529408	9223372036854771712	0	157048832
463	834195456	9223372036854771712	0	1613602816	9223372036854771712	0	387616768	9223372036854771712	0	2352087040	9223372036854771712	0	206352384
464	843055104	9223372036854771712	0	1613602816	9223372036854771712	0	391110656	9223372036854771712	0	2352087040	9223372036854771712	0	186105856
465	857579520	9223372036854771712	0	1613602816	9223372036854771712	0	395571200	9223372036854771712	0	2352087040	9223372036854771712	0	162344960
466	871690240	9223372036854771712	0	1613721600	9223372036854771712	0	399769600	9223372036854771712	0	2352087040	9223372036854771712	0	1485864960
467	882245632	9223372036854771712	0	1613721600	9223372036854771712	0	403918848	9223372036854771712	0	2352087040	9223372036854771712	0	3475562496
468	892882944	9223372036854771712	0	1613709312	9223372036854771712	0	406536192	9223372036854771712	0	2352087040	9223372036854771712	0	5399908352
469	900526080	9223372036854771712	0	1613697024	9223372036854771712	0	408543232	9223372036854771712	0	2352087040	9223372036854771712	0	7599075328
470	912146432	9223372036854771712	0	1613684736	9223372036854771712	0	410976256	9223372036854771712	0	2352087040	9223372036854771712	0	9562898432
471	926306304	9223372036854771712	0	1613721600	9223372036854771712	0	413347840	9223372036854771712	0	2352087040	9223372036854771712	0	10978938880
472	933904384	9223372036854771712	0	1613721600	9223372036854771712	0	416317440	9223372036854771712	0	2352087040	9223372036854771712	0	10968301568
473	945758208	9223372036854771712	0	1613713408	9223372036854771712	0	419188736	9223372036854771712	0	2352087040	9223372036854771712	0	10951168000
474	972402688	9223372036854771712	0	1613721600	9223372036854771712	0	423743488	9223372036854771712	0	2352087040	9223372036854771712	0	10917396480
475	997412864	9223372036854771712	0	1613721600	9223372036854771712	0	428204032	9223372036854771712	0	2352087040	9223372036854771712	0	10881646592
476	1026752512	9223372036854771712	0	1613721600	9223372036854771712	0	432410624	9223372036854771712	0	2360582144	9223372036854771712	0	10819100672
477	1065324544	9223372036854771712	0	1613721600	9223372036854771712	0	438177792	9223372036854771712	0	2374082560	9223372036854771712	0	10757423104
478	1088053248	9223372036854771712	0	1613721600	9223372036854771712	0	442224640	9223372036854771712	0	2385457152	9223372036854771712	0	10717831168
479	1088040960	9223372036854771712	0	1613721600	9223372036854771712	0	442286080	9223372036854771712	0	2385485824	9223372036854771712	0	10716962816
480	1088315392	9223372036854771712	0	1613721600	9223372036854771712	0	443719680	9223372036854771712	0	2389753856	9223372036854771712	0	10709401600
481	1088315392	9223372036854771712	0	1613721600	9223372036854771712	0	449396736	9223372036854771712	0	2403684352	9223372036854771712	0	10687664128
482	1088307200	9223372036854771712	0	1613721600	9223372036854771712	0	454647808	9223372036854771712	0	2417389568	9223372036854771712	0	10667663360
483	1088331776	9223372036854771712	0	1613713408	9223372036854771712	0	459907072	9223372036854771712	0	2434486272	9223372036854771712	0	10644033536
484	1088331776	9223372036854771712	0	1613721600	9223372036854771712	0	464355328	9223372036854771712	0	2452135936	9223372036854771712	0	10622058496
485	1088331776	9223372036854771712	0	1613721600	9223372036854771712	0	469266432	9223372036854771712	0	2470727680	9223372036854771712	0	10596581376
486	1088331776	9223372036854771712	0	1613721600	9223372036854771712	0	474288128	9223372036854771712	0	125009920	9223372036854771712	0	12940230656
