1	826613760	536870912	0	980275200	536870912	0	1737285632	536870912	0	1783005184	536870912	0	1471012864
2	826613760	536870912	0	980275200	536870912	0	1737285632	536870912	0	1783005184	536870912	0	1454481408
3	826613760	536870912	0	980275200	536870912	0	1737306112	536870912	0	1783152640	536870912	0	1394122752
4	826613760	536870912	0	980275200	536870912	0	1767833600	536870912	0	1946992640	536870912	0	1137405952
5	827494400	536870912	0	981778432	536870912	0	1795235840	536870912	0	2104279040	536870912	0	912240640
6	828358656	536870912	0	982175744	536870912	0	1826037760	536870912	0	2147483648	536870912	0	815960064
7	828985344	536870912	0	982822912	536870912	0	1852432384	536870912	0	2147454976	536870912	0	756613120
8	830312448	536870912	0	983240704	536870912	0	1882185728	536870912	0	2147332096	536870912	0	687869952
9	831721472	536870912	0	984014848	536870912	0	1914822656	536870912	0	2147467264	536870912	0	615022592
10	832610304	536870912	0	984793088	536870912	0	1943003136	536870912	0	2147471360	536870912	0	557875200
11	833511424	536870912	0	985313280	536870912	0	1970659328	536870912	0	2147348480	536870912	0	510287872
12	834211840	536870912	0	985870336	536870912	0	1994121216	536870912	0	2147352576	536870912	0	477089792
13	823922688	536870912	83550208	974827520	536870912	112201728	2013470720	536870912	3813376	2115633152	536870912	637628416	186032128
14	824152064	536870912	83550208	974827520	536870912	123379712	1936703488	536870912	1507500032	1783373824	536870912	1646997504	326000640
15	824279040	536870912	83550208	975081472	536870912	123379712	1788751872	536870912	3544883200	1791950848	536870912	1646997504	164683776
16	824291328	536870912	83550208	975183872	536870912	123379712	1657995264	536870912	4915212288	1673801728	536870912	3469307904	163303424
17	824561664	536870912	83550208	975151104	536870912	123379712	1587322880	536870912	5756309504	1565589504	536870912	4942598144	190808064
18	826138624	536870912	83550208	975872000	536870912	123379712	1601638400	536870912	5756309504	1579450368	536870912	4942598144	156352512
19	827908096	536870912	83550208	976875520	536870912	123379712	1567453184	536870912	6324326400	1590497280	536870912	4942598144	169336832
20	829775872	536870912	83550208	977719296	536870912	123379712	1581228032	536870912	6324326400	1559814144	536870912	5482151936	180748288
21	831807488	536870912	83550208	978870272	536870912	123379712	1552310272	536870912	6860808192	1579220992	536870912	5482151936	185798656
22	833474560	536870912	83550208	979935232	536870912	123379712	1566060544	536870912	6860808192	1592836096	536870912	5482151936	164560896
23	834478080	536870912	83550208	980484096	536870912	123379712	1579393024	536870912	6860808192	1560829952	536870912	6036979712	175566848
24	836366336	536870912	83550208	981655552	536870912	123379712	1549934592	536870912	7400714240	1575161856	536870912	6036979712	178425856
25	837971968	536870912	83550208	982347776	536870912	123379712	1562537984	536870912	7400714240	1545465856	536870912	6588084224	186490880
26	844742656	536870912	83550208	982970368	536870912	123379712	1526906880	536870912	7932362752	1554944000	536870912	6588084224	194015232
27	874258432	536870912	83550208	983957504	536870912	123379712	1529425920	536870912	8184561664	1485582336	536870912	7378874368	215252992
28	906801152	536870912	83550208	979386368	536870912	123379712	1532915712	536870912	8184561664	1499209728	536870912	7378874368	159629312
29	911601664	536870912	83550208	979718144	536870912	123379712	1436205056	536870912	9277145088	1450090496	536870912	7877455872	157786112
30	903995392	536870912	185106432	967553024	536870912	238022656	1387274240	536870912	10099437568	1384394752	536870912	8822775808	221405184
31	905793536	536870912	185106432	968298496	536870912	238022656	1400336384	536870912	10099437568	1393561600	536870912	8822775808	198160384
32	907448320	536870912	185106432	969564160	536870912	238022656	1415364608	536870912	10099437568	1408716800	536870912	8822775808	170598400
33	909709312	536870912	185106432	971079680	536870912	238022656	1389129728	536870912	10553991168	1426587648	536870912	8822775808	165916672
34	911888384	536870912	185106432	972304384	536870912	238022656	1406431232	536870912	10553991168	1371860992	536870912	9714114560	196751360
35	913518592	536870912	185106432	973176832	536870912	238022656	1422217216	536870912	10553991168	1384763392	536870912	9714114560	163745792
36	914735104	536870912	185106432	974516224	536870912	238022656	1364721664	536870912	11464179712	1399263232	536870912	9714114560	190074880
37	916676608	536870912	185106432	975835136	536870912	238022656	1381515264	536870912	11464179712	1392091136	536870912	10070904832	173654016
38	917979136	536870912	185106432	976789504	536870912	238022656	1400152064	536870912	11464179712	1368965120	536870912	10601361408	169308160
39	920457216	536870912	185106432	978448384	536870912	238022656	1378660352	536870912	11896176640	1387954176	536870912	10601361408	159170560
40	922537984	536870912	185106432	979832832	536870912	238022656	1363701760	536870912	12131876864	1376112640	536870912	11198570496	175472640
41	924663808	536870912	185106432	1004986368	536870912	238022656	1355997184	536870912	12375826432	1340993536	536870912	11904069632	182464512
42	926248960	536870912	185106432	1036840960	536870912	238022656	1307197440	536870912	12989493248	1329979392	536870912	12221566976	176869376
43	928358400	536870912	185106432	1073061888	536870912	238022656	1299943424	536870912	13243691008	1302446080	536870912	12859146240	150618112
44	929218560	536870912	185106432	1096196096	536870912	276082688	1212907520	536870912	14042177536	1283317760	536870912	13206265856	208252928
45	923705344	536870912	286494720	1095684096	536870912	533626880	1126428672	536870912	15190953984	1181728768	536870912	14497452032	223449088
46	924987392	536870912	286494720	1125392384	536870912	533626880	1140871168	536870912	15190953984	1194004480	536870912	14497452032	164937728
47	924905472	536870912	286494720	1125298176	536870912	533626880	1140862976	536870912	15190953984	1193877504	536870912	14497452032	174174208
48	924913664	536870912	286494720	1125416960	536870912	533626880	1140891648	536870912	15190953984	1193914368	536870912	14497452032	172650496
49	926334976	536870912	286494720	1126121472	536870912	533626880	1154998272	536870912	15190953984	1163874304	536870912	14925619200	184090624
50	928923648	536870912	286494720	1127800832	536870912	533626880	1176174592	536870912	15190953984	1159491584	536870912	15341858816	158957568
51	930000896	536870912	286494720	1127567360	536870912	536387584	1157152768	536870912	15375233024	1167945728	536870912	15341858816	166195200
52	930054144	536870912	286494720	1127567360	536870912	536387584	1153261568	536870912	15379013632	1167847424	536870912	15341858816	169680896
53	930074624	536870912	286494720	1127493632	536870912	536387584	1153261568	536870912	15379013632	1167847424	536870912	15341858816	168443904
54	930160640	536870912	286494720	1123835904	536870912	574820352	1125138432	536870912	15601242112	1154088960	536870912	15665197056	436215808
55	932352000	536870912	286494720	1099173888	536870912	842100736	1133170688	536870912	15844720640	1165328384	536870912	15665197056	450482176
56	934920192	536870912	286494720	1100746752	536870912	842100736	1143685120	536870912	15844720640	1176825856	536870912	15665197056	421322752
57	937922560	536870912	286494720	1102528512	536870912	842100736	1155641344	536870912	15844720640	1189277696	536870912	15665197056	389316608
58	940400640	536870912	286494720	1104646144	536870912	842100736	1167220736	536870912	15844720640	1202909184	536870912	15665197056	357470208
59	942231552	536870912	286494720	1106345984	536870912	842100736	1178021888	536870912	15844720640	1215090688	536870912	15665197056	306348032
60	943759360	536870912	286494720	1107451904	536870912	842100736	1160851456	536870912	16016535552	1162260480	536870912	16360669184	183324672
61	946073600	536870912	286494720	1108996096	536870912	842100736	1162633216	536870912	16177532928	1165123584	536870912	16387842048	173453312
62	948789248	536870912	286494720	1110937600	536870912	842100736	1151467520	536870912	16498335744	1170350080	536870912	16530628608	171728896
63	950927360	536870912	286494720	1112776704	536870912	842100736	1145638912	536870912	16670879744	1156374528	536870912	16877416448	183808000
64	948441088	536870912	286494720	1108549632	536870912	842100736	1151201280	536870912	16670879744	1169735680	536870912	16877416448	173420544
65	951095296	536870912	286494720	1110155264	536870912	842100736	1156927488	536870912	16829792256	1149353984	536870912	17313447936	181161984
66	953962496	536870912	286494720	1111932928	536870912	842100736	1144512512	536870912	17152598016	1161269248	536870912	17369559040	174784512
67	956760064	536870912	286494720	1113530368	536870912	842100736	1157042176	536870912	17158332416	1145503744	536870912	17531621376	171933696
68	959688704	536870912	286494720	1114865664	536870912	842100736	1147170816	536870912	17321353216	1155371008	536870912	17686122496	164179968
69	957652992	536870912	286494720	1109786624	536870912	842100736	1152036864	536870912	17321353216	1165979648	536870912	17703559168	157011968
70	955858944	536870912	286494720	1104588800	536870912	842100736	1158029312	536870912	17321353216	1152000000	536870912	18019373056	174854144
71	958660608	536870912	286494720	1105661952	536870912	842100736	1143914496	536870912	17497759744	1162600448	536870912	18176634880	173125632
72	961183744	536870912	286494720	1106997248	536870912	842100736	1156820992	536870912	17497759744	1151348736	536870912	18376687616	165937152
73	963719168	536870912	286494720	1108295680	536870912	842100736	1144852480	536870912	17677160448	1163853824	536870912	18424483840	160096256
74	961445888	536870912	286494720	1103495168	536870912	842100736	1151111168	536870912	17677160448	1150287872	536870912	18635378688	164585472
75	962314240	536870912	286494720	1094725632	536870912	857260032	1154392064	536870912	17677160448	1141698560	536870912	18828447744	149639168
76	961986560	536870912	286494720	1063084032	536870912	1276129280	1115705344	536870912	18257657856	1080365056	536870912	19448467456	189464576
77	963321856	536870912	286494720	1045966848	536870912	1420431360	1086058496	536870912	18560614400	1070178304	536870912	19594268672	166723584
78	965718016	536870912	286494720	1047773184	536870912	1420431360	1061429248	536870912	18873729024	1085276160	536870912	19594268672	171089920
79	968507392	536870912	286494720	1049272320	536870912	1420431360	1073672192	536870912	18885197824	1061851136	536870912	19888693248	175968256
80	966356992	536870912	286494720	1044717568	536870912	1420431360	1078878208	536870912	18885197824	1076301824	536870912	19888693248	164413440
81	968540160	536870912	286494720	1046130688	536870912	1420431360	1078472704	536870912	19042635776	1074278400	536870912	20033130496	158429184
82	961499136	536870912	286494720	1036615680	536870912	1420431360	1078730752	536870912	19042635776	1087971328	536870912	20033130496	167157760
83	959188992	536870912	286494720	1033064448	536870912	1420431360	1083502592	536870912	19141537792	1081540608	536870912	20185300992	181915648
84	957124608	536870912	286494720	1029578752	536870912	1420431360	1089896448	536870912	19141537792	1096822784	536870912	20185300992	166342656
85	958996480	536870912	286494720	1031708672	536870912	1420431360	1076826112	536870912	19507335168	1092124672	536870912	20335882240	178315264
86	956870656	536870912	286494720	1028726784	536870912	1420431360	1085816832	536870912	19507335168	1108312064	536870912	20335882240	164831232
87	950530048	536870912	286494720	1019858944	536870912	1420431360	1086533632	536870912	19507335168	1122942976	536870912	20335882240	173068288
88	948207616	536870912	286494720	1015635968	536870912	1420431360	1096273920	536870912	19507335168	1140936704	536870912	20335882240	156999680
89	942845952	536870912	286494720	1008140288	536870912	1420431360	1099128832	536870912	19507335168	1156308992	536870912	20335882240	161890304
90	940318720	536870912	286494720	1004568576	536870912	1420431360	1105252352	536870912	19507335168	1142136832	536870912	20654874624	160935936
91	942968832	536870912	286494720	986714112	536870912	1537851392	1033068544	536870912	20130603008	1032658944	536870912	21603024896	177831936
92	946888704	536870912	286494720	988618752	536870912	1537851392	1026056192	536870912	20271333376	1024020480	536870912	21742280704	175874048
93	974831616	536870912	286494720	985083904	536870912	1537851392	1022599168	536870912	20309856256	1017917440	536870912	21914337280	165330944
94	983883776	536870912	286494720	986456064	536870912	1537851392	1026908160	536870912	20430639104	1009647616	536870912	22039191552	157859840
95	1005490176	536870912	286494720	983203840	536870912	1537851392	1014525952	536870912	20623085568	991584256	536870912	22230839296	172965888
96	1017696256	536870912	411852800	984231936	536870912	1537851392	1002729472	536870912	20876521472	1001824256	536870912	22347071488	162156544
97	1010380800	536870912	668037120	979980288	536870912	1537851392	1006383104	536870912	20994609152	1013665792	536870912	22347071488	160182272
98	1013735424	536870912	668037120	976752640	536870912	1537851392	1004601344	536870912	21016047616	992346112	536870912	22486097920	188477440
99	1010307072	536870912	932691968	978239488	536870912	1537851392	1019052032	536870912	21138636800	1010753536	536870912	22486097920	158765056
100	1004515328	536870912	1065914368	969449472	536870912	1537851392	997396480	536870912	21408239616	1020334080	536870912	22486097920	190025728
101	1004429312	536870912	1065914368	969449472	536870912	1537851392	997396480	536870912	21408239616	1020334080	536870912	22486097920	189976576
102	1009123328	536870912	1065914368	973938688	536870912	1537851392	999493632	536870912	21408239616	1022291968	536870912	22486097920	174551040
103	1015451648	536870912	1211633664	975114240	536870912	1537851392	1013882880	536870912	21427023872	1012117504	536870912	22747811840	162488320
104	1019138048	536870912	1347555328	970403840	536870912	1537851392	1018621952	536870912	21427023872	1008508928	536870912	22934122496	173416448
105	1005805568	536870912	1785786368	995827712	536870912	1669750784	989716480	536870912	21925273600	1001631744	536870912	23254994944	184524800
106	987103232	536870912	2482069504	995676160	536870912	1669750784	982675456	536870912	22056370176	1006919680	536870912	23254994944	205176832
107	966197248	536870912	2716348416	961101824	536870912	1930874880	962248704	536870912	22312648704	968077312	536870912	23762071552	153595904
108	966152192	536870912	2941435904	939335680	536870912	2120585216	947929088	536870912	22554279936	947159040	536870912	23988158464	176168960
109	962453504	536870912	3170750464	936161280	536870912	2222821376	941985792	536870912	22663024640	957026304	536870912	24112504832	173760512
110	951033856	536870912	3412561920	938467328	536870912	2222821376	957673472	536870912	22663024640	951660544	536870912	24261890048	169390080
111	960225280	536870912	3532537856	939999232	536870912	2222821376	951799808	536870912	22774095872	951517184	536870912	24392417280	159580160
112	954785792	536870912	3642036224	935960576	536870912	2222821376	951406592	536870912	22774095872	929841152	536870912	24587988992	192356352
113	938999808	536870912	3874037760	937652224	536870912	2222821376	960552960	536870912	22882988032	942690304	536870912	24595771392	183554048
114	943501312	536870912	3874037760	945152000	536870912	2222821376	949329920	536870912	23211614208	958210048	536870912	24595771392	165998592
115	946966528	536870912	3874037760	958767104	536870912	2329227264	942268416	536870912	23349977088	950669312	536870912	24717721600	160833536
116	950439936	536870912	3874037760	934023168	536870912	2776162304	954925056	536870912	23373639680	942112768	536870912	24838336512	173514752
117	954843136	536870912	3874037760	954761216	536870912	2870505472	949555200	536870912	23596994560	935780352	536870912	24946601984	158142464
118	952246272	536870912	3874037760	950059008	536870912	3191947264	942960640	536870912	23708139520	949485568	536870912	24946601984	162697216
119	937005056	536870912	3993812992	940896256	536870912	3516633088	940503040	536870912	23817170944	939663360	536870912	25071509504	197558272
120	940134400	536870912	3993812992	934277120	536870912	3736711168	945532928	536870912	23922991104	941441024	536870912	25184993280	187482112
121	897245184	536870912	4400013312	908607488	536870912	4039376896	890392576	536870912	24340656128	897581056	536870912	25591746560	146878464
122	892030976	536870912	4400013312	895991808	536870912	4140187648	889864192	536870912	24369549312	892186624	536870912	25687662592	176877568
123	892981248	536870912	4400013312	902402048	536870912	4140187648	892784640	536870912	24369549312	895492096	536870912	25687662592	164839424
124	882638848	536870912	4492845056	897961984	536870912	4334657536	903245824	536870912	24369549312	899813376	536870912	25782669312	164982784
125	887308288	536870912	4492845056	906612736	536870912	4556062720	900313088	536870912	24469438464	895930368	536870912	25894649856	153665536
126	893358080	536870912	4492845056	916832256	536870912	4652359680	883970048	536870912	24658427904	897675264	536870912	26078220288	149901312
127	879423488	536870912	4618600448	884367360	536870912	5292204032	879161344	536870912	24756027392	894693376	536870912	26175762432	197943296
128	878432256	536870912	4677902336	886423552	536870912	5589327872	894996480	536870912	24756027392	891588608	536870912	26269294592	182661120
129	882520064	536870912	4677902336	901996544	536870912	5702119424	891756544	536870912	24861974528	877436928	536870912	26561187840	175898624
130	886325248	536870912	4677902336	888324096	536870912	6126616576	890073088	536870912	24958337024	889729024	536870912	26649059328	171184128
131	890028032	536870912	4677902336	888934400	536870912	6327828480	879640576	536870912	25156755456	873918464	536870912	26954539008	189292544
132	861151232	536870912	4944683008	890437632	536870912	6610894848	877359104	536870912	25248333824	888557568	536870912	27010113536	199380992
133	865923072	536870912	4944683008	886820864	536870912	6894010368	894050304	536870912	25248333824	884244480	536870912	27197382656	182845440
134	869294080	536870912	4944683008	914464768	536870912	6982635520	879689728	536870912	25346932736	883306496	536870912	27284664320	160583680
135	871780352	536870912	4944683008	888463360	536870912	7731486720	878366720	536870912	25437749248	880046080	536870912	27386073088	173428736
136	859758592	536870912	4944683008	847278080	536870912	8001044480	845119488	536870912	25697185792	860553216	536870912	27651231744	158814208
137	811126784	536870912	5190201344	848433152	536870912	8082030592	827420672	536870912	25786318848	850305024	536870912	27753033728	177360896
138	814817280	536870912	5190201344	852770816	536870912	8250003456	834670592	536870912	25865904128	843087872	536870912	27832963072	165953536
139	818212864	536870912	5190201344	843190272	536870912	8421937152	849412096	536870912	25865904128	837308416	536870912	27917651968	162508800
140	816619520	536870912	5190201344	841723904	536870912	8421937152	846798848	536870912	25945796608	834519040	536870912	28150030336	173580288
141	820142080	536870912	5190201344	830242816	536870912	8514289664	840835072	536870912	26186416128	849960960	536870912	28150030336	169779200
142	823484416	536870912	5190201344	835448832	536870912	8514289664	844480512	536870912	26266263552	842665984	536870912	28324691968	164126720
143	826720256	536870912	5190201344	840130560	536870912	8514289664	839827456	536870912	26504830976	835985408	536870912	28419309568	164855808
144	829558784	536870912	5190201344	829071360	536870912	8603275264	836718592	536870912	26665308160	848875520	536870912	28419309568	159440896
145	823762944	536870912	5190201344	822124544	536870912	8603275264	844410880	536870912	26665308160	862208000	536870912	28419309568	159207424
146	818442240	536870912	5190201344	815214592	536870912	8603275264	851877888	536870912	26665308160	874864640	536870912	28419309568	157904896
147	817836032	536870912	5190201344	813441024	536870912	8603275264	860471296	536870912	26753462272	860741632	536870912	28601135104	169398272
148	822050816	536870912	5190201344	817463296	536870912	8603275264	857890816	536870912	26932449280	857223168	536870912	28773588992	165572608
149	825610240	536870912	5190201344	821891072	536870912	8603275264	854433792	536870912	27108814848	852324352	536870912	28948713472	161452032
150	829202432	536870912	5190201344	825462784	536870912	8603275264	843964416	536870912	27289583616	833867776	536870912	29263302656	180224000
151	831672320	536870912	5190201344	828424192	536870912	8603275264	838967296	536870912	27447267328	827887616	536870912	29360345088	161067008
152	778317824	536870912	5625843712	785539072	536870912	8970485760	792977408	536870912	27852066816	783077376	536870912	29669916672	158867456
153	776556544	536870912	5625843712	783294464	536870912	8970485760	791154688	536870912	27948654592	776814592	536870912	29745917952	175542272
154	780267520	536870912	5625843712	787308544	536870912	8970485760	789241856	536870912	28028592128	777564160	536870912	29821607936	164970496
155	778076160	536870912	5625843712	783126528	536870912	8970485760	785178624	536870912	28109307904	792399872	536870912	29821607936	168472576
156	779227136	536870912	5625843712	784052224	536870912	8970485760	779296768	536870912	28252778496	790560768	536870912	29898674176	175218688
157	774234112	536870912	5688360960	787722240	536870912	8970485760	782876672	536870912	28325703680	790765568	536870912	29974962176	168235008
158	778145792	536870912	5688360960	780865536	536870912	9033711616	797204480	536870912	28325703680	784355328	536870912	30182346752	160174080
159	782422016	536870912	5688360960	778035200	536870912	9066573824	779640832	536870912	28542177280	781021184	536870912	30388420608	176955392
160	787021824	536870912	5688360960	778588160	536870912	9098485760	776306688	536870912	28674920448	780165120	536870912	30514511872	173854720
161	793944064	536870912	5764972544	776953856	536870912	9098485760	771686400	536870912	28827983872	785432576	536870912	30645391360	162746368
162	772972544	536870912	6325301248	779550720	536870912	9098485760	773816320	536870912	28911992832	790315008	536870912	30873104384	163930112
163	778543104	536870912	6325301248	776966144	536870912	9162473472	770670592	536870912	29039042560	774144000	536870912	31092383744	180469760
164	771219456	536870912	6388744192	772018176	536870912	9228660736	778850304	536870912	29104345088	768561152	536870912	31275220992	185548800
165	776318976	536870912	6388744192	763133952	536870912	9296826368	776830976	536870912	29234786304	786939904	536870912	31275220992	170311680
166	769335296	536870912	6451122176	767307776	536870912	9296826368	779169792	536870912	29378088960	769171456	536870912	31480762368	172449792
167	772317184	536870912	6451122176	769310720	536870912	9296826368	779816960	536870912	29464924160	780705792	536870912	31480762368	776269824
168	775557120	536870912	6451122176	772706304	536870912	9296826368	790790144	536870912	29464924160	793468928	536870912	31480762368	1826660352
169	778428416	536870912	6451122176	775909376	536870912	9296826368	801120256	536870912	29464924160	805396480	536870912	31480762368	2879430656
170	782086144	536870912	6451122176	779304960	536870912	9296826368	813780992	536870912	29464924160	820432896	536870912	31480762368	3196403712
171	786509824	536870912	6451122176	782815232	536870912	9296826368	829116416	536870912	29464924160	837095424	536870912	31480762368	3156770816
172	787075072	536870912	6451122176	784068608	536870912	9296826368	842608640	536870912	29464924160	852664320	536870912	31480762368	3390676992
173	787075072	536870912	6451122176	784187392	536870912	9296826368	856371200	536870912	29464924160	868413440	536870912	31480762368	3358261248
174	796192768	536870912	6451122176	784097280	536870912	9296826368	870526976	536870912	29464924160	885391360	536870912	31480762368	3318181888
175	825864192	536870912	6451122176	784097280	536870912	9296826368	885469184	536870912	29464924160	903086080	536870912	31480762368	3254710272
176	851587072	536870912	6451122176	784097280	536870912	9296826368	898838528	536870912	29464924160	918867968	536870912	31480762368	3194757120
177	881844224	536870912	6451122176	784097280	536870912	9296826368	913915904	536870912	29464924160	937021440	536870912	31480762368	3128131584
178	913420288	536870912	6451122176	784097280	536870912	9296826368	928595968	536870912	29464924160	954847232	536870912	31480762368	3061186560
179	944947200	536870912	6451122176	784097280	536870912	9296826368	943374336	536870912	29464924160	973197312	536870912	31480762368	2993803264
180	972460032	536870912	6451122176	784097280	536870912	9296826368	957136896	536870912	29464924160	990236672	536870912	31480762368	2935009280
181	1005846528	536870912	6451122176	784097280	536870912	9296826368	971816960	536870912	29464924160	1008848896	536870912	31480762368	2867826688
182	1040044032	536870912	6451122176	784097280	536870912	9296826368	987152384	536870912	29464924160	1028378624	536870912	31480762368	2796777472
183	1072668672	536870912	6451122176	784097280	536870912	9296826368	1002233856	536870912	29464924160	1047425024	536870912	31480762368	2730377216
184	1108574208	536870912	6451122176	784097280	536870912	9296826368	1017356288	536870912	29464924160	1067085824	536870912	31480762368	2661072896
185	1141891072	536870912	6451122176	784097280	536870912	9296826368	1031548928	536870912	29464924160	1085829120	536870912	31480762368	2594852864
186	1177006080	536870912	6451122176	784097280	536870912	9296826368	1046614016	536870912	29464924160	1105620992	536870912	31480762368	2526359552
187	1215135744	536870912	6451122176	784097280	536870912	9296826368	1060638720	536870912	29464924160	1123041280	536870912	31480762368	2456682496
188	1256542208	536870912	6451122176	784097280	536870912	9296826368	1077432320	536870912	29464924160	1146109952	536870912	31480762368	2378121216
189	1275617280	536870912	6451122176	784097280	536870912	9296826368	1085112320	536870912	29464924160	1156665344	536870912	31480762368	2339610624
190	1281187840	536870912	6451122176	784097280	536870912	9296826368	1086906368	536870912	29464924160	1159888896	536870912	31480762368	2328547328
191	1315418112	536870912	6451122176	784097280	536870912	9296826368	1102475264	536870912	29464924160	1172643840	536870912	31480762368	2269900800
192	1315418112	536870912	6451122176	784097280	536870912	9296826368	1114370048	536870912	29464924160	1172643840	536870912	31480762368	2257879040
193	1315418112	536870912	6451122176	784097280	536870912	9296826368	1116364800	536870912	29464924160	1172643840	536870912	31480762368	2256846848
194	1315418112	536870912	6451122176	784097280	536870912	9296826368	1131175936	536870912	29464924160	1172643840	536870912	31480762368	2242502656
195	1315418112	536870912	6451122176	784097280	536870912	9296826368	1145856000	536870912	29464924160	1172643840	536870912	31480762368	2229641216
196	1315418112	536870912	6451122176	784097280	536870912	9296826368	1160142848	536870912	29464924160	1172643840	536870912	31480762368	2213928960
197	1315418112	536870912	6451122176	784097280	536870912	9296826368	1177174016	536870912	29464924160	1172643840	536870912	31480762368	2198302720
198	1315418112	536870912	6451122176	784101376	536870912	9296826368	1184776192	536870912	29464924160	1172643840	536870912	31480762368	2192359424
199	1315545088	536870912	6451122176	792723456	536870912	9296826368	1184677888	536870912	29464924160	1151852544	536870912	31480762368	2204966912
200	1305677824	536870912	6451122176	827092992	536870912	9296826368	1199226880	536870912	29464924160	624214016	536870912	31480762368	2709737472
201	1305591808	536870912	6451122176	858742784	536870912	9296826368	1209450496	536870912	29464924160	624214016	536870912	31480762368	2663116800
202	1305591808	536870912	6451122176	892682240	536870912	9296826368	1219420160	536870912	29464924160	624214016	536870912	31480762368	2617008128
203	1305591808	536870912	6451122176	929329152	536870912	9296826368	1233313792	536870912	29464924160	624214016	536870912	31480762368	2565672960
204	1305591808	536870912	6451122176	964816896	536870912	9296826368	1250091008	536870912	29464924160	624214016	536870912	31480762368	2512769024
205	1305591808	536870912	6451122176	1004339200	536870912	9296826368	1267240960	536870912	29464924160	624214016	536870912	31480762368	2457763840
206	1305591808	536870912	6451122176	1039323136	536870912	9296826368	1284743168	536870912	29464924160	624214016	536870912	31480762368	2407321600
207	1305710592	536870912	6451122176	1069371392	536870912	9296826368	1301782528	536870912	29464924160	624214016	536870912	31480762368	2362085376
