1	1465225216	536870912	0	2818834432	1073741824	0	1759760384	536870912	0	3516960768	1073741824	0	2919735296
2	1465475072	536870912	0	2818953216	1073741824	0	1759760384	536870912	0	3516960768	1073741824	0	2920423424
3	1490567168	536870912	0	2818953216	1073741824	0	1759916032	536870912	0	3517091840	1073741824	0	2895613952
4	1507856384	536870912	0	2819035136	1073741824	0	1759997952	536870912	0	3517124608	1073741824	0	2876510208
5	1524228096	536870912	0	2828185600	1073741824	0	1760059392	536870912	0	3517161472	1073741824	0	2852114432
6	1529008128	536870912	0	2868432896	1073741824	0	1760104448	536870912	0	3517198336	1073741824	0	2806927360
7	1529327616	536870912	0	2877534208	1073741824	0	1760137216	536870912	0	3517276160	1073741824	0	2796781568
8	1529561088	536870912	0	2877661184	1073741824	0	1760178176	536870912	0	3517276160	1073741824	0	2796601344
9	1529802752	536870912	0	2878091264	1073741824	0	1760215040	536870912	0	3517366272	1073741824	0	2795421696
10	1530306560	536870912	0	2878189568	1073741824	0	1760268288	536870912	0	3517366272	1073741824	0	2795540480
11	1530642432	536870912	0	2878844928	1073741824	0	1760296960	536870912	0	3517566976	1073741824	0	2793771008
12	1530908672	536870912	0	2879569920	1073741824	0	1760382976	536870912	0	3517603840	1073741824	0	2792034304
13	1531224064	536870912	0	2880176128	1073741824	0	1791094784	536870912	0	3517521920	1073741824	0	2758594560
14	1531543552	536870912	0	2880741376	1073741824	0	1833168896	536870912	0	3517566976	1073741824	0	2715209728
15	1580552192	536870912	0	2881245184	1073741824	0	1865777152	536870912	0	3517624320	1073741824	0	2633859072
16	1580822528	536870912	0	2881814528	1073741824	0	1904152576	536870912	0	3517706240	1073741824	0	2593185792
17	1581113344	536870912	0	2882334720	1073741824	0	1940729856	536870912	0	3517767680	1073741824	0	2554716160
18	1581506560	536870912	0	2882793472	1073741824	0	1981394944	536870912	0	3517767680	1073741824	0	2513088512
19	1581912064	536870912	0	2883162112	1073741824	0	2024153088	536870912	0	3517865984	1073741824	0	2468941824
20	1582325760	536870912	0	2883674112	1073741824	0	2065571840	536870912	0	3517923328	1073741824	0	2425970688
21	1582829568	536870912	0	2884210688	1073741824	0	2104238080	536870912	0	3518095360	1073741824	0	2387640320
22	1583206400	536870912	0	2884767744	1073741824	0	2141986816	536870912	0	3518029824	1073741824	0	2346881024
23	1583771648	536870912	0	2885124096	1073741824	0	2147459072	536870912	0	3517968384	1073741824	0	2338992128
24	1584267264	536870912	0	2885525504	1073741824	0	2147459072	536870912	0	3517997056	1073741824	0	2337558528
25	1584672768	536870912	0	2885832704	1073741824	0	2147459072	536870912	0	3518169088	1073741824	0	2336165888
26	1585266688	536870912	0	2886385664	1073741824	0	2147463168	536870912	0	3518226432	1073741824	0	2333794304
27	1585664000	536870912	0	2887008256	1073741824	0	2147463168	536870912	0	3518263296	1073741824	0	2332602368
28	1586221056	536870912	0	2887569408	1073741824	0	2147483648	536870912	0	3518308352	1073741824	0	2331140096
29	1586737152	536870912	0	2888241152	1073741824	0	2147475456	536870912	0	3518357504	1073741824	0	2330927104
30	1587445760	536870912	0	2888908800	1073741824	0	2147475456	536870912	0	3518390272	1073741824	0	2329026560
31	1588154368	536870912	0	2889601024	1073741824	0	2147479552	536870912	0	3518451712	1073741824	0	2329681920
32	1588817920	536870912	0	2890477568	1073741824	0	2147483648	536870912	0	3518382080	1073741824	0	2326179840
33	1589481472	536870912	0	2891251712	1073741824	0	2147483648	536870912	0	3518525440	1073741824	0	2323943424
34	1590251520	536870912	0	2891927552	1073741824	0	2147323904	536870912	0	3518709760	1073741824	0	2321793024
35	1591103488	536870912	0	2892922880	1073741824	0	2147315712	536870912	0	3518644224	1073741824	0	2318761984
36	1591828480	536870912	0	2894049280	1073741824	0	2147454976	536870912	0	3518664704	1073741824	0	2317574144
37	1592479744	536870912	0	2895020032	1073741824	0	2147471360	536870912	0	3518783488	1073741824	0	2316283904
38	1593253888	536870912	0	2896261120	1073741824	0	2147479552	536870912	0	3518828544	1073741824	0	2314473472
39	1594265600	536870912	0	2897534976	1073741824	0	2147340288	536870912	0	3518853120	1073741824	0	2311491584
40	1595219968	536870912	0	2898841600	1073741824	0	2147393536	536870912	0	3518910464	1073741824	0	2309259264
41	1596321792	536870912	0	2899988480	1073741824	0	2147483648	536870912	0	3519000576	1073741824	0	2302394368
42	1597243392	536870912	0	2900869120	1073741824	0	2147336192	536870912	0	3519053824	1073741824	0	2298114048
43	1598287872	536870912	0	2901905408	1073741824	0	2147344384	536870912	0	3519062016	1073741824	0	2296430592
44	1599295488	536870912	0	2903212032	1073741824	0	2147479552	536870912	0	3519115264	1073741824	0	2293342208
45	1600462848	536870912	0	2904514560	1073741824	0	2147360768	536870912	0	3519115264	1073741824	0	2291458048
46	1601605632	536870912	0	2905874432	1073741824	0	2147356672	536870912	0	3519217664	1073741824	0	2288734208
47	1602658304	536870912	0	2906906624	1073741824	0	2147356672	536870912	0	3519283200	1073741824	0	2285842432
48	1603563520	536870912	0	2908176384	1073741824	0	2147377152	536870912	0	3519340544	1073741824	0	2284249088
49	1604472832	536870912	0	2909208576	1073741824	0	2146533376	536870912	0	3519393792	1073741824	0	2282442752
50	1605763072	536870912	0	2970697728	1073741824	0	1581129728	536870912	0	3519344640	1073741824	0	2788933632
51	1608335360	536870912	0	3071897600	1073741824	0	1581236224	536870912	0	3564736512	1073741824	0	2634600448
52	1609003008	536870912	0	3146326016	1073741824	0	1581268992	536870912	0	3656990720	1073741824	0	2466390016
53	1610014720	536870912	0	3235213312	1073741824	0	1581330432	536870912	0	3704164352	1073741824	0	2326224896
54	1611051008	536870912	0	3334402048	1073741824	0	1581379584	536870912	0	3745390592	1073741824	0	2182266880
55	1612107776	536870912	0	3378511872	1073741824	0	1581432832	536870912	0	3776843776	1073741824	0	2103087104
56	1613066240	536870912	0	3379560448	1073741824	0	1581477888	536870912	0	3816493056	1073741824	0	2061156352
57	1614131200	536870912	0	3380498432	1073741824	0	1581531136	536870912	0	3865616384	1073741824	0	2009501696
58	1615290368	536870912	0	3381698560	1073741824	0	1581588480	536870912	0	3914821632	1073741824	0	1956872192
59	1616195584	536870912	0	3382730752	1073741824	0	1581686784	536870912	0	3964387328	1073741824	0	1904836608
60	1617084416	536870912	0	3383513088	1073741824	0	1581727744	536870912	0	4007796736	1073741824	0	1857974272
61	1618038784	536870912	0	3384508416	1073741824	0	1581772800	536870912	0	4053061632	1073741824	0	1808805888
62	1621278720	536870912	0	3385548800	1073741824	0	1581834240	536870912	0	4099342336	1073741824	0	1758732288
63	1622315008	536870912	0	3386650624	1073741824	0	1581879296	536870912	0	4146962432	1073741824	0	1708720128
64	1623293952	536870912	0	3387768832	1073741824	0	1581948928	536870912	0	4190441472	1073741824	0	1662099456
65	1624342528	536870912	0	3388870656	1073741824	0	1582022656	536870912	0	4234653696	1073741824	0	1614540800
66	1625509888	536870912	0	3390009344	1073741824	0	1582067712	536870912	0	4281102336	1073741824	0	1563996160
67	1626546176	536870912	0	3391053824	1073741824	0	1582145536	536870912	0	4294914048	1073741824	0	1546854400
68	1639407616	536870912	0	3392040960	1073741824	0	1582194688	536870912	0	4294909952	1073741824	0	1533087744
69	1640415232	536870912	0	3393224704	1073741824	0	1582223360	536870912	0	4294905856	1073741824	0	1530261504
70	1641549824	536870912	0	3393998848	1073741824	0	1582317568	536870912	0	4294914048	1073741824	0	1528025088
71	1656037376	536870912	0	3395289088	1073741824	0	1582383104	536870912	0	4294922240	1073741824	0	1512132608
72	1662488576	536870912	0	3396198400	1073741824	0	1582415872	536870912	0	4294942720	1073741824	0	1507344384
73	1669373952	536870912	0	3397124096	1073741824	0	1582452736	536870912	0	4294918144	1073741824	0	1490251776
74	1672175616	536870912	0	3398287360	1073741824	0	1582481408	536870912	0	4294963200	1073741824	0	1485819904
75	1676521472	536870912	0	3399323648	1073741824	0	1582518272	536870912	0	4294922240	1073741824	0	1480085504
76	1700159488	536870912	0	3400388608	1073741824	0	1582575616	536870912	0	4294922240	1073741824	0	1454116864
77	1734619136	536870912	0	3401621504	1073741824	0	1582620672	536870912	0	4294926336	1073741824	0	1418047488
78	1776943104	536870912	0	3402543104	1073741824	0	1582682112	536870912	0	4294926336	1073741824	0	1373671424
79	1820971008	536870912	0	3403649024	1073741824	0	1582743552	536870912	0	4294942720	1073741824	0	1327300608
80	1878745088	536870912	0	3404447744	1073741824	0	1582825472	536870912	0	4294959104	1073741824	0	1268375552
81	1936142336	536870912	0	3405320192	1073741824	0	1582862336	536870912	0	4294959104	1073741824	0	1207787520
82	1989586944	536870912	0	3406225408	1073741824	0	1582919680	536870912	0	4294930432	1073741824	0	1153548288
83	2027982848	536870912	0	3406557184	1073741824	0	1582940160	536870912	0	4294930432	1073741824	0	1112076288
84	2038063104	536870912	0	3407310848	1073741824	0	1582948352	536870912	0	4294946816	1073741824	0	1100922880
85	2039193600	536870912	0	3408527360	1073741824	0	1582989312	536870912	0	4294938624	1073741824	0	1099403264
86	2040492032	536870912	0	3409633280	1073741824	0	1583046656	536870912	0	4294934528	1073741824	0	1096708096
87	2041921536	536870912	0	3410792448	1073741824	0	1583091712	536870912	0	4294967296	1073741824	0	1094111232
88	2043424768	536870912	0	3412099072	1073741824	0	1583149056	536870912	0	4294934528	1073741824	0	1091457024
89	2044764160	536870912	0	3413323776	1073741824	0	1583210496	536870912	0	4294942720	1073741824	0	1089826816
90	2046824448	536870912	0	3414228992	1073741824	0	1583280128	536870912	0	4294938624	1073741824	0	1086070784
91	2048802816	536870912	0	3415310336	1073741824	0	1583357952	536870912	0	4294959104	1073741824	0	1082904576
92	2051354624	536870912	0	3416432640	1073741824	0	1583398912	536870912	0	4294938624	1073741824	0	1081163776
93	2053701632	536870912	0	3417645056	1073741824	0	1583435776	536870912	0	4294909952	1073741824	0	1076342784
94	2055782400	536870912	0	3418648576	1073741824	0	1583497216	536870912	0	4294942720	1073741824	0	1073410048
95	2058166272	536870912	0	3419865088	1073741824	0	1583546368	536870912	0	4294950912	1073741824	0	1070718976
96	2060484608	536870912	0	3420938240	1073741824	0	1583546368	536870912	0	4294938624	1073741824	0	1066889216
97	2062471168	536870912	0	3421933568	1073741824	0	1583665152	536870912	0	4294942720	1073741824	0	1063014400
98	2064687104	536870912	0	3423125504	1073741824	0	1583714304	536870912	0	4294942720	1073741824	0	1059577856
99	2067558400	536870912	0	3424239616	1073741824	0	1583779840	536870912	0	4294942720	1073741824	0	1055465472
100	2070081536	536870912	0	3425701888	1073741824	0	1583882240	536870912	0	4294942720	1073741824	0	1052061696
101	2071924736	536870912	0	3426893824	1073741824	0	1583841280	536870912	0	4294942720	1073741824	0	1038651392
102	2073477120	536870912	0	3427659776	1073741824	0	1584013312	536870912	0	3420049408	1073741824	0	1921482752
103	2075168768	536870912	0	3428433920	1073741824	0	1584013312	536870912	0	3419992064	1073741824	0	1682604032
104	2076647424	536870912	0	3428851712	1073741824	0	1584062464	536870912	0	3420049408	1073741824	0	1286340608
105	2077769728	536870912	0	3429494784	1073741824	0	1584074752	536870912	0	3420069888	1073741824	0	404938752
106	2078195712	536870912	0	3260678144	1073741824	1761587200	1583853568	536870912	0	3258949632	1073741824	2466115584	453918720
107	2078363648	536870912	0	3207286784	1073741824	3408154624	1583730688	536870912	0	3190321152	1073741824	3560738816	208744448
108	2078732288	536870912	0	3115696128	1073741824	5071724544	1583566848	536870912	0	3090829312	1073741824	5149274112	320290816
109	2080292864	536870912	0	3116285952	1073741824	5071724544	1583644672	536870912	0	3090972672	1073741824	5149274112	318955520
110	2081570816	536870912	0	3120275456	1073741824	5071724544	1597853696	536870912	0	3093278720	1073741824	5149274112	296398848
111	2082578432	536870912	0	3123032064	1073741824	5071724544	1633112064	536870912	0	3095760896	1073741824	5149274112	254623744
112	2083614720	536870912	0	3125043200	1073741824	5071724544	1666273280	536870912	0	3098329088	1073741824	5149274112	215244800
113	2084564992	536870912	0	3126534144	1073741824	5071724544	1702187008	536870912	0	3100557312	1073741824	5149274112	173789184
114	2085490688	536870912	0	3073748992	1073741824	6109294592	1741950976	536870912	0	3101777920	1073741824	5149274112	185114624
115	2082443264	536870912	0	3068399616	1073741824	6109294592	1780867072	536870912	0	3026640896	1073741824	6212190208	237252608
116	2083610624	536870912	0	3069784064	1073741824	6109294592	1822547968	536870912	0	3028496384	1073741824	6212190208	191655936
117	2084474880	536870912	0	3008327680	1073741824	7130771456	1861386240	536870912	0	3030532096	1073741824	6212190208	211292160
118	2085511168	536870912	0	3010244608	1073741824	7130771456	1900314624	536870912	0	3033518080	1073741824	6212190208	167784448
119	2087198720	536870912	0	3011846144	1073741824	7130771456	1938493440	536870912	0	2968948736	1073741824	7193214976	189595648
120	2088812544	536870912	0	2966315008	1073741824	8118894592	1977819136	536870912	0	2970267648	1073741824	7193214976	190308352
121	2090905600	536870912	0	2942046208	1073741824	8620859392	2016514048	536870912	0	2948399104	1073741824	7668871168	194105344
122	2092675072	536870912	0	2959421440	1073741824	9100890112	2052296704	536870912	0	2903457792	1073741824	8173477888	180142080
123	2094526464	536870912	0	2913935360	1073741824	10086219776	2087448576	536870912	0	2907566080	1073741824	8173477888	181428224
124	2096455680	536870912	0	2854617088	1073741824	11045990400	2118270976	536870912	0	2908532736	1073741824	8173477888	204992512
125	2097840128	536870912	0	2872979456	1073741824	11045990400	2147479552	536870912	0	2844614656	1073741824	9131122688	215015424
126	2099679232	536870912	0	2882211840	1073741824	11045990400	2147475456	536870912	0	2847133696	1073741824	9131122688	197308416
127	2101002240	536870912	0	2892234752	1073741824	11163672576	2147377152	536870912	0	2850840576	1073741824	9131122688	166449152
128	2102530048	536870912	0	2852392960	1073741824	11972493312	2147479552	536870912	0	2853609472	1073741824	9131122688	199249920
129	2103914496	536870912	0	2878861312	1073741824	11972493312	2147393536	536870912	0	2858213376	1073741824	9131122688	159342592
130	2104995840	536870912	0	2832424960	1073741824	12894343168	2147483648	536870912	0	2860863488	1073741824	9131122688	195502080
131	2106437632	536870912	0	2850279424	1073741824	12894343168	2147397632	536870912	0	2864656384	1073741824	9131122688	165478400
132	2107940864	536870912	0	2835566592	1073741824	13341622272	2147385344	536870912	0	2822406144	1073741824	9612685312	204582912
133	2099630080	536870912	0	2815119360	1073741824	13802049536	2144464896	536870912	0	2796810240	1073741824	9704656896	218910720
134	2099687424	536870912	0	2675306496	1073741824	15980208128	2147295232	536870912	0	2697011200	1073741824	11369668608	236269568
135	2017308672	536870912	417865728	2616287232	1073741824	16791691264	2110242816	536870912	875794432	2599354368	1073741824	12707880960	252035072
136	2017820672	536870912	417865728	2557317120	1073741824	17571065856	2014916608	536870912	2422226944	2562600960	1073741824	13398769664	214032384
137	1979392000	536870912	823238656	2474143744	1073741824	18709291008	1929424896	536870912	3547504640	2473279488	1073741824	14537908224	197128192
138	1850810368	536870912	1979277312	2414465024	1073741824	19437228032	1877512192	536870912	4265951232	2386272256	1073741824	15638511616	199335936
139	1772527616	536870912	2676207616	2302681088	1073741824	20801622016	1785683968	536870912	5337214976	2292387840	1073741824	16952254464	238391296
140	1691570176	536870912	3320115200	2204692480	1073741824	21769732096	1725063168	536870912	6265556992	2229977088	1073741824	17867194368	225759232
141	1691631616	536870912	3320115200	2205478912	1073741824	21769732096	1725718528	536870912	6265556992	2230239232	1073741824	17867194368	224239616
142	1691746304	536870912	3320115200	2205417472	1073741824	21769732096	1725640704	536870912	6265556992	2230231040	1073741824	17867194368	223731712
143	1691762688	536870912	3320115200	2205417472	1073741824	21769732096	1725640704	536870912	6265556992	2230231040	1073741824	17867194368	223154176
144	1691762688	536870912	3320115200	2205511680	1073741824	21769732096	1725771776	536870912	6265556992	2230362112	1073741824	17867194368	223158272
145	1691893760	536870912	3320115200	2205790208	1073741824	21769732096	1725927424	536870912	6265556992	2230366208	1073741824	17867194368	222625792
146	1692786688	536870912	3320115200	2209767424	1073741824	21769732096	1729114112	536870912	6265556992	2232393728	1073741824	17867194368	211640320
147	1693315072	536870912	3320115200	2212323328	1073741824	21769732096	1730797568	536870912	6265556992	2233532416	1073741824	17867194368	205004800
148	1693507584	536870912	3320115200	2212548608	1073741824	21769732096	1731006464	536870912	6265556992	2233700352	1073741824	17867194368	203628544
149	1693904896	536870912	3320115200	2212958208	1073741824	21769732096	1731272704	536870912	6265556992	2233671680	1073741824	17867194368	201998336
150	1694064640	536870912	3320115200	2213396480	1073741824	21769732096	1732923392	536870912	6265556992	2234662912	1073741824	17867194368	199417856
151	1694142464	536870912	3320115200	2213474304	1073741824	21769732096	1732898816	536870912	6265556992	2234642432	1073741824	17867194368	198246400
152	1695977472	536870912	3320115200	2225008640	1073741824	21769732096	1747730432	536870912	6265556992	2239885312	1073741824	17867194368	164577280
153	1697464320	536870912	3320115200	2236379136	1073741824	21769732096	1729064960	536870912	6570766336	2229174272	1073741824	18161786880	178577408
154	1698951168	536870912	3320115200	2248998912	1073741824	21769732096	1692311552	536870912	7191560192	2233421824	1073741824	18161786880	193507328
155	1701019648	536870912	3320115200	2210578432	1073741824	22384238592	1708015616	536870912	7191560192	2238558208	1073741824	18161786880	207753216
156	1702825984	536870912	3320115200	2228023296	1073741824	22384238592	1723461632	536870912	7191560192	2243653632	1073741824	18161786880	164585472
157	1703940096	536870912	3320115200	2241777664	1073741824	22384238592	1687138304	536870912	7806590976	2247823360	1073741824	18161786880	178204672
158	1702522880	536870912	3320115200	2237898752	1073741824	22683074560	1697316864	536870912	7806590976	2216427520	1073741824	18470039552	211918848
159	1702215680	536870912	3320115200	2263420928	1073741824	22683074560	1704435712	536870912	7806590976	2222092288	1073741824	18470039552	174985216
160	1703534592	536870912	3320115200	2216620032	1073741824	23303815168	1712939008	536870912	7806590976	2227007488	1073741824	18470039552	205320192
161	1710186496	536870912	3320115200	2233081856	1073741824	23303815168	1726967808	536870912	7806590976	2233327616	1073741824	18470039552	156286976
162	1725042688	536870912	3320115200	2239356928	1073741824	23303815168	1684586496	536870912	8430870528	2239340544	1073741824	18470039552	164982784
163	1685245952	536870912	3918544896	2245369856	1073741824	23303815168	1692495872	536870912	8430870528	2211045376	1073741824	19077578752	210632704
164	1655951360	536870912	4131332096	2222473216	1073741824	23628595200	1687109632	536870912	8445472768	2196901888	1073741824	19225485312	192086016
165	1598865408	536870912	4782481408	2161217536	1073741824	24300716032	1606623232	536870912	9255309312	2159378432	1073741824	19616845824	297672704
166	1527177216	536870912	5621260288	2060808192	1073741824	25429340160	1544798208	536870912	10037039104	2090541056	1073741824	20492816384	227151872
167	1445752832	536870912	6628159488	1984901120	1073741824	26113249280	1449312256	536870912	11254611968	2003345408	1073741824	21287940096	171823104
168	1376350208	536870912	7562797056	1895944192	1073741824	27005104128	1386291200	536870912	12101496832	1922416640	1073741824	22010478592	180338688
169	1279070208	536870912	8419586048	1818238976	1073741824	27812024320	1302757376	536870912	13012328448	1847275520	1073741824	22675906560	150892544
170	1201672192	536870912	8812638208	1753612288	1073741824	28207153152	1170493440	536870912	14705487872	1769504768	1073741824	23272251392	183934976
171	1200951296	536870912	8812638208	1723174912	1073741824	28400758784	1137238016	536870912	15270281216	1713135616	1073741824	23648165888	228208640
172	1203298304	536870912	8812638208	1724174336	1073741824	28400758784	1138028544	536870912	15270281216	1714053120	1073741824	23648165888	224202752
173	1203290112	536870912	8812638208	1724059648	1073741824	28400758784	1138028544	536870912	15270281216	1714003968	1073741824	23648165888	223522816
174	1203290112	536870912	8812638208	1724063744	1073741824	28400758784	1138028544	536870912	15270281216	1714003968	1073741824	23648165888	223756288
175	1203294208	536870912	8812638208	1724063744	1073741824	28400758784	1138028544	536870912	15270281216	1714003968	1073741824	23648165888	223232000
176	1207984128	536870912	8812638208	1726779392	1073741824	28400758784	1139863552	536870912	15270281216	1716166656	1073741824	23648165888	213667840
177	1198346240	536870912	9013776384	1740595200	1073741824	28574302208	1157844992	536870912	15270281216	1743781888	1073741824	23648165888	159125504
178	1185464320	536870912	9515085824	1712398336	1073741824	28917813248	1167540224	536870912	15270281216	1726595072	1073741824	23833399296	206729216
179	1195339776	536870912	9515085824	1720840192	1073741824	28917813248	1175240704	536870912	15270281216	1737134080	1073741824	23833399296	169824256
180	1201410048	536870912	9682968576	1724887040	1073741824	28917813248	1181081600	536870912	15270281216	1714917376	1073741824	24025133056	180482048
181	1201324032	536870912	9682968576	1724887040	1073741824	28917813248	1181093888	536870912	15270281216	1714950144	1073741824	24025133056	177393664
182	1201324032	536870912	9682968576	1724887040	1073741824	28917813248	1181093888	536870912	15270281216	1714950144	1073741824	24025133056	178241536
183	1213788160	536870912	9682968576	1722650624	1073741824	28917813248	1194299392	536870912	15270281216	1726484480	1073741824	24025133056	177766400
184	1208954880	536870912	10033262592	1721069568	1073741824	28917813248	1205465088	536870912	15270281216	1738133504	1073741824	24025133056	179965952
185	1224941568	536870912	10401058816	1717497856	1073741824	28917813248	1211146240	536870912	15270281216	1735876608	1073741824	24025133056	184741888
186	1239474176	536870912	10401058816	1719586816	1073741824	28917813248	1211146240	536870912	15270281216	1735876608	1073741824	24025133056	165220352
187	1239474176	536870912	10401058816	1719586816	1073741824	28917813248	1211146240	536870912	15270281216	1735876608	1073741824	24025133056	164536320
188	1205272576	536870912	10776698880	1721217024	1073741824	28917813248	1214468096	536870912	15270281216	1739554816	1073741824	24025133056	192233472
189	1218633728	536870912	10776698880	1724801024	1073741824	28917813248	1225146368	536870912	15270281216	1749012480	1073741824	24025133056	174895104
190	1231601664	536870912	10776698880	1725120512	1073741824	28917813248	1236918272	536870912	15270281216	1755762688	1073741824	24025133056	188641280
191	1243533312	536870912	10776698880	1729622016	1073741824	28917813248	1248931840	536870912	15270281216	1768591360	1073741824	24025133056	174780416
192	1237487616	536870912	10960117760	1736265728	1073741824	28917813248	1260969984	536870912	15270281216	1760833536	1073741824	24212824064	191545344
193	1226313728	536870912	11159453696	1750704128	1073741824	28917813248	1226276864	536870912	15833309184	1779818496	1073741824	24212824064	197709824
194	1237827584	536870912	11159453696	1762009088	1073741824	28917813248	1236557824	536870912	15833309184	1747513344	1073741824	24586014720	180252672
195	1188810752	536870912	11823280128	1741287424	1073741824	29093769216	1192579072	536870912	16130736128	1749278720	1073741824	24652668928	251219968
196	1118658560	536870912	12177035264	1654878208	1073741824	30088470528	1127940096	536870912	16737497088	1688268800	1073741824	25144918016	172797952
197	1045524480	536870912	12789850112	1602842624	1073741824	30671728640	1064591360	536870912	17325748224	1557753856	1073741824	25925795840	172515328
198	964091904	536870912	13192638464	1523990528	1073741824	31106789376	975478784	536870912	17859780608	1509765120	1073741824	26187722752	169754624
199	971563008	536870912	13192638464	1527185408	1073741824	31106789376	981671936	536870912	17859780608	1514803200	1073741824	26187722752	161775616
200	963485696	536870912	13316030464	1521049600	1073741824	31361191936	976642048	536870912	17992974336	1515540480	1073741824	26318950400	178679808
201	963489792	536870912	13316030464	1521049600	1073741824	31361191936	976642048	536870912	17992974336	1515540480	1073741824	26318950400	179892224
202	963620864	536870912	13316030464	1521180672	1073741824	31361191936	976777216	536870912	17992974336	1515671552	1073741824	26318950400	178941952
203	969814016	536870912	13316030464	1524805632	1073741824	31361191936	981651456	536870912	17992974336	1519996928	1073741824	26318950400	173961216
204	989097984	536870912	13316030464	1519857664	1073741824	31481446400	977993728	536870912	18109689856	1529483264	1073741824	26459656192	163360768
205	992780288	536870912	13316030464	1528909824	1073741824	31481446400	985030656	536870912	18109689856	1507950592	1073741824	26583298048	161107968
206	992780288	536870912	13316030464	1528909824	1073741824	31481446400	985030656	536870912	18109689856	1507950592	1073741824	26583298048	164020224
207	991559680	536870912	13316030464	1525698560	1073741824	31481446400	983994368	536870912	18109689856	1504333824	1073741824	26583298048	188252160
208	1001525248	536870912	13316030464	1532583936	1073741824	31481446400	988860416	536870912	18109689856	1506062336	1073741824	26583298048	174206976
209	1010561024	536870912	13316030464	1539751936	1073741824	31481446400	993447936	536870912	18109689856	1507885056	1073741824	26583298048	162226176
210	1014755328	536870912	13316030464	1537904640	1073741824	31481446400	995405824	536870912	18109689856	1503920128	1073741824	26583298048	187916288
211	1014820864	536870912	13316030464	1538076672	1073741824	31481446400	995463168	536870912	18109689856	1503948800	1073741824	26583298048	187641856
212	1015209984	536870912	13316030464	1538314240	1073741824	31481446400	995590144	536870912	18109689856	1504063488	1073741824	26583298048	185749504
213	1025458176	536870912	13316030464	1546280960	1073741824	31481446400	999604224	536870912	18109689856	1504886784	1073741824	26583298048	173957120
214	1036734464	536870912	13316030464	1553719296	1073741824	31481446400	1002524672	536870912	18109689856	1501532160	1073741824	26583298048	166576128
215	1036763136	536870912	13316030464	1552498688	1073741824	31481446400	1002950656	536870912	18109689856	1497341952	1073741824	26583298048	183840768
216	1050083328	536870912	13316030464	1560547328	1073741824	31481446400	1007337472	536870912	18109689856	1495076864	1073741824	26583298048	172564480
217	1056751616	536870912	13316030464	1565683712	1073741824	31481446400	1009324032	536870912	18109689856	1492463616	1073741824	26583298048	172228608
218	1059831808	536870912	13316030464	1566355456	1073741824	31481446400	1008320512	536870912	18109689856	1489014784	1073741824	26583298048	185163776
219	1065984000	536870912	13316030464	1572032512	1073741824	31481446400	1010212864	536870912	18109689856	1487818752	1073741824	26583298048	182149120
220	1075499008	536870912	13316030464	1578061824	1073741824	31481446400	1013563392	536870912	18109689856	1488195584	1073741824	26583298048	173350912
221	1083453440	536870912	13316030464	1581326336	1073741824	31481446400	1016381440	536870912	18109689856	1486422016	1073741824	26583298048	185241600
222	1049534464	536870912	13892136960	1591017472	1073741824	31481446400	1021333504	536870912	18109689856	1491300352	1073741824	26583298048	196349952
223	1059467264	536870912	14026506240	1585467392	1073741824	31548489728	1027395584	536870912	18109689856	1497534464	1073741824	26583298048	173645824
224	1070964736	536870912	14026506240	1585815552	1073741824	31631826944	1030819840	536870912	18109689856	1497071616	1073741824	26583298048	166998016
225	1079279616	536870912	14026506240	1591054336	1073741824	31631826944	1033801728	536870912	18109689856	1497071616	1073741824	26583298048	160477184
226	1035710464	536870912	14599176192	1542483968	1073741824	32068681728	1000488960	536870912	18359476224	1486446592	1073741824	26624933888	161071104
227	922509312	536870912	15231373312	1460654080	1073741824	32879558656	913874944	536870912	18964963328	1431375872	1073741824	27080183808	173727744
228	823820288	536870912	15670624256	1380356096	1073741824	33274007552	833380352	536870912	19450564608	1367502848	1073741824	27470143488	161177600
229	788488192	536870912	15810428928	1315512320	1073741824	33576558592	776790016	536870912	19749113856	1323454464	1073741824	27638849536	177602560
230	788488192	536870912	15810428928	1315491840	1073741824	33576558592	776790016	536870912	19749113856	1323454464	1073741824	27638849536	178094080
231	788496384	536870912	15810428928	1315500032	1073741824	33576558592	776794112	536870912	19749113856	1323458560	1073741824	27638849536	177467392
232	788656128	536870912	15810428928	1315573760	1073741824	33576558592	776847360	536870912	19749113856	1323507712	1073741824	27638849536	178114560
233	796966912	536870912	15810428928	1320706048	1073741824	33576558592	780513280	536870912	19749113856	1322946560	1073741824	27638849536	169873408
234	806670336	536870912	15810428928	1325780992	1073741824	33576558592	785182720	536870912	19749113856	1322647552	1073741824	27638849536	160559104
235	816222208	536870912	15810428928	1322848256	1073741824	33576558592	789479424	536870912	19749113856	1315180544	1073741824	27638849536	180940800
236	828370944	536870912	15810428928	1330155520	1073741824	33576558592	795324416	536870912	19749113856	1312706560	1073741824	27638849536	175616000
237	836435968	536870912	15810428928	1334669312	1073741824	33576558592	798593024	536870912	19749113856	1313173504	1073741824	27638849536	172552192
238	845303808	536870912	15810428928	1339236352	1073741824	33576558592	803074048	536870912	19749113856	1312350208	1073741824	27638849536	175067136
239	855822336	536870912	15810428928	1347072000	1073741824	33576558592	807596032	536870912	19749113856	1310490624	1073741824	27638849536	175194112
240	842625024	536870912	16059453440	1356058624	1073741824	33650741248	813977600	536870912	19749113856	1315520512	1073741824	27638849536	163315712
241	816893952	536870912	16302108672	1359179776	1073741824	33650741248	815603712	536870912	19749113856	1316478976	1073741824	27638849536	180695040
242	823013376	536870912	16302108672	1364848640	1073741824	33650741248	818376704	536870912	19749113856	1319059456	1073741824	27638849536	159916032
243	818962432	536870912	16455323648	1367588864	1073741824	33650741248	821125120	536870912	19749113856	1316429824	1073741824	27638849536	184340480
244	832348160	536870912	16455323648	1377165312	1073741824	33650741248	826626048	536870912	19749113856	1317408768	1073741824	27638849536	160825344
245	833527808	536870912	16530317312	1360654336	1073741824	33735819264	828182528	536870912	19749113856	1317724160	1073741824	27638849536	173940736
246	836841472	536870912	16530317312	1362055168	1073741824	33735819264	829583360	536870912	19749113856	1316196352	1073741824	27638849536	179646464
247	842170368	536870912	16530317312	1364840448	1073741824	33735819264	831553536	536870912	19749113856	1314603008	1073741824	27638849536	182177792
248	854978560	536870912	16530317312	1374855168	1073741824	33735819264	835911680	536870912	19749113856	1316126720	1073741824	27638849536	160735232
249	861949952	536870912	16530317312	1375227904	1073741824	33735819264	838266880	536870912	19749113856	1312976896	1073741824	27638849536	174497792
250	865071104	536870912	16530317312	1374769152	1073741824	33735819264	839143424	536870912	19749113856	1309544448	1073741824	27638849536	182624256
251	875958272	536870912	16530317312	1381675008	1073741824	33735819264	843366400	536870912	19749113856	1310478336	1073741824	27638849536	158982144
252	882577408	536870912	16530317312	1381408768	1073741824	33735819264	845389824	536870912	19749113856	1306484736	1073741824	27638849536	175771648
253	891994112	536870912	16530317312	1386487808	1073741824	33735819264	849350656	536870912	19749113856	1305718784	1073741824	27638849536	172425216
254	862797824	536870912	16902152192	1394962432	1073741824	33735819264	854044672	536870912	19749113856	1306243072	1073741824	27638849536	194105344
255	872091648	536870912	16902152192	1400287232	1073741824	33735819264	857640960	536870912	19749113856	1307430912	1073741824	27638849536	176480256
256	872996864	536870912	16902152192	1391534080	1073741824	33735819264	857743360	536870912	19749113856	1300111360	1073741824	27638849536	164528128
257	780980224	536870912	17492127744	1301209088	1073741824	34264662016	788996096	536870912	20224143360	1268277248	1073741824	27701624832	161398784
258	696799232	536870912	17811386368	1218244608	1073741824	34553200640	680124416	536870912	20680028160	1229914112	1073741824	27901964288	150822912
259	616894464	536870912	18043523072	1149472768	1073741824	34732068864	627580928	536870912	20853833728	1156255744	1073741824	28122755072	200175616
260	616894464	536870912	18043523072	1149472768	1073741824	34732068864	627580928	536870912	20853833728	1156255744	1073741824	28122755072	199122944
261	617205760	536870912	18043523072	1149636608	1073741824	34732068864	627630080	536870912	20853833728	1156349952	1073741824	28122755072	199487488
262	631533568	536870912	18043523072	1156190208	1073741824	34732068864	633827328	536870912	20853833728	1159184384	1073741824	28122755072	176840704
263	637673472	536870912	18079313920	1164034048	1073741824	34732068864	640094208	536870912	20879118336	1162104832	1073741824	28122755072	161255424
264	632057856	536870912	18145050624	1166770176	1073741824	34756075520	636809216	536870912	20944617472	1162616832	1073741824	28122755072	174223360
265	646635520	536870912	18145050624	1166163968	1073741824	34756075520	643760128	536870912	20944617472	1162670080	1073741824	28122755072	162148352
266	636575744	536870912	18212954112	1168850944	1073741824	34756075520	637276160	536870912	21016940544	1164165120	1073741824	28122755072	179425280
267	635052032	536870912	18317635584	1168822272	1073741824	34783293440	633659392	536870912	21087084544	1167314944	1073741824	28122755072	179220480
268	637988864	536870912	18351198208	1173565440	1073741824	34808209408	638980096	536870912	21087084544	1169702912	1073741824	28122755072	168886272
269	641802240	536870912	18378231808	1170722816	1073741824	34860896256	634650624	536870912	21149298688	1172787200	1073741824	28122755072	168423424
270	639598592	536870912	18407968768	1170309120	1073741824	34860896256	636407808	536870912	21174386688	1172459520	1073741824	28122755072	175251456
271	642277376	536870912	18407968768	1173704704	1073741824	34860896256	638504960	536870912	21174386688	1174106112	1073741824	28122755072	163872768
272	639627264	536870912	18435260416	1175269376	1073741824	34860896256	640937984	536870912	21200457728	1174536192	1073741824	28122755072	171220992
273	640790528	536870912	18435260416	1177915392	1073741824	34860896256	647122944	536870912	21200457728	1175285760	1073741824	28122755072	176574464
274	635957248	536870912	18488918016	1182937088	1073741824	34860896256	637673472	536870912	21303492608	1179869184	1073741824	28122755072	179077120
275	638894080	536870912	18488918016	1190395904	1073741824	34860896256	641056768	536870912	21303492608	1180545024	1073741824	28122755072	162004992
276	637648896	536870912	18488918016	1173172224	1073741824	34929745920	641519616	536870912	21303492608	1178095616	1073741824	28122755072	190345216
277	638304256	536870912	18488918016	1177223168	1073741824	34929745920	642306048	536870912	21303492608	1178619904	1073741824	28122755072	185335808
278	642457600	536870912	18488918016	1166229504	1073741824	34929745920	648531968	536870912	21303492608	1183469568	1073741824	28122755072	175697920
279	643559424	536870912	18488918016	1184309248	1073741824	34957537280	647045120	536870912	21364158464	1178689536	1073741824	28152156160	169066496
280	644313088	536870912	18488918016	1192542208	1073741824	34993987584	649809920	536870912	21392207872	1180045312	1073741824	28152156160	161681408
281	645525504	536870912	18488918016	1186164736	1073741824	35068674048	648142848	536870912	21451505664	1180655616	1073741824	28152156160	173539328
282	647389184	536870912	18488918016	1196437504	1073741824	35097014272	643633152	536870912	21501906944	1182699520	1073741824	28152156160	170041344
283	649728000	536870912	18488918016	1197240320	1073741824	35097014272	650760192	536870912	21501906944	1185611776	1073741824	28152156160	163647488
284	652955648	536870912	18488918016	1196584960	1073741824	35097014272	658366464	536870912	21501906944	1188634624	1073741824	28152156160	157298688
285	655228928	536870912	18488918016	1191460864	1073741824	35128328192	655208448	536870912	21541941248	1191407616	1073741824	28152156160	169021440
286	651141120	536870912	18523729920	1190436864	1073741824	35128328192	649060352	536870912	21580525568	1194823680	1073741824	28152156160	171773952
287	628396032	536870912	18644774912	1162678272	1073741824	35271057408	624959488	536870912	21684600832	1158524928	1073741824	28274642944	149909504
288	547250176	536870912	18821787648	1079083008	1073741824	35414171648	550510592	536870912	21882765312	1078202368	1073741824	28423675904	164532224
289	496521216	536870912	18833018880	991715328	1073741824	35421937664	522776576	536870912	21902041088	1020235776	1073741824	28430479360	178188288
290	501698560	536870912	18833018880	986882048	1073741824	35421937664	533065728	536870912	21902041088	1018105856	1073741824	28430479360	182697984
291	507682816	536870912	18833018880	988848128	1073741824	35421937664	542244864	536870912	21902041088	1023475712	1073741824	28430479360	163868672
292	508018688	536870912	18833018880	985542656	1073741824	35421937664	547966976	536870912	21902041088	1024233472	1073741824	28430479360	183857152
293	510349312	536870912	18833018880	984694784	1073741824	35421937664	555376640	536870912	21902041088	1027489792	1073741824	28430479360	183635968
294	513024000	536870912	18833018880	993869824	1073741824	35421937664	562860032	536870912	21902041088	1029623808	1073741824	28430479360	172998656
295	515788800	536870912	18833018880	992202752	1073741824	35421937664	570306560	536870912	21902041088	1033424896	1073741824	28430479360	174272512
296	518045696	536870912	18833018880	1000075264	1073741824	35421937664	576819200	536870912	21902041088	1035890688	1073741824	28430479360	166236160
297	520081408	536870912	18833018880	1001566208	1073741824	35421937664	583802880	536870912	21902041088	1038929920	1073741824	28430479360	163885056
298	524062720	536870912	18833018880	1006026752	1073741824	35421937664	566808576	536870912	21971660800	1043922944	1073741824	28430479360	165412864
299	526884864	536870912	18833018880	1014497280	1073741824	35421937664	552837120	536870912	22019776512	1047216128	1073741824	28430479360	165601280
300	529375232	536870912	18833018880	1015746560	1073741824	35421937664	559882240	536870912	22019776512	1048932352	1073741824	28430479360	166797312
301	530190336	536870912	18833018880	1016274944	1073741824	35421937664	564469760	536870912	22019776512	1049661440	1073741824	28430479360	170987520
302	529506304	536870912	18833018880	1018654720	1073741824	35421937664	566861824	536870912	22019776512	1049280512	1073741824	28430479360	181153792
303	531480576	536870912	18833018880	1021788160	1073741824	35421937664	574152704	536870912	22019776512	1053220864	1073741824	28430479360	176459776
304	533999616	536870912	18833018880	1021505536	1073741824	35421937664	582127616	536870912	22019776512	1056444416	1073741824	28430479360	175370240
305	536145920	536870912	18833018880	1023188992	1073741824	35421937664	588763136	536870912	22019776512	1054294016	1073741824	28430479360	177692672
306	538615808	536870912	18833018880	1027940352	1073741824	35421937664	593063936	536870912	22019776512	1055739904	1073741824	28430479360	163639296
307	539480064	536870912	18833018880	1028399104	1073741824	35421937664	594509824	536870912	22019776512	1056743424	1073741824	28430479360	159920128
308	540491776	536870912	18833018880	1027641344	1073741824	35421937664	600453120	536870912	22019776512	1059753984	1073741824	28430479360	162635776
309	542158848	536870912	18833018880	1030352896	1073741824	35421937664	606031872	536870912	22019776512	1062109184	1073741824	28430479360	162217984
310	540442624	536870912	18833018880	1035608064	1073741824	35421937664	610836480	536870912	22019776512	1061543936	1073741824	28430479360	177303552
311	542404608	536870912	18833018880	1033826304	1073741824	35421937664	617324544	536870912	22019776512	1063849984	1073741824	28430479360	178896896
312	544350208	536870912	18833018880	1037422592	1073741824	35421937664	624250880	536870912	22019776512	1068179456	1073741824	28430479360	173301760
313	546222080	536870912	18833018880	1040322560	1073741824	35421937664	631070720	536870912	22019776512	1071915008	1073741824	28430479360	167522304
314	549748736	536870912	18833018880	1049169920	1073741824	35421937664	605573120	536870912	22139834368	1074171904	1073741824	28432879616	176762880
315	553402368	536870912	18833018880	1053810688	1073741824	35421937664	586747904	536870912	22221635584	1078779904	1073741824	28432879616	181567488
316	557150208	536870912	18833018880	1062510592	1073741824	35421937664	571924480	536870912	22285438976	1083756544	1073741824	28432879616	177590272
317	558731264	536870912	18833018880	1062694912	1073741824	35421937664	578338816	536870912	22285438976	1087082496	1073741824	28432879616	165318656
318	539926528	536870912	18850349056	1041666048	1073741824	35421937664	546230272	536870912	22354956288	1075130368	1073741824	28432879616	152018944
319	503296000	536870912	18852347904	964124672	1073741824	35421937664	526376960	536870912	22371872768	1032138752	1073741824	28434481152	145022976
320	468418560	536870912	18852347904	884813824	1073741824	35421937664	516632576	536870912	22371872768	990908416	1073741824	28434481152	183009280
321	471605248	536870912	18852347904	893521920	1073741824	35421937664	522731520	536870912	22371872768	994885632	1073741824	28434481152	177405952
322	475320320	536870912	18852347904	897482752	1073741824	35421937664	529530880	536870912	22371872768	997847040	1073741824	28434481152	184262656
323	480210944	536870912	18852347904	906866688	1073741824	35421937664	535973888	536870912	22371872768	1001893888	1073741824	28434481152	177356800
324	494714880	536870912	18852347904	908902400	1073741824	35421937664	541859840	536870912	22371872768	1006129152	1073741824	28434481152	166100992
325	498708480	536870912	18852347904	913571840	1073741824	35421937664	538501120	536870912	22384517120	1009041408	1073741824	28434481152	164347904
326	500465664	536870912	18852347904	923312128	1073741824	35421937664	544456704	536870912	22384517120	1012424704	1073741824	28434481152	159432704
327	510025728	536870912	18852347904	920723456	1073741824	35421937664	548888576	536870912	22384517120	1014497280	1073741824	28434481152	178823168
328	516505600	536870912	18852347904	931237888	1073741824	35421937664	543920128	536870912	22408388608	1018277888	1073741824	28434481152	177319936
329	519475200	536870912	18852347904	934666240	1073741824	35421937664	550080512	536870912	22408388608	1023156224	1073741824	28434481152	157933568
330	523374592	536870912	18852347904	940302336	1073741824	35421937664	537423872	536870912	22435307520	1023557632	1073741824	28434481152	167280640
331	529620992	536870912	18852347904	942534656	1073741824	35421937664	540262400	536870912	22435307520	1024720896	1073741824	28434481152	170446848
332	540082176	536870912	18852347904	943665152	1073741824	35421937664	539353088	536870912	22445015040	1029279744	1073741824	28434481152	170291200
333	542326784	536870912	18852347904	940941312	1073741824	35421937664	541110272	536870912	22445015040	1030012928	1073741824	28434481152	181268480
334	544624640	536870912	18862526464	955588608	1073741824	35421937664	544804864	536870912	22445015040	1033375744	1073741824	28434481152	159330304
335	548892672	536870912	18868441088	955486208	1073741824	35421937664	541990912	536870912	22452043776	1033920512	1073741824	28434481152	161775616
336	550596608	536870912	18868441088	951459840	1073741824	35421937664	542244864	536870912	22452043776	1032687616	1073741824	28434481152	179924992
337	567431168	536870912	18868441088	952418304	1073741824	35421937664	544735232	536870912	22452043776	1033342976	1073741824	28434481152	157503488
338	548306944	536870912	18964525056	953475072	1073741824	35421937664	545492992	536870912	22452043776	1033256960	1073741824	28434481152	182833152
339	554307584	536870912	18964525056	958226432	1073741824	35421937664	548421632	536870912	22452043776	1036222464	1073741824	28434481152	166100992
340	543809536	536870912	19007229952	965623808	1073741824	35421937664	544231424	536870912	22465138688	1038610432	1073741824	28434481152	176422912
341	542326784	536870912	19032182784	973225984	1073741824	35421937664	538791936	536870912	22481264640	1042485248	1073741824	28434481152	174997504
342	541491200	536870912	19052236800	982142976	1073741824	35421937664	537419776	536870912	22491181056	1047617536	1073741824	28434481152	167931904
343	538976256	536870912	19066789888	984494080	1073741824	35421937664	537419776	536870912	22495596544	1050152960	1073741824	28434481152	178380800
344	539533312	536870912	19084800000	992452608	1073741824	35421937664	536666112	536870912	22505426944	1055748096	1073741824	28434481152	178462720
345	534773760	536870912	19104530432	997912576	1073741824	35421937664	539004928	536870912	22505426944	1056931840	1073741824	28434481152	185540608
346	543817728	536870912	19107348480	1006723072	1073741824	35421937664	538746880	536870912	22516191232	1061191680	1073741824	28434481152	178155520
347	552304640	536870912	19107348480	1011769344	1073741824	35421937664	543145984	536870912	22516191232	1064886272	1073741824	28434481152	169472000
348	544833536	536870912	19149922304	1018494976	1073741824	35421937664	545636352	536870912	22519173120	1068761088	1073741824	28434481152	158068736
349	542650368	536870912	19165237248	1022537728	1073741824	35421937664	532824064	536870912	22540865536	1070985216	1073741824	28434481152	162201600
350	543371264	536870912	19165237248	1023139840	1073741824	35421937664	533049344	536870912	22540865536	1071157248	1073741824	28434481152	159711232
351	543748096	536870912	19165237248	1023254528	1073741824	35421937664	533016576	536870912	22540865536	1071030272	1073741824	28434481152	157360128
352	534982656	536870912	19180986368	1021796352	1073741824	35421937664	533495808	536870912	22540865536	1070370816	1073741824	28434481152	182243328
353	536780800	536870912	19191394304	1027092480	1073741824	35421937664	537382912	536870912	22540865536	1073029120	1073741824	28434481152	172081152
354	525406208	536870912	19202166784	1009242112	1073741824	35421937664	532774912	536870912	22547337216	1067982848	1073741824	28437110784	152600576
355	485183488	536870912	19202166784	934477824	1073741824	35421937664	529690624	536870912	22547337216	1050574848	1073741824	28437110784	139018240
356	471248896	536870912	19202166784	902066176	1073741824	35421937664	527859712	536870912	22547337216	1044078592	1073741824	28437110784	139694080
357	467951616	536870912	19202166784	890802176	1073741824	35421937664	526286848	536870912	22547337216	1039998976	1073741824	28437110784	138981376
358	466755584	536870912	19202166784	887992320	1073741824	35421937664	524722176	536870912	22547337216	1038716928	1073741824	28437110784	138551296
359	464408576	536870912	19202166784	884965376	1073741824	35421937664	521383936	536870912	22547337216	1035149312	1073741824	28437110784	144732160
360	456359936	536870912	19202166784	879497216	1073741824	35421937664	515268608	536870912	22547337216	1028808704	1073741824	28437110784	204390400
361	459456512	536870912	19202166784	880115712	1073741824	35421937664	515518464	536870912	22547337216	1029193728	1073741824	28437110784	194383872
362	463998976	536870912	19202166784	883400704	1073741824	35421937664	516972544	536870912	22547337216	1030938624	1073741824	28437110784	163799040
363	468017152	536870912	19202166784	888459264	1073741824	35421937664	517062656	536870912	22547337216	1031024640	1073741824	28437110784	192376832
364	477855744	536870912	19202166784	897945600	1073741824	35421937664	521666560	536870912	22547337216	1036021760	1073741824	28437110784	162574336
365	483635200	536870912	19202166784	900931584	1073741824	35421937664	523759616	536870912	22547337216	1037672448	1073741824	28437110784	175919104
366	487972864	536870912	19202166784	904282112	1073741824	35421937664	525398016	536870912	22547337216	1039310848	1073741824	28437110784	158978048
367	489963520	536870912	19202166784	905904128	1073741824	35421937664	526790656	536870912	22547337216	1041051648	1073741824	28437110784	160923648
368	492904448	536870912	19202166784	908308480	1073741824	35421937664	528695296	536870912	22547337216	1043128320	1073741824	28437110784	169594880
369	498868224	536870912	19202166784	912433152	1073741824	35421937664	532000768	536870912	22547337216	1047011328	1073741824	28437110784	173944832
370	504590336	536870912	19202166784	914726912	1073741824	35421937664	533438464	536870912	22547337216	1048522752	1073741824	28437110784	161767424
371	507174912	536870912	19202166784	914788352	1073741824	35421937664	534577152	536870912	22547337216	1049812992	1073741824	28437110784	190115840
372	518131712	536870912	19202166784	924303360	1073741824	35421937664	539553792	536870912	22547337216	1054146560	1073741824	28437110784	160051200
373	527904768	536870912	19202166784	933679104	1073741824	35421937664	458223616	536870912	22632730624	1058349056	1073741824	28437110784	217772032
374	537993216	536870912	19202166784	941948928	1073741824	35421937664	462819328	536870912	22632730624	1062559744	1073741824	28437110784	185782272
375	550121472	536870912	19202166784	946388992	1073741824	35421937664	464756736	536870912	22632730624	1064321024	1073741824	28437110784	164282368
376	549462016	536870912	19202166784	942260224	1073741824	35421937664	464560128	536870912	22632730624	1064456192	1073741824	28437110784	178413568
377	557338624	536870912	19202166784	948846592	1073741824	35421937664	468099072	536870912	22632730624	1067966464	1073741824	28437110784	158154752
378	536801280	536870912	19242479616	953008128	1073741824	35421937664	471027712	536870912	22632730624	1071902720	1073741824	28437110784	177762304
379	537284608	536870912	19246514176	955543552	1073741824	35421937664	474025984	536870912	22632730624	1075523584	1073741824	28437110784	172847104
380	532754432	536870912	19259375616	956698624	1073741824	35421937664	474947584	536870912	22632730624	1076924416	1073741824	28437110784	181153792
381	536190976	536870912	19259375616	960413696	1073741824	35421937664	476372992	536870912	22632730624	1077735424	1073741824	28437110784	172625920
382	539992064	536870912	19259375616	964063232	1073741824	35421937664	478732288	536870912	22632730624	1081016320	1073741824	28437110784	176308224
383	540639232	536870912	19270299648	971595776	1073741824	35421937664	481828864	536870912	22632730624	1035554816	1073741824	28490362880	209002496
384	548073472	536870912	19270299648	980307968	1073741824	35421937664	485650432	536870912	22632730624	1039728640	1073741824	28490362880	175001600
385	552017920	536870912	19270299648	983552000	1073741824	35421937664	486596608	536870912	22632730624	1040240640	1073741824	28490362880	165187584
386	552267776	536870912	19270299648	983851008	1073741824	35421937664	486707200	536870912	22632730624	1040277504	1073741824	28490362880	164085760
387	554745856	536870912	19270299648	983891968	1073741824	35421937664	489508864	536870912	22632730624	1042595840	1073741824	28490362880	158171136
388	553525248	536870912	19270299648	979795968	1073741824	35421937664	492871680	536870912	22632730624	1045975040	1073741824	28490362880	159649792
389	539119616	536870912	19300786176	981495808	1073741824	35421937664	495153152	536870912	22632730624	1048588288	1073741824	28490362880	169545728
390	536281088	536870912	19300786176	978157568	1073741824	35421937664	496177152	536870912	22632730624	1048940544	1073741824	28490362880	184098816
391	542593024	536870912	19300786176	985092096	1073741824	35421937664	498966528	536870912	22632730624	1051525120	1073741824	28490362880	163971072
392	533938176	536870912	19313508352	985042944	1073741824	35421937664	501534720	536870912	22632730624	1053966336	1073741824	28490362880	178442240
393	534142976	536870912	19313508352	983384064	1073741824	35421937664	503095296	536870912	22632730624	1055043584	1073741824	28490362880	141307904
394	525996032	536870912	19313508352	976236544	1073741824	35421937664	472408064	536870912	22632730624	1034121216	1073741824	28490362880	138588160
395	202121216	536870912	19313508352	905744384	1073741824	35421937664	363012096	536870912	22632730624	912359424	1073741824	28490362880	172109824
396	162168832	536870912	19313508352	907427840	1073741824	35421937664	258961408	536870912	22632730624	896159744	1073741824	28490362880	173748224
397	163610624	536870912	19313508352	907898880	1073741824	35421937664	259252224	536870912	22632730624	896475136	1073741824	28490362880	161861632
398	162484224	536870912	19313508352	912183296	1073741824	35421937664	226365440	536870912	22632730624	894992384	1073741824	28490362880	176676864
399	171851776	536870912	19313508352	918155264	1073741824	35421937664	208502784	536870912	22632730624	897224704	1073741824	28490362880	171556864
400	180060160	536870912	19313508352	920432640	1073741824	35421937664	201785344	536870912	22632730624	898560000	1073741824	28490362880	174022656
401	186544128	536870912	19313508352	924475392	1073741824	35421937664	189038592	536870912	22632730624	900677632	1073741824	28490362880	177782784
402	189202432	536870912	19313508352	926433280	1073741824	35421937664	189460480	536870912	22632730624	901033984	1073741824	28490362880	169689088
403	193507328	536870912	19313508352	928780288	1073741824	35421937664	181764096	536870912	22632730624	902033408	1073741824	28490362880	175157248
404	202436608	536870912	19313508352	933609472	1073741824	35421937664	166907904	536870912	22632730624	905547776	1073741824	28490362880	173912064
405	210120704	536870912	19313508352	938422272	1073741824	35421937664	163758080	536870912	22632730624	908947456	1073741824	28490362880	164581376
406	213213184	536870912	19313508352	939716608	1073741824	35421937664	154681344	536870912	22632730624	909811712	1073741824	28490362880	178212864
407	214368256	536870912	19313508352	942141440	1073741824	35421937664	155168768	536870912	22632730624	910409728	1073741824	28490362880	171700224
408	205799424	536870912	19313508352	943673344	1073741824	35421937664	155570176	536870912	22632730624	913223680	1073741824	28490362880	182693888
409	211488768	536870912	19313508352	948785152	1073741824	35421937664	153108480	536870912	22632730624	916299776	1073741824	28490362880	174837760
410	217124864	536870912	19313508352	951459840	1073741824	35421937664	140976128	536870912	22632730624	918917120	1073741824	28490362880	177819648
411	224464896	536870912	19313508352	955756544	1073741824	35421937664	141307904	536870912	22632730624	921202688	1073741824	28490362880	179171328
412	227090432	536870912	19313508352	956694528	1073741824	35421937664	141598720	536870912	22632730624	921346048	1073741824	28490362880	166330368
413	228818944	536870912	19313508352	961953792	1073741824	35421937664	135163904	536870912	22632730624	923521024	1073741824	28490362880	176029696
414	233938944	536870912	19313508352	965480448	1073741824	35421937664	128729088	536870912	22632730624	926588928	1073741824	28490362880	175661056
415	241025024	536870912	19313508352	970711040	1073741824	35421937664	123494400	536870912	22632730624	928780288	1073741824	28490362880	175951872
416	244465664	536870912	19313508352	973352960	1073741824	35421937664	115601408	536870912	22632730624	929710080	1073741824	28490362880	177418240
417	248655872	536870912	19313508352	977821696	1073741824	35421937664	112168960	536870912	22632730624	929619968	1073741824	28490362880	176570368
418	251043840	536870912	19313508352	978841600	1073741824	35421937664	100937728	536870912	22632730624	928952320	1073741824	28490362880	165068800
419	256987136	536870912	19313508352	983019520	1073741824	35421937664	88403968	536870912	22632730624	931102720	1073741824	28490362880	168361984
420	260599808	536870912	19313508352	983900160	1073741824	35421937664	76574720	536870912	22632730624	931930112	1073741824	28490362880	179683328
421	263499776	536870912	19313508352	985370624	1073741824	35421937664	76984320	536870912	22632730624	932175872	1073741824	28490362880	158109696
422	265736192	536870912	19313508352	988377088	1073741824	35421937664	72876032	536870912	22632730624	932757504	1073741824	28490362880	172408832
423	271065088	536870912	19313508352	992845824	1073741824	35421937664	69783552	536870912	22632730624	933777408	1073741824	28490362880	148762624
424	273215488	536870912	19313508352	993587200	1073741824	35421937664	63328256	536870912	22632730624	933269504	1073741824	28490362880	272764928
425	278265856	536870912	19313508352	1001787392	1073741824	35421937664	65490944	536870912	22632730624	935575552	1073741824	28490362880	1866252288
426	282271744	536870912	19313508352	1006575616	1073741824	35421937664	66748416	536870912	22632730624	937107456	1073741824	28490362880	4141895680
427	290799616	536870912	19313508352	1016483840	1073741824	35421937664	70135808	536870912	22632730624	941084672	1073741824	28490362880	5733335040
428	296808448	536870912	19313508352	1023856640	1073741824	35421937664	72486912	536870912	22632730624	944017408	1073741824	28490362880	7404347392
429	302264320	536870912	19313508352	1031127040	1073741824	35421937664	74616832	536870912	22632730624	946958336	1073741824	28490362880	9140109312
430	309108736	536870912	19313508352	1041408000	1073741824	35421937664	77316096	536870912	22632730624	949739520	1073741824	28490362880	10814533632
431	316792832	536870912	19313508352	1050103808	1073741824	35421937664	80240640	536870912	22632730624	953929728	1073741824	28490362880	12251217920
432	323026944	536870912	19313508352	1058590720	1073741824	35421937664	83046400	536870912	22632730624	957079552	1073741824	28490362880	13928656896
433	332943360	536870912	19313508352	1071091712	1073741824	35421937664	86888448	536870912	22632730624	961511424	1073741824	28490362880	13908856832
434	341925888	536870912	19313508352	1081655296	1073741824	35421937664	90304512	536870912	22632730624	965439488	1073741824	28490362880	13860052992
435	351031296	536870912	19313508352	1093591040	1073741824	35421937664	93347840	536870912	22632730624	858247168	1073741824	28490362880	13939425280
436	356507648	536870912	19313508352	1106034688	1073741824	35421937664	96215040	536870912	22632730624	859897856	1073741824	28490362880	13906350080
437	363753472	536870912	19313508352	1118650368	1073741824	35421937664	98574336	536870912	22632730624	862265344	1073741824	28490362880	13877014528
438	374185984	536870912	19313508352	1133236224	1073741824	35421937664	100610048	536870912	22632730624	865050624	1073741824	28490362880	13844959232
439	384606208	536870912	19313508352	1147940864	1073741824	35421937664	102760448	536870912	22632730624	867446784	1073741824	28490362880	13810253824
440	385839104	536870912	19313508352	1148583936	1073741824	35421937664	103022592	536870912	22632730624	867840000	1073741824	28490362880	13806944256
441	386740224	536870912	19313508352	1148735488	1073741824	35421937664	103215104	536870912	22632730624	868028416	1073741824	28490362880	13801320448
442	387727360	536870912	19313508352	1148854272	1073741824	35421937664	103383040	536870912	22632730624	868667392	1073741824	28490362880	13799178240
443	391024640	536870912	19313508352	1148735488	1073741824	35421937664	103751680	536870912	22632730624	869978112	1073741824	28490362880	13794160640
444	397484032	536870912	19313508352	1148854272	1073741824	35421937664	104632320	536870912	22632730624	871596032	1073741824	28490362880	13783531520
