0	0.0	0.0	0.0	0.0
1	0.0	0.0	0.0	0.0
2	0.0	0.0	496459776.0	0.0
3	0.0	0.0	651444224.0	0.0
4	0.0	0.0	197271552.0	192847872.0
5	0.0	0.0	375926784.0	191287296.0
6	0.0	0.0	269615104.0	98701312.0
7	0.0	0.0	0.0	0.0
8	0.0	0.0	196706304.0	0.0
9	0.0	0.0	0.0	0.0
10	0.0	0.0	190009344.0	0.0
11	0.0	0.0	179978240.0	0.0
12	0.0	0.0	84439040.0	87351296.0
13	0.0	0.0	275488768.0	86810624.0
14	0.0	0.0	0.0	0.0
15	0.0	0.0	276918272.0	81297408.0
16	0.0	0.0	0.0	0.0
17	0.0	0.0	256405504.0	370024448.0
18	0.0	0.0	246018048.0	651640832.0
19	0.0	0.0	0.0	337174528.0
20	0.0	0.0	165638144.0	151654400.0
21	0.0	0.0	155955200.0	149827584.0
22	0.0	0.0	156483584.0	152317952.0
23	0.0	0.0	79572992.0	220172288.0
24	0.0	0.0	74211328.0	166559744.0
25	0.0	0.0	0.0	0.0
26	0.0	0.0	75149312.0	82788352.0
27	0.0	0.0	222724096.0	171843584.0
28	0.0	0.0	230535168.0	270753792.0
29	0.0	0.0	0.0	70164480.0
30	0.0	0.0	287010816.0	233160704.0
31	0.0	0.0	0.0	288129024.0
32	0.0	0.0	146808832.0	301543424.0
33	0.0	0.0	146313216.0	0.0
34	0.0	0.0	203546624.0	73809920.0
35	0.0	0.0	184848384.0	146329600.0
36	0.0	0.0	0.0	0.0
37	0.0	0.0	0.0	0.0
38	0.0	0.0	0.0	0.0
39	0.0	0.0	0.0	0.0
40	0.0	0.0	185503744.0	180629504.0
41	0.0	0.0	616067072.0	401092608.0
42	127676416.0	0.0	257179648.0	233508864.0
43	121446400.0	0.0	188137472.0	236654592.0
44	405426176.0	0.0	66674688.0	118964224.0
45	0.0	0.0	169123840.0	180023296.0
46	114016256.0	0.0	170483712.0	160714752.0
47	0.0	0.0	0.0	0.0
48	170459136.0	0.0	123592704.0	123166720.0
49	280985600.0	0.0	61104128.0	130584576.0
50	229060608.0	0.0	117051392.0	264413184.0
51	187101184.0	0.0	203431936.0	434278400.0
52	9080832.0	0.0	150278144.0	181141504.0
53	0.0	0.0	51331072.0	92631040.0
54	0.0	0.0	95649792.0	125444096.0
55	42147840.0	0.0	0.0	144515072.0
56	0.0	0.0	181858304.0	182185984.0
57	216219648.0	0.0	179372032.0	226803712.0
58	80216064.0	0.0	0.0	87142400.0
59	60596224.0	0.0	191361024.0	93044736.0
60	67674112.0	0.0	159281152.0	97300480.0
61	42012672.0	0.0	185749504.0	207282176.0
62	164696064.0	0.0	80289792.0	113799168.0
63	0.0	0.0	0.0	0.0
64	0.0	0.0	88686592.0	227098624.0
65	75550720.0	0.0	76206080.0	194437120.0
66	0.0	0.0	9146368.0	1425408.0
67	8318976.0	30662656.0	30543872.0	89948160.0
68	66420736.0	118099968.0	35909632.0	100028416.0
69	3227648.0	63021056.0	84766720.0	238899200.0
70	32014336.0	121880576.0	151269376.0	156762112.0
71	2084864.0	34885632.0	1368064.0	114688.0
72	21581824.0	58089472.0	50573312.0	36028416.0
73	84082688.0	29790208.0	73744384.0	819200.0
74	0.0	81166336.0	46981120.0	160215040.0
75	0.0	0.0	0.0	70057984.0
76	0.0	0.0	93523968.0	126173184.0
77	0.0	46575616.0	0.0	85082112.0
78	0.0	47460352.0	0.0	111050752.0
79	0.0	390225920.0	136187904.0	143122432.0
80	0.0	164159488.0	46329856.0	68739072.0
81	0.0	184647680.0	133132288.0	217841664.0
82	0.0	117604352.0	86077440.0	86118400.0
83	0.0	276389888.0	76619776.0	103534592.0
84	0.0	149721088.0	211660800.0	213536768.0
85	0.0	57360384.0	71761920.0	159555584.0
86	71008256.0	178712576.0	73482240.0	69181440.0
87	0.0	0.0	74543104.0	0.0
88	52461568.0	0.0	146599936.0	228454400.0
89	19320832.0	37634048.0	138825728.0	34590720.0
90	0.0	0.0	77721600.0	232361984.0
91	99651584.0	69246976.0	40382464.0	168968192.0
92	0.0	0.0	111366144.0	112406528.0
93	95838208.0	37466112.0	37445632.0	58277888.0
94	0.0	0.0	71069696.0	133906432.0
95	0.0	67796992.0	101167104.0	31080448.0
96	65474560.0	28860416.0	46190592.0	135450624.0
97	29282304.0	56999936.0	79134720.0	37871616.0
98	64327680.0	28504064.0	71081984.0	97591296.0
99	0.0	27967488.0	100323328.0	74686464.0
100	28749824.0	55570432.0	84942848.0	60121088.0
101	55885824.0	28778496.0	0.0	28397568.0
102	0.0	0.0	0.0	0.0
103	0.0	0.0	0.0	0.0
104	0.0	0.0	0.0	0.0
105	0.0	0.0	0.0	0.0
106	0.0	0.0	0.0	0.0
107	0.0	0.0	0.0	0.0
108	0.0	0.0	0.0	0.0
109	0.0	0.0	0.0	0.0
110	0.0	0.0	0.0	0.0
111	0.0	0.0	0.0	0.0
112	0.0	0.0	0.0	0.0
113	0.0	0.0	0.0	0.0
114	0.0	0.0	0.0	0.0
115	0.0	0.0	0.0	0.0
116	0.0	0.0	0.0	0.0
117	0.0	0.0	0.0	0.0
118	0.0	0.0	0.0	0.0
119	0.0	0.0	0.0	0.0
120	0.0	0.0	0.0	0.0
121	0.0	0.0	0.0	0.0
122	0.0	0.0	0.0	0.0
123	0.0	0.0	0.0	0.0
124	0.0	0.0	0.0	0.0
125	0.0	0.0	0.0	0.0
126	0.0	0.0	0.0	0.0
127	0.0	0.0	0.0	0.0
128	0.0	0.0	0.0	0.0
129	0.0	0.0	0.0	0.0
130	0.0	0.0	0.0	0.0
131	0.0	0.0	0.0	0.0
132	0.0	0.0	0.0	0.0
133	0.0	0.0	0.0	0.0
134	0.0	0.0	0.0	0.0
135	0.0	0.0	0.0	0.0
136	0.0	0.0	0.0	0.0
137	0.0	0.0	0.0	0.0
138	0.0	0.0	0.0	0.0
139	0.0	0.0	0.0	0.0
140	0.0	0.0	0.0	0.0
141	0.0	0.0	0.0	0.0
142	0.0	0.0	0.0	0.0
143	0.0	0.0	0.0	0.0
144	0.0	0.0	0.0	0.0
145	0.0	0.0	0.0	0.0
146	0.0	0.0	0.0	0.0
147	0.0	0.0	0.0	0.0
148	0.0	0.0	0.0	0.0
149	0.0	0.0	0.0	0.0
150	0.0	0.0	0.0	0.0
151	0.0	0.0	0.0	0.0
152	0.0	0.0	0.0	0.0
153	0.0	0.0	0.0	0.0
154	0.0	0.0	0.0	0.0
155	0.0	0.0	0.0	0.0
156	0.0	0.0	0.0	0.0
157	0.0	0.0	0.0	0.0
158	0.0	0.0	0.0	0.0
159	0.0	0.0	0.0	0.0
160	0.0	0.0	0.0	0.0
161	0.0	0.0	0.0	0.0
162	0.0	0.0	0.0	0.0
163	0.0	0.0	0.0	0.0
164	0.0	0.0	0.0	0.0
165	0.0	0.0	0.0	0.0
166	0.0	0.0	0.0	0.0
167	0.0	0.0	0.0	0.0
168	0.0	0.0	0.0	0.0
169	0.0	0.0	0.0	0.0
170	0.0	0.0	0.0	0.0
171	0.0	0.0	0.0	0.0
172	0.0	0.0	0.0	0.0
173	0.0	0.0	0.0	0.0
174	0.0	0.0	0.0	0.0
175	0.0	0.0	0.0	0.0
176	0.0	0.0	0.0	0.0
177	0.0	0.0	0.0	0.0
178	0.0	0.0	0.0	0.0
179	0.0	0.0	0.0	0.0
180	0.0	0.0	0.0	0.0
181	0.0	0.0	0.0	0.0
182	0.0	0.0	0.0	0.0
183	0.0	0.0	0.0	0.0
184	0.0	0.0	0.0	0.0
185	0.0	0.0	0.0	0.0
186	0.0	0.0	0.0	0.0
187	0.0	0.0	0.0	0.0
188	0.0	0.0	0.0	0.0
189	0.0	0.0	0.0	0.0
190	0.0	0.0	0.0	0.0
191	0.0	0.0	0.0	0.0
192	0.0	0.0	0.0	0.0
193	0.0	0.0	0.0	0.0
194	0.0	0.0	0.0	0.0
195	0.0	0.0	0.0	0.0
196	0.0	0.0	0.0	0.0
197	0.0	0.0	0.0	0.0
198	0.0	0.0	0.0	0.0
199	0.0	0.0	0.0	0.0
200	0.0	0.0	0.0	0.0
201	0.0	0.0	0.0	0.0
202	0.0	0.0	0.0	0.0
203	0.0	0.0	0.0	0.0
204	0.0	0.0	0.0	0.0
205	0.0	0.0	0.0	0.0
206	0.0	0.0	0.0	0.0
207	0.0	0.0	0.0	0.0
208	0.0	0.0	0.0	0.0
209	0.0	0.0	0.0	0.0
210	0.0	0.0	0.0	0.0
211	0.0	0.0	0.0	0.0
212	0.0	0.0	0.0	0.0
213	0.0	0.0	0.0	0.0
214	0.0	0.0	0.0	0.0
215	0.0	0.0	0.0	0.0
216	0.0	0.0	0.0	0.0
217	0.0	0.0	0.0	0.0
218	0.0	0.0	0.0	0.0
219	0.0	0.0	0.0	0.0
220	0.0	0.0	0.0	0.0
221	0.0	0.0	0.0	0.0
222	0.0	0.0	0.0	0.0
223	0.0	0.0	0.0	0.0
224	0.0	0.0	0.0	0.0
225	0.0	0.0	0.0	0.0
226	0.0	0.0	0.0	0.0
227	0.0	0.0	0.0	0.0
228	0.0	0.0	0.0	0.0
229	0.0	0.0	0.0	0.0
230	0.0	0.0	0.0	0.0
231	0.0	0.0	0.0	0.0
232	0.0	0.0	0.0	0.0
233	0.0	0.0	0.0	0.0
234	0.0	0.0	0.0	0.0
235	0.0	0.0	0.0	0.0
236	0.0	0.0	0.0	0.0
237	0.0	0.0	0.0	0.0
238	0.0	0.0	0.0	0.0
239	0.0	0.0	0.0	0.0
240	0.0	0.0	0.0	0.0
241	0.0	0.0	0.0	0.0
242	0.0	0.0	0.0	0.0
243	0.0	0.0	0.0	0.0
244	0.0	0.0	0.0	0.0
245	0.0	0.0	0.0	0.0
246	0.0	0.0	0.0	0.0
247	0.0	0.0	0.0	0.0
248	0.0	0.0	0.0	0.0
249	0.0	0.0	0.0	0.0
250	0.0	0.0	0.0	0.0
251	0.0	0.0	0.0	0.0
252	0.0	0.0	0.0	0.0
253	0.0	0.0	0.0	0.0
254	0.0	0.0	0.0	0.0
255	0.0	0.0	0.0	0.0
256	0.0	0.0	0.0	0.0
257	0.0	0.0	0.0	0.0
258	0.0	0.0	0.0	0.0
259	0.0	0.0	0.0	0.0
260	0.0	0.0	0.0	0.0
261	0.0	0.0	0.0	0.0
262	0.0	0.0	0.0	0.0
263	0.0	0.0	0.0	0.0
264	0.0	0.0	0.0	0.0
265	0.0	0.0	0.0	0.0
266	0.0	0.0	0.0	0.0
267	0.0	0.0	0.0	0.0
268	0.0	0.0	0.0	0.0
269	0.0	0.0	0.0	0.0
270	0.0	0.0	0.0	0.0
271	0.0	0.0	0.0	0.0
272	0.0	0.0	0.0	0.0
273	0.0	0.0	0.0	0.0
274	0.0	0.0	0.0	0.0
275	0.0	0.0	0.0	0.0
276	0.0	0.0	0.0	0.0
277	0.0	0.0	0.0	0.0
278	0.0	0.0	0.0	0.0
279	0.0	0.0	0.0	0.0
280	0.0	0.0	0.0	0.0
281	0.0	0.0	0.0	0.0
282	0.0	0.0	0.0	0.0
283	0.0	0.0	0.0	0.0
284	0.0	0.0	0.0	0.0
285	0.0	0.0	0.0	0.0
286	0.0	0.0	0.0	0.0
287	0.0	0.0	0.0	0.0
288	0.0	0.0	0.0	0.0
289	0.0	0.0	0.0	0.0
290	0.0	0.0	0.0	0.0
291	0.0	0.0	0.0	0.0
292	0.0	0.0	0.0	0.0
293	0.0	0.0	0.0	0.0
294	0.0	0.0	0.0	0.0
295	0.0	0.0	0.0	0.0
296	0.0	0.0	0.0	0.0
297	0.0	0.0	0.0	0.0
298	0.0	0.0	0.0	0.0
299	0.0	0.0	0.0	0.0
300	0.0	0.0	0.0	0.0
301	0.0	0.0	0.0	0.0
302	0.0	0.0	0.0	0.0
303	0.0	0.0	0.0	0.0
304	0.0	0.0	0.0	0.0
305	0.0	0.0	0.0	0.0
306	0.0	0.0	0.0	0.0
307	0.0	0.0	0.0	0.0
308	0.0	0.0	0.0	0.0
309	0.0	0.0	0.0	0.0
310	0.0	0.0	0.0	0.0
311	0.0	0.0	0.0	0.0
312	0.0	0.0	0.0	0.0
313	0.0	0.0	0.0	0.0
314	0.0	0.0	0.0	0.0
315	0.0	0.0	0.0	0.0
316	0.0	0.0	0.0	0.0
317	0.0	0.0	0.0	0.0
318	0.0	0.0	0.0	0.0
319	0.0	0.0	0.0	0.0
320	0.0	0.0	0.0	0.0
321	0.0	0.0	0.0	0.0
322	0.0	0.0	0.0	0.0
323	0.0	0.0	0.0	0.0
324	0.0	0.0	0.0	0.0
325	0.0	0.0	0.0	0.0
326	0.0	0.0	0.0	0.0
327	0.0	0.0	0.0	0.0
328	0.0	0.0	0.0	0.0
329	0.0	0.0	0.0	0.0
330	0.0	0.0	0.0	0.0
331	0.0	0.0	0.0	0.0
332	0.0	0.0	0.0	0.0
333	0.0	0.0	0.0	0.0
334	0.0	0.0	0.0	0.0
335	0.0	0.0	0.0	0.0
336	0.0	0.0	0.0	0.0
337	0.0	0.0	0.0	0.0
338	0.0	0.0	0.0	0.0
339	0.0	0.0	0.0	0.0
340	0.0	0.0	0.0	0.0
341	0.0	0.0	0.0	0.0
342	0.0	0.0	0.0	0.0
343	0.0	0.0	0.0	0.0
344	0.0	0.0	0.0	0.0
345	0.0	0.0	0.0	0.0
346	0.0	0.0	0.0	0.0
347	0.0	0.0	0.0	0.0
348	0.0	0.0	0.0	0.0
349	0.0	0.0	0.0	0.0
350	0.0	0.0	0.0	0.0
351	0.0	0.0	0.0	0.0
352	0.0	0.0	0.0	0.0
353	0.0	0.0	0.0	0.0
354	0.0	0.0	0.0	625205248.0
355	0.0	0.0	0.0	102412288.0
356	0.0	0.0	0.0	0.0
357	0.0	0.0	0.0	0.0
358	0.0	0.0	0.0	0.0
359	0.0	0.0	0.0	0.0
360	0.0	0.0	0.0	0.0
361	0.0	0.0	0.0	0.0
362	0.0	0.0	0.0	0.0
363	0.0	0.0	0.0	0.0
364	0.0	0.0	0.0	0.0
365	0.0	0.0	0.0	0.0
366	0.0	0.0	0.0	0.0
367	0.0	0.0	0.0	0.0
368	0.0	0.0	0.0	0.0
369	0.0	0.0	0.0	0.0
370	0.0	0.0	0.0	712990720.0
371	0.0	0.0	0.0	0.0
372	0.0	0.0	0.0	0.0
373	0.0	0.0	0.0	0.0
374	726511616.0	0.0	0.0	1349947392.0
375	648093696.0	615571456.0	0.0	1282691072.0
376	0.0	0.0	0.0	0.0
377	0.0	0.0	0.0	0.0
378	0.0	0.0	0.0	0.0
379	0.0	0.0	0.0	0.0
380	0.0	0.0	610766848.0	0.0
381	0.0	0.0	0.0	0.0
382	0.0	0.0	0.0	0.0
383	0.0	0.0	0.0	0.0
384	0.0	0.0	0.0	0.0
385	0.0	0.0	0.0	0.0
386	0.0	0.0	0.0	0.0
387	0.0	0.0	0.0	0.0
388	0.0	0.0	0.0	0.0
389	0.0	0.0	0.0	0.0
390	0.0	0.0	0.0	0.0
391	0.0	0.0	0.0	0.0
392	0.0	0.0	0.0	0.0
393	0.0	0.0	0.0	0.0
394	0.0	0.0	0.0	0.0
395	671059968.0	0.0	0.0	0.0
396	0.0	0.0	0.0	0.0
397	0.0	0.0	0.0	0.0
398	0.0	0.0	0.0	0.0
399	0.0	0.0	598896640.0	0.0
400	0.0	0.0	0.0	0.0
401	0.0	0.0	587079680.0	0.0
402	0.0	0.0	0.0	0.0
403	0.0	0.0	602173440.0	0.0
404	0.0	0.0	0.0	0.0
405	0.0	0.0	0.0	0.0
406	0.0	0.0	0.0	0.0
407	0.0	0.0	0.0	0.0
408	0.0	0.0	0.0	0.0
409	0.0	0.0	0.0	0.0
410	0.0	0.0	0.0	0.0
411	0.0	0.0	0.0	0.0
412	0.0	0.0	0.0	0.0
413	0.0	0.0	0.0	0.0
414	0.0	0.0	0.0	0.0
415	0.0	0.0	584441856.0	0.0
416	0.0	0.0	0.0	0.0
417	0.0	0.0	0.0	0.0
418	0.0	0.0	300371968.0	331223040.0
419	0.0	0.0	0.0	0.0
420	0.0	0.0	0.0	0.0
421	0.0	0.0	0.0	0.0
422	0.0	0.0	590065664.0	0.0
423	0.0	0.0	0.0	0.0
424	0.0	311853056.0	294166528.0	0.0
425	0.0	0.0	0.0	0.0
426	0.0	0.0	0.0	0.0
427	0.0	0.0	0.0	0.0
428	0.0	0.0	0.0	0.0
429	0.0	0.0	0.0	0.0
430	0.0	0.0	0.0	0.0
431	0.0	0.0	0.0	0.0
432	0.0	0.0	0.0	0.0
433	0.0	0.0	0.0	0.0
434	0.0	0.0	0.0	0.0
435	0.0	0.0	0.0	0.0
436	0.0	0.0	0.0	0.0
437	0.0	0.0	0.0	0.0
438	0.0	0.0	0.0	0.0
439	0.0	0.0	0.0	0.0
440	0.0	0.0	0.0	0.0
441	0.0	0.0	0.0	0.0
442	0.0	0.0	0.0	0.0
443	0.0	0.0	0.0	0.0
444	0.0	0.0	0.0	0.0
445	0.0	0.0	0.0	0.0
446	0.0	0.0	0.0	0.0
447	0.0	0.0	0.0	0.0
448	0.0	0.0	0.0	0.0
449	0.0	0.0	0.0	0.0
450	0.0	0.0	0.0	0.0
451	0.0	0.0	0.0	0.0
452	0.0	0.0	0.0	0.0
453	0.0	0.0	0.0	0.0
454	0.0	0.0	0.0	0.0
455	0.0	0.0	0.0	0.0
456	0.0	0.0	0.0	0.0
457	0.0	0.0	0.0	0.0
458	0.0	0.0	0.0	0.0
