1	1465962496	9223372036854771712	0	2854699008	9223372036854771712	0	1764593664	9223372036854771712	0	3523330048	9223372036854771712	0	3030638592
2	1465962496	9223372036854771712	0	2854699008	9223372036854771712	0	1764593664	9223372036854771712	0	3523330048	9223372036854771712	0	3030609920
3	1466109952	9223372036854771712	0	2854699008	9223372036854771712	0	1949102080	9223372036854771712	0	3523461120	9223372036854771712	0	2840129536
4	1491697664	9223372036854771712	0	2854977536	9223372036854771712	0	2127798272	9223372036854771712	0	3688562688	9223372036854771712	0	2472374272
5	1510465536	9223372036854771712	0	2883379200	9223372036854771712	0	2147192832	9223372036854771712	0	3801542656	9223372036854771712	0	2291138560
6	1522819072	9223372036854771712	0	2903506944	9223372036854771712	0	2147225600	9223372036854771712	0	3893850112	9223372036854771712	0	2165600256
7	1538535424	9223372036854771712	0	2920353792	9223372036854771712	0	2147389440	9223372036854771712	0	3967025152	9223372036854771712	0	2059612160
8	1540710400	9223372036854771712	0	2935545856	9223372036854771712	0	2147307520	9223372036854771712	0	4020625408	9223372036854771712	0	1987612672
9	1541128192	9223372036854771712	0	2935738368	9223372036854771712	0	2147475456	9223372036854771712	0	4070100992	9223372036854771712	0	1936183296
10	1541365760	9223372036854771712	0	2936217600	9223372036854771712	0	2147454976	9223372036854771712	0	4112527360	9223372036854771712	0	1892499456
11	1541791744	9223372036854771712	0	2936483840	9223372036854771712	0	2147463168	9223372036854771712	0	4153921536	9223372036854771712	0	1849159680
12	1542352896	9223372036854771712	0	2936905728	9223372036854771712	0	2147463168	9223372036854771712	0	4192407552	9223372036854771712	0	1809690624
13	1542578176	9223372036854771712	0	2937331712	9223372036854771712	0	2147422208	9223372036854771712	0	4234964992	9223372036854771712	0	1757134848
14	1542955008	9223372036854771712	0	2937716736	9223372036854771712	0	2147475456	9223372036854771712	0	4278853632	9223372036854771712	0	1712222208
15	1543196672	9223372036854771712	0	2938302464	9223372036854771712	0	2147479552	9223372036854771712	0	4294959104	9223372036854771712	0	1696526336
16	1543602176	9223372036854771712	0	2938703872	9223372036854771712	0	2147479552	9223372036854771712	0	4294860800	9223372036854771712	0	1696743424
17	1543958528	9223372036854771712	0	2939117568	9223372036854771712	0	2147483648	9223372036854771712	0	4294914048	9223372036854771712	0	1695481856
18	1544437760	9223372036854771712	0	2939650048	9223372036854771712	0	2147483648	9223372036854771712	0	4294914048	9223372036854771712	0	1694662656
19	1544818688	9223372036854771712	0	2939990016	9223372036854771712	0	2147459072	9223372036854771712	0	4294844416	9223372036854771712	0	1693700096
20	1545175040	9223372036854771712	0	2940608512	9223372036854771712	0	2147328000	9223372036854771712	0	4294918144	9223372036854771712	0	1693904896
21	1545596928	9223372036854771712	0	2941186048	9223372036854771712	0	2147344384	9223372036854771712	0	4294934528	9223372036854771712	0	1693081600
22	1546145792	9223372036854771712	0	2941861888	9223372036854771712	0	2147344384	9223372036854771712	0	4294950912	9223372036854771712	0	1683214336
23	1546575872	9223372036854771712	0	2942468096	9223372036854771712	0	2147360768	9223372036854771712	0	4294922240	9223372036854771712	0	1682034688
24	1547067392	9223372036854771712	0	2943152128	9223372036854771712	0	2147368960	9223372036854771712	0	4294922240	9223372036854771712	0	1681555456
25	1547538432	9223372036854771712	0	2943967232	9223372036854771712	0	2147409920	9223372036854771712	0	4294795264	9223372036854771712	0	1680715776
26	1548021760	9223372036854771712	0	2989846528	9223372036854771712	0	2147303424	9223372036854771712	0	4294967296	9223372036854771712	0	1635053568
27	1548447744	9223372036854771712	0	3039248384	9223372036854771712	0	2147401728	9223372036854771712	0	4294930432	9223372036854771712	0	1584726016
28	1549000704	9223372036854771712	0	3066810368	9223372036854771712	0	2147414016	9223372036854771712	0	4294922240	9223372036854771712	0	1555939328
29	1549504512	9223372036854771712	0	3136458752	9223372036854771712	0	2147426304	9223372036854771712	0	4294901760	9223372036854771712	0	1484845056
30	1549709312	9223372036854771712	0	3137056768	9223372036854771712	0	2147475456	9223372036854771712	0	4294885376	9223372036854771712	0	1481711616
31	1550180352	9223372036854771712	0	3137884160	9223372036854771712	0	2147471360	9223372036854771712	0	4294909952	9223372036854771712	0	1481342976
32	1550684160	9223372036854771712	0	3138674688	9223372036854771712	0	2147438592	9223372036854771712	0	4294930432	9223372036854771712	0	1479602176
33	1551187968	9223372036854771712	0	3139358720	9223372036854771712	0	2147446784	9223372036854771712	0	4294930432	9223372036854771712	0	1470644224
34	1551839232	9223372036854771712	0	3140202496	9223372036854771712	0	2147459072	9223372036854771712	0	4294930432	9223372036854771712	0	1470337024
35	1552384000	9223372036854771712	0	3141095424	9223372036854771712	0	2147463168	9223372036854771712	0	4294934528	9223372036854771712	0	1466875904
36	1552990208	9223372036854771712	0	3141984256	9223372036854771712	0	2147471360	9223372036854771712	0	4294803456	9223372036854771712	0	1465933824
37	1553596416	9223372036854771712	0	3142922240	9223372036854771712	0	2147360768	9223372036854771712	0	4294942720	9223372036854771712	0	1463721984
38	1554124800	9223372036854771712	0	3143417856	9223372036854771712	0	2147475456	9223372036854771712	0	4294860800	9223372036854771712	0	1461903360
39	1554817024	9223372036854771712	0	3144192000	9223372036854771712	0	2147430400	9223372036854771712	0	4294963200	9223372036854771712	0	1452343296
40	1555591168	9223372036854771712	0	3144986624	9223372036854771712	0	2147475456	9223372036854771712	0	4294950912	9223372036854771712	0	1452134400
41	1556606976	9223372036854771712	0	3146006528	9223372036854771712	0	1269706752	9223372036854771712	0	4294938624	9223372036854771712	0	2328117248
42	1557536768	9223372036854771712	0	3147079680	9223372036854771712	0	1269587968	9223372036854771712	0	4294807552	9223372036854771712	0	2326446080
43	1558355968	9223372036854771712	0	3147939840	9223372036854771712	0	1269587968	9223372036854771712	0	4294959104	9223372036854771712	0	2325483520
44	1559273472	9223372036854771712	0	3149008896	9223372036854771712	0	1269587968	9223372036854771712	0	4294946816	9223372036854771712	0	2324230144
45	1560174592	9223372036854771712	0	3149770752	9223372036854771712	0	1269592064	9223372036854771712	0	4294934528	9223372036854771712	0	2319630336
46	1560891392	9223372036854771712	0	3150471168	9223372036854771712	0	1269592064	9223372036854771712	0	4294938624	9223372036854771712	0	2318364672
47	1561939968	9223372036854771712	0	3151474688	9223372036854771712	0	1269592064	9223372036854771712	0	4294942720	9223372036854771712	0	2317836288
48	1562980352	9223372036854771712	0	3152506880	9223372036854771712	0	1269592064	9223372036854771712	0	4294942720	9223372036854771712	0	2315206656
49	1563987968	9223372036854771712	0	3153395712	9223372036854771712	0	1269592064	9223372036854771712	0	4294942720	9223372036854771712	0	2311954432
50	1569136640	9223372036854771712	0	3154509824	9223372036854771712	0	1269596160	9223372036854771712	0	4294918144	9223372036854771712	0	2307563520
51	1625878528	9223372036854771712	0	3155423232	9223372036854771712	0	1269596160	9223372036854771712	0	4294942720	9223372036854771712	0	2250244096
52	1677639680	9223372036854771712	0	3156312064	9223372036854771712	0	1269596160	9223372036854771712	0	4294942720	9223372036854771712	0	2194812928
53	1723097088	9223372036854771712	0	3157499904	9223372036854771712	0	1269596160	9223372036854771712	0	4294832128	9223372036854771712	0	2148388864
54	1783771136	9223372036854771712	0	3158343680	9223372036854771712	0	1269596160	9223372036854771712	0	4294893568	9223372036854771712	0	2084884480
55	1852833792	9223372036854771712	0	3159281664	9223372036854771712	0	1269596160	9223372036854771712	0	4294959104	9223372036854771712	0	2011967488
56	1856905216	9223372036854771712	0	3160322048	9223372036854771712	0	1269596160	9223372036854771712	0	4294942720	9223372036854771712	0	2005975040
57	1858060288	9223372036854771712	0	3161272320	9223372036854771712	0	1269596160	9223372036854771712	0	4294967296	9223372036854771712	0	2004426752
58	1859239936	9223372036854771712	0	3162570752	9223372036854771712	0	1269596160	9223372036854771712	0	4294856704	9223372036854771712	0	2001948672
59	1860218880	9223372036854771712	0	3163590656	9223372036854771712	0	1271693312	9223372036854771712	0	3305570304	9223372036854771712	0	2991276032
60	1861500928	9223372036854771712	0	3164856320	9223372036854771712	0	1271693312	9223372036854771712	0	3305656320	9223372036854771712	0	2986745856
61	1862684672	9223372036854771712	0	3165937664	9223372036854771712	0	1271693312	9223372036854771712	0	3305709568	9223372036854771712	0	2987995136
62	1864028160	9223372036854771712	0	3167236096	9223372036854771712	0	1271693312	9223372036854771712	0	3305754624	9223372036854771712	0	2986057728
63	1865199616	9223372036854771712	0	3168464896	9223372036854771712	0	1271693312	9223372036854771712	0	3305922560	9223372036854771712	0	2983170048
64	1866276864	9223372036854771712	0	3169767424	9223372036854771712	0	1271693312	9223372036854771712	0	3305975808	9223372036854771712	0	2979340288
65	1867403264	9223372036854771712	0	3170942976	9223372036854771712	0	1271697408	9223372036854771712	0	3306016768	9223372036854771712	0	2977038336
66	1868521472	9223372036854771712	0	3172106240	9223372036854771712	0	1271697408	9223372036854771712	0	3306020864	9223372036854771712	0	2973954048
67	1869950976	9223372036854771712	0	3173269504	9223372036854771712	0	1271697408	9223372036854771712	0	3306024960	9223372036854771712	0	2970595328
68	1871171584	9223372036854771712	0	3174297600	9223372036854771712	0	1271701504	9223372036854771712	0	3306156032	9223372036854771712	0	2969800704
69	1872338944	9223372036854771712	0	3175362560	9223372036854771712	0	1271701504	9223372036854771712	0	3306110976	9223372036854771712	0	2966466560
70	1873637376	9223372036854771712	0	3176603648	9223372036854771712	0	1271701504	9223372036854771712	0	3306151936	9223372036854771712	0	2964492288
71	1874718720	9223372036854771712	0	3177844736	9223372036854771712	0	1271701504	9223372036854771712	0	3306201088	9223372036854771712	0	2960330752
72	1875886080	9223372036854771712	0	3179028480	9223372036854771712	0	1271701504	9223372036854771712	0	3306246144	9223372036854771712	0	2959187968
73	1876815872	9223372036854771712	0	3180154880	9223372036854771712	0	1271701504	9223372036854771712	0	3306401792	9223372036854771712	0	2956173312
74	1877872640	9223372036854771712	0	3181195264	9223372036854771712	0	1271701504	9223372036854771712	0	3306426368	9223372036854771712	0	2954633216
75	1878958080	9223372036854771712	0	3182309376	9223372036854771712	0	1271701504	9223372036854771712	0	3308503040	9223372036854771712	0	2948837376
76	1880035328	9223372036854771712	0	3194109952	9223372036854771712	0	1271701504	9223372036854771712	0	3308539904	9223372036854771712	0	2936979456
77	1881214976	9223372036854771712	0	3208044544	9223372036854771712	0	1271701504	9223372036854771712	0	3308539904	9223372036854771712	0	2921041920
78	1882456064	9223372036854771712	0	3214024704	9223372036854771712	0	1271701504	9223372036854771712	0	3308539904	9223372036854771712	0	2914676736
79	1883586560	9223372036854771712	0	3230273536	9223372036854771712	0	1271701504	9223372036854771712	0	3308539904	9223372036854771712	0	2893258752
80	1889734656	9223372036854771712	0	3237851136	9223372036854771712	0	1271701504	9223372036854771712	0	3308539904	9223372036854771712	0	2882326528
81	1891024896	9223372036854771712	0	3250569216	9223372036854771712	0	1271701504	9223372036854771712	0	3308679168	9223372036854771712	0	2867154944
82	1894109184	9223372036854771712	0	3266273280	9223372036854771712	0	1271701504	9223372036854771712	0	3308593152	9223372036854771712	0	2847227904
83	1895264256	9223372036854771712	0	3284017152	9223372036854771712	0	1271705600	9223372036854771712	0	3308634112	9223372036854771712	0	2828636160
84	1896525824	9223372036854771712	0	3296788480	9223372036854771712	0	1271705600	9223372036854771712	0	3308797952	9223372036854771712	0	2813816832
85	1897611264	9223372036854771712	0	3312201728	9223372036854771712	0	1271705600	9223372036854771712	0	3308707840	9223372036854771712	0	2797416448
86	1898909696	9223372036854771712	0	3325952000	9223372036854771712	0	1271705600	9223372036854771712	0	3308740608	9223372036854771712	0	2781966336
87	1899913216	9223372036854771712	0	3330232320	9223372036854771712	0	1271705600	9223372036854771712	0	3308765184	9223372036854771712	0	2775261184
88	1901268992	9223372036854771712	0	3342532608	9223372036854771712	0	1271705600	9223372036854771712	0	3308765184	9223372036854771712	0	2761744384
89	1902428160	9223372036854771712	0	3358244864	9223372036854771712	0	1271705600	9223372036854771712	0	3308765184	9223372036854771712	0	2744377344
90	1903611904	9223372036854771712	0	3374891008	9223372036854771712	0	1271705600	9223372036854771712	0	3308765184	9223372036854771712	0	2725306368
91	1904254976	9223372036854771712	0	3388518400	9223372036854771712	0	1271705600	9223372036854771712	0	3308765184	9223372036854771712	0	2708459520
92	1905213440	9223372036854771712	0	3397201920	9223372036854771712	0	1271705600	9223372036854771712	0	3308765184	9223372036854771712	0	2700906496
93	1906364416	9223372036854771712	0	3409010688	9223372036854771712	0	1271705600	9223372036854771712	0	3308765184	9223372036854771712	0	2688454656
94	1907269632	9223372036854771712	0	3421282304	9223372036854771712	0	1271705600	9223372036854771712	0	3308765184	9223372036854771712	0	2673725440
95	1908654080	9223372036854771712	0	3441504256	9223372036854771712	0	1271705600	9223372036854771712	0	3308765184	9223372036854771712	0	2652831744
96	1909940224	9223372036854771712	0	3473084416	9223372036854771712	0	1271705600	9223372036854771712	0	3308765184	9223372036854771712	0	2618048512
97	1911107584	9223372036854771712	0	3548499968	9223372036854771712	0	1271705600	9223372036854771712	0	3308765184	9223372036854771712	0	2540310528
98	1912406016	9223372036854771712	0	3612356608	9223372036854771712	0	1271709696	9223372036854771712	0	3308765184	9223372036854771712	0	2472177664
99	1914490880	9223372036854771712	0	3657039872	9223372036854771712	0	1271709696	9223372036854771712	0	3308765184	9223372036854771712	0	2424877056
100	1916837888	9223372036854771712	0	3715371008	9223372036854771712	0	1271709696	9223372036854771712	0	3308765184	9223372036854771712	0	2361786368
101	1918590976	9223372036854771712	0	3735252992	9223372036854771712	0	1277083648	9223372036854771712	0	3308765184	9223372036854771712	0	2328645632
102	1920598016	9223372036854771712	0	3736367104	9223372036854771712	0	1328857088	9223372036854771712	0	3308765184	9223372036854771712	0	2274557952
103	1922031616	9223372036854771712	0	3737366528	9223372036854771712	0	1366867968	9223372036854771712	0	3308765184	9223372036854771712	0	2233331712
104	1923854336	9223372036854771712	0	3738361856	9223372036854771712	0	1409204224	9223372036854771712	0	3308765184	9223372036854771712	0	2185457664
105	1925713920	9223372036854771712	0	3739389952	9223372036854771712	0	1453244416	9223372036854771712	0	3308765184	9223372036854771712	0	2140962816
106	1927208960	9223372036854771712	0	3740356608	9223372036854771712	0	1492566016	9223372036854771712	0	3308765184	9223372036854771712	0	2097553408
107	1929273344	9223372036854771712	0	3741581312	9223372036854771712	0	1535557632	9223372036854771712	0	3308765184	9223372036854771712	0	2051694592
108	1930985472	9223372036854771712	0	3742486528	9223372036854771712	0	1574354944	9223372036854771712	0	3308765184	9223372036854771712	0	2008870912
109	1932931072	9223372036854771712	0	3743752192	9223372036854771712	0	1614594048	9223372036854771712	0	3308765184	9223372036854771712	0	1964748800
110	1935015936	9223372036854771712	0	3744940032	9223372036854771712	0	1656143872	9223372036854771712	0	3308765184	9223372036854771712	0	1918955520
111	1937100800	9223372036854771712	0	3746148352	9223372036854771712	0	1694679040	9223372036854771712	0	3308765184	9223372036854771712	0	1876275200
112	1938796544	9223372036854771712	0	3747225600	9223372036854771712	0	1728626688	9223372036854771712	0	3308765184	9223372036854771712	0	1839005696
113	1940602880	9223372036854771712	0	3748462592	9223372036854771712	0	1765588992	9223372036854771712	0	3308765184	9223372036854771712	0	1799020544
114	1942609920	9223372036854771712	0	3749666816	9223372036854771712	0	1801895936	9223372036854771712	0	3308765184	9223372036854771712	0	1757356032
115	1944428544	9223372036854771712	0	3750850560	9223372036854771712	0	1838202880	9223372036854771712	0	3308765184	9223372036854771712	0	1718366208
116	1946120192	9223372036854771712	0	3752013824	9223372036854771712	0	1874378752	9223372036854771712	0	3308765184	9223372036854771712	0	1678802944
117	1948250112	9223372036854771712	0	3753263104	9223372036854771712	0	1909374976	9223372036854771712	0	3308765184	9223372036854771712	0	1639235584
118	1950334976	9223372036854771712	0	3754360832	9223372036854771712	0	1942274048	9223372036854771712	0	3308765184	9223372036854771712	0	1602244608
119	1951371264	9223372036854771712	0	3755458560	9223372036854771712	0	1975042048	9223372036854771712	0	3308896256	9223372036854771712	0	1566040064
120	1952145408	9223372036854771712	0	3756613632	9223372036854771712	0	2006368256	9223372036854771712	0	3354066944	9223372036854771712	0	1484996608
121	1968648192	9223372036854771712	0	3757502464	9223372036854771712	0	2036645888	9223372036854771712	0	3399696384	9223372036854771712	0	1390854144
122	1969815552	9223372036854771712	0	3758698496	9223372036854771712	0	2066137088	9223372036854771712	0	3447042048	9223372036854771712	0	1309323264
123	1996259328	9223372036854771712	0	3759460352	9223372036854771712	0	2093924352	9223372036854771712	0	3489243136	9223372036854771712	0	1208356864
124	2046164992	9223372036854771712	0	3760455680	9223372036854771712	0	2119221248	9223372036854771712	0	3529875456	9223372036854771712	0	1091235840
125	2113204224	9223372036854771712	0	3761090560	9223372036854771712	0	2145042432	9223372036854771712	0	3561742336	9223372036854771712	0	962658304
126	2147401728	9223372036854771712	0	3761754112	9223372036854771712	0	2147483648	9223372036854771712	0	3598733312	9223372036854771712	0	886927360
127	2147409920	9223372036854771712	0	3762184192	9223372036854771712	0	2147336192	9223372036854771712	0	3621830656	9223372036854771712	0	862703616
128	2147463168	9223372036854771712	0	3762880512	9223372036854771712	0	2147340288	9223372036854771712	0	3657117696	9223372036854771712	0	827183104
129	2147434496	9223372036854771712	0	3763798016	9223372036854771712	0	2147340288	9223372036854771712	0	3705319424	9223372036854771712	0	777203712
130	2147434496	9223372036854771712	0	3764756480	9223372036854771712	0	2147475456	9223372036854771712	0	3758116864	9223372036854771712	0	722513920
131	2147303424	9223372036854771712	0	3765743616	9223372036854771712	0	2147479552	9223372036854771712	0	3802304512	9223372036854771712	0	676503552
132	2147471360	9223372036854771712	0	3766865920	9223372036854771712	0	2147414016	9223372036854771712	0	3845476352	9223372036854771712	0	631861248
133	2147303424	9223372036854771712	0	3767201792	9223372036854771712	0	2147479552	9223372036854771712	0	3878563840	9223372036854771712	0	597319680
134	2147471360	9223372036854771712	0	3768393728	9223372036854771712	0	2147352576	9223372036854771712	0	3899899904	9223372036854771712	0	573902848
135	2147434496	9223372036854771712	0	3769245696	9223372036854771712	0	2147418112	9223372036854771712	0	3937406976	9223372036854771712	0	535699456
136	2147434496	9223372036854771712	0	3769970688	9223372036854771712	0	2147352576	9223372036854771712	0	3977687040	9223372036854771712	0	494641152
137	2147434496	9223372036854771712	0	3770875904	9223372036854771712	0	2147422208	9223372036854771712	0	4023681024	9223372036854771712	0	447164416
138	2043080704	9223372036854771712	0	3771797504	9223372036854771712	0	2147348480	9223372036854771712	0	4062982144	9223372036854771712	0	504053760
139	2043879424	9223372036854771712	0	3772612608	9223372036854771712	0	1593200640	9223372036854771712	0	4107177984	9223372036854771712	0	1015140352
140	2045026304	9223372036854771712	0	3773607936	9223372036854771712	0	1593200640	9223372036854771712	0	4156014592	9223372036854771712	0	964591616
141	2045849600	9223372036854771712	0	3774627840	9223372036854771712	0	1593200640	9223372036854771712	0	4203888640	9223372036854771712	0	912764928
142	2046750720	9223372036854771712	0	3775647744	9223372036854771712	0	1595297792	9223372036854771712	0	4250275840	9223372036854771712	0	860430336
143	2047799296	9223372036854771712	0	3776774144	9223372036854771712	0	1595297792	9223372036854771712	0	4290940928	9223372036854771712	0	816939008
144	2048704512	9223372036854771712	0	3777785856	9223372036854771712	0	1595297792	9223372036854771712	0	4294893568	9223372036854771712	0	810160128
145	2049581056	9223372036854771712	0	3778801664	9223372036854771712	0	1595297792	9223372036854771712	0	4294905856	9223372036854771712	0	807731200
146	2050519040	9223372036854771712	0	3779690496	9223372036854771712	0	1595297792	9223372036854771712	0	4294934528	9223372036854771712	0	807899136
147	2051411968	9223372036854771712	0	3780456448	9223372036854771712	0	1595297792	9223372036854771712	0	4294922240	9223372036854771712	0	805019648
148	2052280320	9223372036854771712	0	3781300224	9223372036854771712	0	1595297792	9223372036854771712	0	4294836224	9223372036854771712	0	803266560
149	2053066752	9223372036854771712	0	3781971968	9223372036854771712	0	1595297792	9223372036854771712	0	4294914048	9223372036854771712	0	800305152
150	2053816320	9223372036854771712	0	3782950912	9223372036854771712	0	1595297792	9223372036854771712	0	4294914048	9223372036854771712	0	799424512
151	2054660096	9223372036854771712	0	3783786496	9223372036854771712	0	1595297792	9223372036854771712	0	4294963200	9223372036854771712	0	795574272
152	2055311360	9223372036854771712	0	3784388608	9223372036854771712	0	1595297792	9223372036854771712	0	4294959104	9223372036854771712	0	792543232
153	2056396800	9223372036854771712	0	3785539584	9223372036854771712	0	1595297792	9223372036854771712	0	4294918144	9223372036854771712	0	792297472
154	2057199616	9223372036854771712	0	3786080256	9223372036854771712	0	1595297792	9223372036854771712	0	4294836224	9223372036854771712	0	789708800
155	2058207232	9223372036854771712	0	3787055104	9223372036854771712	0	1595297792	9223372036854771712	0	4294926336	9223372036854771712	0	788275200
156	2058784768	9223372036854771712	0	3787759616	9223372036854771712	0	1595297792	9223372036854771712	0	4294922240	9223372036854771712	0	787374080
157	2059456512	9223372036854771712	0	3788709888	9223372036854771712	0	1595297792	9223372036854771712	0	4294922240	9223372036854771712	0	784326656
158	2064760832	9223372036854771712	0	3789664256	9223372036854771712	0	1595297792	9223372036854771712	0	4294926336	9223372036854771712	0	778715136
159	2066059264	9223372036854771712	0	3790528512	9223372036854771712	0	1595297792	9223372036854771712	0	4294926336	9223372036854771712	0	776450048
160	2068758528	9223372036854771712	0	3791421440	9223372036854771712	0	1595297792	9223372036854771712	0	4294836224	9223372036854771712	0	772169728
161	2069590016	9223372036854771712	0	3792490496	9223372036854771712	0	1595297792	9223372036854771712	0	4294930432	9223372036854771712	0	763015168
162	2070462464	9223372036854771712	0	3793313792	9223372036854771712	0	1595297792	9223372036854771712	0	4294930432	9223372036854771712	0	760590336
163	2071355392	9223372036854771712	0	3794157568	9223372036854771712	0	1595297792	9223372036854771712	0	4294930432	9223372036854771712	0	759533568
164	2072305664	9223372036854771712	0	3795046400	9223372036854771712	0	1595297792	9223372036854771712	0	4294930432	9223372036854771712	0	757395456
165	2073284608	9223372036854771712	0	3795996672	9223372036854771712	0	1595297792	9223372036854771712	0	4294926336	9223372036854771712	0	757338112
166	2073927680	9223372036854771712	0	3796287488	9223372036854771712	0	1595297792	9223372036854771712	0	4294955008	9223372036854771712	0	754503680
167	2074963968	9223372036854771712	0	3797360640	9223372036854771712	0	1595297792	9223372036854771712	0	4294930432	9223372036854771712	0	753606656
168	2075762688	9223372036854771712	0	3798102016	9223372036854771712	0	1595297792	9223372036854771712	0	4294930432	9223372036854771712	0	752181248
169	2076798976	9223372036854771712	0	3798745088	9223372036854771712	0	1595297792	9223372036854771712	0	4294942720	9223372036854771712	0	750514176
170	2077544448	9223372036854771712	0	3799490560	9223372036854771712	0	1595297792	9223372036854771712	0	4294938624	9223372036854771712	0	748945408
171	2078457856	9223372036854771712	0	3800641536	9223372036854771712	0	1595297792	9223372036854771712	0	4294967296	9223372036854771712	0	747282432
172	2079657984	9223372036854771712	0	3801538560	9223372036854771712	0	1595297792	9223372036854771712	0	4294934528	9223372036854771712	0	745029632
173	2080673792	9223372036854771712	0	3802619904	9223372036854771712	0	1595297792	9223372036854771712	0	4294934528	9223372036854771712	0	743718912
174	2081644544	9223372036854771712	0	3803754496	9223372036854771712	0	1595297792	9223372036854771712	0	4146667520	9223372036854771712	0	890286080
175	2082623488	9223372036854771712	0	3804659712	9223372036854771712	0	1595297792	9223372036854771712	0	3410153472	9223372036854771712	0	1632251904
176	2083840000	9223372036854771712	0	3805827072	9223372036854771712	0	1595297792	9223372036854771712	0	3410153472	9223372036854771712	0	1628434432
177	2085138432	9223372036854771712	0	3858395136	9223372036854771712	0	1595297792	9223372036854771712	0	3410153472	9223372036854771712	0	1573617664
178	2085388288	9223372036854771712	0	3867295744	9223372036854771712	0	1595297792	9223372036854771712	0	3410153472	9223372036854771712	0	1564323840
179	2086293504	9223372036854771712	0	3868184576	9223372036854771712	0	1595297792	9223372036854771712	0	3410153472	9223372036854771712	0	1561366528
180	2087460864	9223372036854771712	0	3869196288	9223372036854771712	0	1595297792	9223372036854771712	0	3410153472	9223372036854771712	0	1559605248
181	2088497152	9223372036854771712	0	3870363648	9223372036854771712	0	1595297792	9223372036854771712	0	3410153472	9223372036854771712	0	1557721088
182	2089402368	9223372036854771712	0	3871473664	9223372036854771712	0	1595297792	9223372036854771712	0	3410169856	9223372036854771712	0	1556529152
183	2090463232	9223372036854771712	0	3872485376	9223372036854771712	0	1595297792	9223372036854771712	0	3410362368	9223372036854771712	0	1553264640
184	2091360256	9223372036854771712	0	3873472512	9223372036854771712	0	1595301888	9223372036854771712	0	3410403328	9223372036854771712	0	1551192064
185	2092400640	9223372036854771712	0	3769802752	9223372036854771712	0	1595301888	9223372036854771712	0	3410436096	9223372036854771712	0	1657155584
186	2093518848	9223372036854771712	0	3770658816	9223372036854771712	0	1595301888	9223372036854771712	0	3410456576	9223372036854771712	0	1654493184
187	2094620672	9223372036854771712	0	3771867136	9223372036854771712	0	1595301888	9223372036854771712	0	3410485248	9223372036854771712	0	1652273152
188	2095898624	9223372036854771712	0	3773001728	9223372036854771712	0	1595301888	9223372036854771712	0	3410518016	9223372036854771712	0	1647992832
189	2097811456	9223372036854771712	0	3773906944	9223372036854771712	0	1595301888	9223372036854771712	0	3410403328	9223372036854771712	0	1644900352
190	2099523584	9223372036854771712	0	3774963712	9223372036854771712	0	1595301888	9223372036854771712	0	3410407424	9223372036854771712	0	1642483712
191	2101215232	9223372036854771712	0	3775926272	9223372036854771712	0	1595301888	9223372036854771712	0	3410411520	9223372036854771712	0	1640423424
192	2103046144	9223372036854771712	0	3777007616	9223372036854771712	0	1595301888	9223372036854771712	0	3410542592	9223372036854771712	0	1637371904
193	2104582144	9223372036854771712	0	3778019328	9223372036854771712	0	1595301888	9223372036854771712	0	3410583552	9223372036854771712	0	1634676736
194	2106290176	9223372036854771712	0	3779002368	9223372036854771712	0	1595301888	9223372036854771712	0	3410604032	9223372036854771712	0	1632448512
195	2107805696	9223372036854771712	0	3779895296	9223372036854771712	0	1595301888	9223372036854771712	0	3410640896	9223372036854771712	0	1630400512
196	2109759488	9223372036854771712	0	3780960256	9223372036854771712	0	1595301888	9223372036854771712	0	3410681856	9223372036854771712	0	1627156480
197	2111397888	9223372036854771712	0	3782033408	9223372036854771712	0	1595301888	9223372036854771712	0	3410706432	9223372036854771712	0	1623482368
198	2112565248	9223372036854771712	0	3782946816	9223372036854771712	0	1595301888	9223372036854771712	0	3410755584	9223372036854771712	0	1622208512
199	2119499776	9223372036854771712	0	3783786496	9223372036854771712	0	1595301888	9223372036854771712	0	3410825216	9223372036854771712	0	1613082624
200	2120142848	9223372036854771712	0	3784613888	9223372036854771712	0	1605640192	9223372036854771712	0	3410726912	9223372036854771712	0	1599143936
201	2123538432	9223372036854771712	0	3785478144	9223372036854771712	0	1645830144	9223372036854771712	0	3410874368	9223372036854771712	0	1555197952
202	2125365248	9223372036854771712	0	3786567680	9223372036854771712	0	1687642112	9223372036854771712	0	3410898944	9223372036854771712	0	1509761024
203	2129461248	9223372036854771712	0	3787759616	9223372036854771712	0	1731420160	9223372036854771712	0	3410927616	9223372036854771712	0	1460207616
204	2131939328	9223372036854771712	0	3788840960	9223372036854771712	0	1771528192	9223372036854771712	0	3410960384	9223372036854771712	0	1416990720
205	2133237760	9223372036854771712	0	3789934592	9223372036854771712	0	1813471232	9223372036854771712	0	3410989056	9223372036854771712	0	1373323264
206	2134536192	9223372036854771712	0	3791015936	9223372036854771712	0	1855807488	9223372036854771712	0	3411038208	9223372036854771712	0	1327517696
207	2135572480	9223372036854771712	0	3792093184	9223372036854771712	0	1893687296	9223372036854771712	0	3411070976	9223372036854771712	0	1287979008
208	2136854528	9223372036854771712	0	3793203200	9223372036854771712	0	1929863168	9223372036854771712	0	3411070976	9223372036854771712	0	1248948224
209	2137067520	9223372036854771712	0	3793453056	9223372036854771712	0	1948545024	9223372036854771712	0	3411144704	9223372036854771712	0	1230319616
210	2138406912	9223372036854771712	0	3794583552	9223372036854771712	0	1984327680	9223372036854771712	0	3411169280	9223372036854771712	0	1190780928
211	2139422720	9223372036854771712	0	3795472384	9223372036854771712	0	2022559744	9223372036854771712	0	3411206144	9223372036854771712	0	1150320640
212	2140459008	9223372036854771712	0	3796377600	9223372036854771712	0	2060963840	9223372036854771712	0	3411238912	9223372036854771712	0	1109045248
213	2141552640	9223372036854771712	0	3797508096	9223372036854771712	0	2098057216	9223372036854771712	0	3411267584	9223372036854771712	0	1069375488
214	2142679040	9223372036854771712	0	3798429696	9223372036854771712	0	2133577728	9223372036854771712	0	3411316736	9223372036854771712	0	1030840320
215	2144096256	9223372036854771712	0	3799683072	9223372036854771712	0	2147483648	9223372036854771712	0	3411333120	9223372036854771712	0	1014734848
216	2145267712	9223372036854771712	0	3800788992	9223372036854771712	0	2147475456	9223372036854771712	0	3411431424	9223372036854771712	0	1011142656
217	2146435072	9223372036854771712	0	3801866240	9223372036854771712	0	2147479552	9223372036854771712	0	3411451904	9223372036854771712	0	1008943104
218	2147434496	9223372036854771712	0	3803148288	9223372036854771712	0	2147483648	9223372036854771712	0	3411488768	9223372036854771712	0	1005715456
219	2147450880	9223372036854771712	0	3804078080	9223372036854771712	0	2147446784	9223372036854771712	0	3411517440	9223372036854771712	0	1005076480
220	2147434496	9223372036854771712	0	3805122560	9223372036854771712	0	2147438592	9223372036854771712	0	3411546112	9223372036854771712	0	1004634112
221	2147446784	9223372036854771712	0	3806154752	9223372036854771712	0	2147135488	9223372036854771712	0	3411591168	9223372036854771712	0	1003577344
222	2147434496	9223372036854771712	0	3807346688	9223372036854771712	0	2147446784	9223372036854771712	0	3411492864	9223372036854771712	0	1002029056
223	2147434496	9223372036854771712	0	3808489472	9223372036854771712	0	2147323904	9223372036854771712	0	3411542016	9223372036854771712	0	1000865792
224	2147434496	9223372036854771712	0	3809599488	9223372036854771712	0	2147389440	9223372036854771712	0	3411570688	9223372036854771712	0	999628800
225	2147434496	9223372036854771712	0	3810590720	9223372036854771712	0	2147180544	9223372036854771712	0	3411722240	9223372036854771712	0	1002438656
226	2147434496	9223372036854771712	0	3811815424	9223372036854771712	0	2147336192	9223372036854771712	0	3411636224	9223372036854771712	0	997933056
227	2147434496	9223372036854771712	0	3812888576	9223372036854771712	0	2147467264	9223372036854771712	0	3411664896	9223372036854771712	0	996368384
228	2147303424	9223372036854771712	0	3813945344	9223372036854771712	0	2147344384	9223372036854771712	0	3411701760	9223372036854771712	0	996032512
229	2147471360	9223372036854771712	0	3814973440	9223372036854771712	0	2147479552	9223372036854771712	0	3411894272	9223372036854771712	0	994070528
230	2147434496	9223372036854771712	0	3815698432	9223372036854771712	0	2147479552	9223372036854771712	0	3411820544	9223372036854771712	0	993525760
231	2147356672	9223372036854771712	0	3816599552	9223372036854771712	0	2147483648	9223372036854771712	0	3411976192	9223372036854771712	0	992284672
232	2147434496	9223372036854771712	0	3817488384	9223372036854771712	0	2147356672	9223372036854771712	0	3412135936	9223372036854771712	0	991522816
233	2147434496	9223372036854771712	0	3818299392	9223372036854771712	0	2147356672	9223372036854771712	0	3411906560	9223372036854771712	0	990388224
234	2147434496	9223372036854771712	0	3819397120	9223372036854771712	0	2147422208	9223372036854771712	0	3411939328	9223372036854771712	0	982519808
235	2147434496	9223372036854771712	0	3822501888	9223372036854771712	0	2147442688	9223372036854771712	0	3423641600	9223372036854771712	0	965804032
236	2147434496	9223372036854771712	0	3821056000	9223372036854771712	0	2147405824	9223372036854771712	0	3455164416	9223372036854771712	0	932777984
237	2147434496	9223372036854771712	0	3821461504	9223372036854771712	0	2147368960	9223372036854771712	0	3481190400	9223372036854771712	0	905830400
238	2147434496	9223372036854771712	0	3822379008	9223372036854771712	0	2147454976	9223372036854771712	0	3523039232	9223372036854771712	0	863510528
239	2147348480	9223372036854771712	0	3823435776	9223372036854771712	0	2147373056	9223372036854771712	0	3564527616	9223372036854771712	0	820846592
240	2147475456	9223372036854771712	0	3824427008	9223372036854771712	0	2147373056	9223372036854771712	0	3612950528	9223372036854771712	0	771731456
241	2147434496	9223372036854771712	0	3825340416	9223372036854771712	0	2147405824	9223372036854771712	0	3657322496	9223372036854771712	0	726568960
242	2147434496	9223372036854771712	0	3826352128	9223372036854771712	0	1555980288	9223372036854771712	0	3709583360	9223372036854771712	0	1265639424
243	2147434496	9223372036854771712	0	3827384320	9223372036854771712	0	1558065152	9223372036854771712	0	3758882816	9223372036854771712	0	1213329408
244	2147434496	9223372036854771712	0	3828494336	9223372036854771712	0	1558065152	9223372036854771712	0	3811225600	9223372036854771712	0	1158815744
245	2147434496	9223372036854771712	0	3829665792	9223372036854771712	0	1558065152	9223372036854771712	0	3862564864	9223372036854771712	0	1105850368
246	2147434496	9223372036854771712	0	3830640640	9223372036854771712	0	1558065152	9223372036854771712	0	3905040384	9223372036854771712	0	1061830656
247	2147475456	9223372036854771712	0	3831672832	9223372036854771712	0	1558065152	9223372036854771712	0	3958407168	9223372036854771712	0	1005641728
248	2147434496	9223372036854771712	0	3832987648	9223372036854771712	0	1558065152	9223372036854771712	0	4010614784	9223372036854771712	0	951635968
249	2147454976	9223372036854771712	0	3834146816	9223372036854771712	0	1558065152	9223372036854771712	0	4060991488	9223372036854771712	0	899076096
250	2147344384	9223372036854771712	0	3834396672	9223372036854771712	0	1558065152	9223372036854771712	0	4087640064	9223372036854771712	0	871153664
251	2147446784	9223372036854771712	0	3835252736	9223372036854771712	0	1558065152	9223372036854771712	0	4123709440	9223372036854771712	0	834310144
252	2147340288	9223372036854771712	0	3836383232	9223372036854771712	0	1558065152	9223372036854771712	0	4169863168	9223372036854771712	0	786845696
253	2147454976	9223372036854771712	0	3837280256	9223372036854771712	0	1558065152	9223372036854771712	0	4213211136	9223372036854771712	0	742055936
254	2147454976	9223372036854771712	0	3733262336	9223372036854771712	0	1558065152	9223372036854771712	0	4253478912	9223372036854771712	0	804786176
255	2147430400	9223372036854771712	0	3734228992	9223372036854771712	0	1558065152	9223372036854771712	0	4292050944	9223372036854771712	0	764952576
256	2147303424	9223372036854771712	0	3734847488	9223372036854771712	0	1558065152	9223372036854771712	0	4294946816	9223372036854771712	0	761004032
257	2147438592	9223372036854771712	0	3735519232	9223372036854771712	0	1558196224	9223372036854771712	0	4294918144	9223372036854771712	0	760709120
258	2147450880	9223372036854771712	0	3736461312	9223372036854771712	0	1558196224	9223372036854771712	0	4294918144	9223372036854771712	0	759521280
259	2147434496	9223372036854771712	0	3737247744	9223372036854771712	0	1558196224	9223372036854771712	0	4294918144	9223372036854771712	0	759803904
260	2147434496	9223372036854771712	0	3738034176	9223372036854771712	0	1558196224	9223372036854771712	0	4294918144	9223372036854771712	0	759144448
261	2147303424	9223372036854771712	0	3738849280	9223372036854771712	0	1558069248	9223372036854771712	0	4294955008	9223372036854771712	0	758276096
262	2147434496	9223372036854771712	0	3739758592	9223372036854771712	0	1558069248	9223372036854771712	0	4294922240	9223372036854771712	0	756510720
263	2147434496	9223372036854771712	0	3740696576	9223372036854771712	0	1558069248	9223372036854771712	0	4294963200	9223372036854771712	0	755965952
264	2147442688	9223372036854771712	0	3741716480	9223372036854771712	0	1558069248	9223372036854771712	0	4294930432	9223372036854771712	0	754692096
265	2147434496	9223372036854771712	0	3742846976	9223372036854771712	0	1558069248	9223372036854771712	0	4294926336	9223372036854771712	0	753831936
266	2147475456	9223372036854771712	0	3743612928	9223372036854771712	0	1558069248	9223372036854771712	0	4294930432	9223372036854771712	0	756379648
267	2147434496	9223372036854771712	0	3744993280	9223372036854771712	0	1558069248	9223372036854771712	0	4294930432	9223372036854771712	0	754671616
268	2147434496	9223372036854771712	0	3746471936	9223372036854771712	0	1558069248	9223372036854771712	0	4294930432	9223372036854771712	0	744583168
269	2147438592	9223372036854771712	0	3747926016	9223372036854771712	0	1558069248	9223372036854771712	0	4294836224	9223372036854771712	0	742944768
270	2147471360	9223372036854771712	0	3749384192	9223372036854771712	0	1558069248	9223372036854771712	0	4294934528	9223372036854771712	0	741232640
271	2147434496	9223372036854771712	0	3750940672	9223372036854771712	0	1558069248	9223372036854771712	0	4294934528	9223372036854771712	0	740270080
272	2147434496	9223372036854771712	0	3752054784	9223372036854771712	0	1558073344	9223372036854771712	0	4294901760	9223372036854771712	0	738144256
273	2147434496	9223372036854771712	0	3753226240	9223372036854771712	0	1558073344	9223372036854771712	0	4294934528	9223372036854771712	0	736821248
274	2147434496	9223372036854771712	0	3754110976	9223372036854771712	0	1558073344	9223372036854771712	0	4294950912	9223372036854771712	0	735776768
275	2147430400	9223372036854771712	0	3755147264	9223372036854771712	0	1558073344	9223372036854771712	0	4294938624	9223372036854771712	0	734932992
276	2147430400	9223372036854771712	0	3756023808	9223372036854771712	0	1558073344	9223372036854771712	0	4294955008	9223372036854771712	0	733966336
277	2147446784	9223372036854771712	0	3757154304	9223372036854771712	0	1558073344	9223372036854771712	0	4294963200	9223372036854771712	0	732123136
278	2147438592	9223372036854771712	0	3758125056	9223372036854771712	0	1558073344	9223372036854771712	0	4294938624	9223372036854771712	0	731615232
279	2147467264	9223372036854771712	0	3759177728	9223372036854771712	0	1558073344	9223372036854771712	0	4294950912	9223372036854771712	0	730685440
280	2147430400	9223372036854771712	0	3759902720	9223372036854771712	0	1558073344	9223372036854771712	0	4294914048	9223372036854771712	0	729563136
281	2147323904	9223372036854771712	0	3760541696	9223372036854771712	0	1558073344	9223372036854771712	0	4294955008	9223372036854771712	0	728371200
282	2147438592	9223372036854771712	0	3761303552	9223372036854771712	0	1558073344	9223372036854771712	0	4294959104	9223372036854771712	0	729833472
283	2147467264	9223372036854771712	0	3761885184	9223372036854771712	0	1558073344	9223372036854771712	0	4294942720	9223372036854771712	0	728100864
284	2147438592	9223372036854771712	0	3762741248	9223372036854771712	0	1558073344	9223372036854771712	0	4294942720	9223372036854771712	0	727408640
285	2147438592	9223372036854771712	0	3763863552	9223372036854771712	0	1558073344	9223372036854771712	0	4294942720	9223372036854771712	0	726523904
286	2147438592	9223372036854771712	0	3764588544	9223372036854771712	0	1558073344	9223372036854771712	0	4294942720	9223372036854771712	0	725647360
287	2147438592	9223372036854771712	0	3765571584	9223372036854771712	0	1558073344	9223372036854771712	0	4294942720	9223372036854771712	0	725073920
288	2147438592	9223372036854771712	0	3766509568	9223372036854771712	0	1558073344	9223372036854771712	0	4294942720	9223372036854771712	0	723693568
289	2147438592	9223372036854771712	0	3767463936	9223372036854771712	0	1558073344	9223372036854771712	0	4294946816	9223372036854771712	0	723443712
290	2147438592	9223372036854771712	0	3768225792	9223372036854771712	0	1558073344	9223372036854771712	0	4294946816	9223372036854771712	0	721633280
291	2147438592	9223372036854771712	0	3769143296	9223372036854771712	0	1558073344	9223372036854771712	0	4294946816	9223372036854771712	0	719683584
292	2043080704	9223372036854771712	0	3770241024	9223372036854771712	0	1558073344	9223372036854771712	0	3442937856	9223372036854771712	0	1681186816
293	2044334080	9223372036854771712	0	3771527168	9223372036854771712	0	1558073344	9223372036854771712	0	3443019776	9223372036854771712	0	1678868480
294	2045476864	9223372036854771712	0	3772620800	9223372036854771712	0	1558073344	9223372036854771712	0	3443056640	9223372036854771712	0	1677103104
295	2046820352	9223372036854771712	0	3773792256	9223372036854771712	0	1558073344	9223372036854771712	0	3443085312	9223372036854771712	0	1673809920
296	2047983616	9223372036854771712	0	3774824448	9223372036854771712	0	1558073344	9223372036854771712	0	3443003392	9223372036854771712	0	1675714560
297	2049150976	9223372036854771712	0	3776049152	9223372036854771712	0	1558073344	9223372036854771712	0	3443146752	9223372036854771712	0	1671155712
298	2050449408	9223372036854771712	0	3777269760	9223372036854771712	0	1558073344	9223372036854771712	0	3443208192	9223372036854771712	0	1667710976
299	2051817472	9223372036854771712	0	3778613248	9223372036854771712	0	1558073344	9223372036854771712	0	3443277824	9223372036854771712	0	1664569344
300	2053029888	9223372036854771712	0	3779792896	9223372036854771712	0	1558073344	9223372036854771712	0	3443339264	9223372036854771712	0	1661935616
301	2054156288	9223372036854771712	0	3780853760	9223372036854771712	0	1558073344	9223372036854771712	0	3443376128	9223372036854771712	0	1659883520
302	2055454720	9223372036854771712	0	3782111232	9223372036854771712	0	1583370240	9223372036854771712	0	3443417088	9223372036854771712	0	1630740480
303	2056650752	9223372036854771712	0	3783245824	9223372036854771712	0	1629114368	9223372036854771712	0	3443449856	9223372036854771712	0	1580896256
304	2057818112	9223372036854771712	0	3784298496	9223372036854771712	0	1674727424	9223372036854771712	0	3443482624	9223372036854771712	0	1533890560
305	2059214848	9223372036854771712	0	3785543680	9223372036854771712	0	1721257984	9223372036854771712	0	3443515392	9223372036854771712	0	1484886016
306	2061963264	9223372036854771712	0	3787399168	9223372036854771712	0	1763463168	9223372036854771712	0	3443548160	9223372036854771712	0	1437122560
307	2072227840	9223372036854771712	0	3787927552	9223372036854771712	0	1807110144	9223372036854771712	0	3443589120	9223372036854771712	0	1385037824
308	2081275904	9223372036854771712	0	3789258752	9223372036854771712	0	1849970688	9223372036854771712	0	3443617792	9223372036854771712	0	1331220480
309	2083721216	9223372036854771712	0	3790467072	9223372036854771712	0	1892454400	9223372036854771712	0	3443671040	9223372036854771712	0	1284403200
310	2085871616	9223372036854771712	0	3791769600	9223372036854771712	0	1933479936	9223372036854771712	0	3443748864	9223372036854771712	0	1240752128
311	2087038976	9223372036854771712	0	3792924672	9223372036854771712	0	1970180096	9223372036854771712	0	3443785728	9223372036854771712	0	1200222208
312	2088255488	9223372036854771712	0	3794100224	9223372036854771712	0	2008322048	9223372036854771712	0	3443814400	9223372036854771712	0	1159258112
313	2089541632	9223372036854771712	0	3795480576	9223372036854771712	0	2046201856	9223372036854771712	0	3443855360	9223372036854771712	0	1119940608
314	2090663936	9223372036854771712	0	3796480000	9223372036854771712	0	2082770944	9223372036854771712	0	3443884032	9223372036854771712	0	1080029184
315	2091610112	9223372036854771712	0	3797114880	9223372036854771712	0	2107019264	9223372036854771712	0	3443920896	9223372036854771712	0	1052659712
316	2092199936	9223372036854771712	0	3797770240	9223372036854771712	0	2122092544	9223372036854771712	0	3443933184	9223372036854771712	0	1035857920
317	2093461504	9223372036854771712	0	3798876160	9223372036854771712	0	2145161216	9223372036854771712	0	3443957760	9223372036854771712	0	1011867648
318	2094424064	9223372036854771712	0	3800014848	9223372036854771712	0	2147479552	9223372036854771712	0	3443990528	9223372036854771712	0	1006444544
319	2095468544	9223372036854771712	0	3801051136	9223372036854771712	0	2147483648	9223372036854771712	0	3444047872	9223372036854771712	0	1004277760
320	2096480256	9223372036854771712	0	3802128384	9223372036854771712	0	2147368960	9223372036854771712	0	3444064256	9223372036854771712	0	1002192896
321	2097573888	9223372036854771712	0	3803197440	9223372036854771712	0	2147459072	9223372036854771712	0	3444088832	9223372036854771712	0	1000235008
322	2098798592	9223372036854771712	0	3804241920	9223372036854771712	0	2147319808	9223372036854771712	0	3444047872	9223372036854771712	0	998572032
323	2099253248	9223372036854771712	0	3804639232	9223372036854771712	0	2147323904	9223372036854771712	0	3444199424	9223372036854771712	0	997900288
324	2100244480	9223372036854771712	0	3805638656	9223372036854771712	0	2147323904	9223372036854771712	0	3444228096	9223372036854771712	0	987090944
325	2101182464	9223372036854771712	0	3806760960	9223372036854771712	0	2147328000	9223372036854771712	0	3444256768	9223372036854771712	0	984420352
326	2102444032	9223372036854771712	0	3807838208	9223372036854771712	0	2147467264	9223372036854771712	0	3444293632	9223372036854771712	0	982188032
327	2103611392	9223372036854771712	0	3704356864	9223372036854771712	0	2147340288	9223372036854771712	0	3444314112	9223372036854771712	0	1084571648
328	2104709120	9223372036854771712	0	3705438208	9223372036854771712	0	2147471360	9223372036854771712	0	3444346880	9223372036854771712	0	1083273216
329	2105876480	9223372036854771712	0	3706740736	9223372036854771712	0	2147348480	9223372036854771712	0	3444379648	9223372036854771712	0	1079578624
330	2107170816	9223372036854771712	0	3707965440	9223372036854771712	0	2147483648	9223372036854771712	0	3444404224	9223372036854771712	0	1077760000
331	2108538880	9223372036854771712	0	3709247488	9223372036854771712	0	2147483648	9223372036854771712	0	3444449280	9223372036854771712	0	1073479680
332	2109227008	9223372036854771712	0	3709788160	9223372036854771712	0	2147352576	9223372036854771712	0	3444469760	9223372036854771712	0	1072381952
333	2109984768	9223372036854771712	0	3710828544	9223372036854771712	0	2147414016	9223372036854771712	0	3444486144	9223372036854771712	0	1071255552
334	2111410176	9223372036854771712	0	3711885312	9223372036854771712	0	2147356672	9223372036854771712	0	3444486144	9223372036854771712	0	1068310528
335	2113413120	9223372036854771712	0	3713032192	9223372036854771712	0	2147381248	9223372036854771712	0	3444592640	9223372036854771712	0	1065168896
336	2115416064	9223372036854771712	0	3714166784	9223372036854771712	0	2147442688	9223372036854771712	0	3444633600	9223372036854771712	0	1061814272
337	2117468160	9223372036854771712	0	3715305472	9223372036854771712	0	2147373056	9223372036854771712	0	3444662272	9223372036854771712	0	1060741120
338	2119520256	9223372036854771712	0	3716521984	9223372036854771712	0	2147364864	9223372036854771712	0	3444699136	9223372036854771712	0	1055780864
339	2121486336	9223372036854771712	0	3717685248	9223372036854771712	0	2147483648	9223372036854771712	0	3444723712	9223372036854771712	0	1052803072
340	2123489280	9223372036854771712	0	3718967296	9223372036854771712	0	2147377152	9223372036854771712	0	3444637696	9223372036854771712	0	1040433152
341	2124894208	9223372036854771712	0	3719757824	9223372036854771712	0	2147479552	9223372036854771712	0	3444776960	9223372036854771712	0	1038389248
342	2126839808	9223372036854771712	0	3720957952	9223372036854771712	0	1545052160	9223372036854771712	0	3444801536	9223372036854771712	0	1639452672
343	2129031168	9223372036854771712	0	3722227712	9223372036854771712	0	1545052160	9223372036854771712	0	3444817920	9223372036854771712	0	1636265984
344	2131120128	9223372036854771712	0	3723370496	9223372036854771712	0	1545052160	9223372036854771712	0	3444862976	9223372036854771712	0	1632456704
345	2132774912	9223372036854771712	0	3724701696	9223372036854771712	0	1545052160	9223372036854771712	0	3444891648	9223372036854771712	0	1630257152
346	2134872064	9223372036854771712	0	3725762560	9223372036854771712	0	1545052160	9223372036854771712	0	3444912128	9223372036854771712	0	1625735168
347	2136956928	9223372036854771712	0	3726733312	9223372036854771712	0	1545052160	9223372036854771712	0	3445088256	9223372036854771712	0	1625923584
348	2139041792	9223372036854771712	0	3728003072	9223372036854771712	0	1545052160	9223372036854771712	0	3444989952	9223372036854771712	0	1621639168
349	2140864512	9223372036854771712	0	3729252352	9223372036854771712	0	1545052160	9223372036854771712	0	3445018624	9223372036854771712	0	1617055744
350	2142818304	9223372036854771712	0	3730235392	9223372036854771712	0	1545052160	9223372036854771712	0	3445084160	9223372036854771712	0	1612763136
351	2144641024	9223372036854771712	0	3731357696	9223372036854771712	0	1545052160	9223372036854771712	0	3445141504	9223372036854771712	0	1609973760
352	2147360768	9223372036854771712	0	3732590592	9223372036854771712	0	1545052160	9223372036854771712	0	3445211136	9223372036854771712	0	1604759552
353	2147438592	9223372036854771712	0	3733487616	9223372036854771712	0	1545052160	9223372036854771712	0	3464986624	9223372036854771712	0	1581576192
354	2147459072	9223372036854771712	0	3734581248	9223372036854771712	0	1545183232	9223372036854771712	0	3505401856	9223372036854771712	0	1539260416
355	2147414016	9223372036854771712	0	3735658496	9223372036854771712	0	1545068544	9223372036854771712	0	3548598272	9223372036854771712	0	1494851584
356	2147467264	9223372036854771712	0	3736764416	9223372036854771712	0	1545068544	9223372036854771712	0	3590762496	9223372036854771712	0	1452285952
357	2147471360	9223372036854771712	0	3737239552	9223372036854771712	0	1545199616	9223372036854771712	0	3615055872	9223372036854771712	0	1429188608
358	2147438592	9223372036854771712	0	3738066944	9223372036854771712	0	1545203712	9223372036854771712	0	3653660672	9223372036854771712	0	1388228608
359	2147438592	9223372036854771712	0	3738718208	9223372036854771712	0	1545265152	9223372036854771712	0	3692998656	9223372036854771712	0	1346953216
360	2147328000	9223372036854771712	0	3739627520	9223372036854771712	0	1545289728	9223372036854771712	0	3733540864	9223372036854771712	0	1305595904
361	2147446784	9223372036854771712	0	3740622848	9223372036854771712	0	1545318400	9223372036854771712	0	3778674688	9223372036854771712	0	1258835968
362	2147442688	9223372036854771712	0	3741286400	9223372036854771712	0	1545211904	9223372036854771712	0	3815841792	9223372036854771712	0	1220481024
363	2147459072	9223372036854771712	0	3742011392	9223372036854771712	0	1545351168	9223372036854771712	0	3856740352	9223372036854771712	0	1177702400
364	2147446784	9223372036854771712	0	3742765056	9223372036854771712	0	1545367552	9223372036854771712	0	3905794048	9223372036854771712	0	1128660992
365	2147442688	9223372036854771712	0	3743776768	9223372036854771712	0	1545392128	9223372036854771712	0	3954176000	9223372036854771712	0	1077448704
366	2147430400	9223372036854771712	0	3744514048	9223372036854771712	0	1545408512	9223372036854771712	0	4000272384	9223372036854771712	0	1029414912
367	2043621376	9223372036854771712	0	3745341440	9223372036854771712	0	1545428992	9223372036854771712	0	4046352384	9223372036854771712	0	1090211840
368	2044506112	9223372036854771712	0	3746418688	9223372036854771712	0	1545449472	9223372036854771712	0	4096757760	9223372036854771712	0	1036275712
369	2045661184	9223372036854771712	0	3747340288	9223372036854771712	0	1545347072	9223372036854771712	0	4146614272	9223372036854771712	0	982274048
370	2046697472	9223372036854771712	0	3748499456	9223372036854771712	0	1545347072	9223372036854771712	0	4195426304	9223372036854771712	0	930721792
371	2047533056	9223372036854771712	0	3749367808	9223372036854771712	0	1545347072	9223372036854771712	0	4236820480	9223372036854771712	0	884789248
372	2048651264	9223372036854771712	0	3750162432	9223372036854771712	0	1545347072	9223372036854771712	0	4280590336	9223372036854771712	0	840663040
373	2049409024	9223372036854771712	0	3751161856	9223372036854771712	0	1545347072	9223372036854771712	0	4294942720	9223372036854771712	0	823054336
374	2050539520	9223372036854771712	0	3752177664	9223372036854771712	0	1545347072	9223372036854771712	0	4294926336	9223372036854771712	0	820670464
375	2051444736	9223372036854771712	0	3753123840	9223372036854771712	0	1545347072	9223372036854771712	0	4294955008	9223372036854771712	0	818417664
376	2052472832	9223372036854771712	0	3754172416	9223372036854771712	0	1545355264	9223372036854771712	0	4294926336	9223372036854771712	0	816152576
377	2053414912	9223372036854771712	0	3755085824	9223372036854771712	0	1545363456	9223372036854771712	0	4294950912	9223372036854771712	0	817614848
378	2054389760	9223372036854771712	0	3756142592	9223372036854771712	0	1545359360	9223372036854771712	0	4294963200	9223372036854771712	0	812457984
379	2055557120	9223372036854771712	0	3757363200	9223372036854771712	0	1545490432	9223372036854771712	0	4294930432	9223372036854771712	0	810516480
380	2056425472	9223372036854771712	0	3758067712	9223372036854771712	0	1545523200	9223372036854771712	0	4294942720	9223372036854771712	0	807636992
381	2057306112	9223372036854771712	0	3758956544	9223372036854771712	0	1545543680	9223372036854771712	0	4294963200	9223372036854771712	0	806076416
382	2058170368	9223372036854771712	0	3759869952	9223372036854771712	0	1545560064	9223372036854771712	0	4294934528	9223372036854771712	0	804675584
383	2058969088	9223372036854771712	0	3760848896	9223372036854771712	0	1545592832	9223372036854771712	0	4294934528	9223372036854771712	0	802971648
384	2059948032	9223372036854771712	0	3761905664	9223372036854771712	0	1545613312	9223372036854771712	0	4294934528	9223372036854771712	0	800190464
385	2061012992	9223372036854771712	0	3762921472	9223372036854771712	0	1545629696	9223372036854771712	0	4294967296	9223372036854771712	0	798060544
386	2061910016	9223372036854771712	0	3763761152	9223372036854771712	0	1545650176	9223372036854771712	0	4294938624	9223372036854771712	0	797114368
387	2063024128	9223372036854771712	0	3765657600	9223372036854771712	0	1545678848	9223372036854771712	0	4294950912	9223372036854771712	0	793313280
388	2063626240	9223372036854771712	0	3765522432	9223372036854771712	0	1545732096	9223372036854771712	0	4294967296	9223372036854771712	0	795353088
389	2064203776	9223372036854771712	0	3765903360	9223372036854771712	0	1545654272	9223372036854771712	0	4294938624	9223372036854771712	0	793530368
390	2064474112	9223372036854771712	0	3766222848	9223372036854771712	0	1545666560	9223372036854771712	0	4294938624	9223372036854771712	0	792653824
391	2066632704	9223372036854771712	0	3766857728	9223372036854771712	0	1545687040	9223372036854771712	0	4294955008	9223372036854771712	0	789700608
392	2069241856	9223372036854771712	0	3767468032	9223372036854771712	0	1545830400	9223372036854771712	0	4294938624	9223372036854771712	0	785932288
393	2069209088	9223372036854771712	0	3767443456	9223372036854771712	0	1545744384	9223372036854771712	0	4294942720	9223372036854771712	0	785838080
394	2072948736	9223372036854771712	0	3768213504	9223372036854771712	0	1545764864	9223372036854771712	0	4294836224	9223372036854771712	0	781090816
395	2083168256	9223372036854771712	0	3769401344	9223372036854771712	0	1545781248	9223372036854771712	0	4294942720	9223372036854771712	0	770560000
396	2085507072	9223372036854771712	0	3770531840	9223372036854771712	0	1545797632	9223372036854771712	0	4294942720	9223372036854771712	0	766840832
397	2088337408	9223372036854771712	0	3771564032	9223372036854771712	0	1545822208	9223372036854771712	0	4294942720	9223372036854771712	0	762847232
398	2089488384	9223372036854771712	0	3773739008	9223372036854771712	0	1545838592	9223372036854771712	0	4294942720	9223372036854771712	0	760958976
399	2090524672	9223372036854771712	0	3774783488	9223372036854771712	0	1545859072	9223372036854771712	0	4294946816	9223372036854771712	0	757555200
400	2091458560	9223372036854771712	0	3775852544	9223372036854771712	0	1545883648	9223372036854771712	0	4294946816	9223372036854771712	0	742920192
401	2092339200	9223372036854771712	0	3776770048	9223372036854771712	0	1546022912	9223372036854771712	0	4294946816	9223372036854771712	0	741752832
402	2093264896	9223372036854771712	0	3777687552	9223372036854771712	0	1546043392	9223372036854771712	0	4294946816	9223372036854771712	0	739774464
403	2094096384	9223372036854771712	0	3778494464	9223372036854771712	0	1569402880	9223372036854771712	0	4294946816	9223372036854771712	0	712609792
404	2094948352	9223372036854771712	0	3779411968	9223372036854771712	0	1610870784	9223372036854771712	0	4294946816	9223372036854771712	0	670531584
405	2096156672	9223372036854771712	0	3780526080	9223372036854771712	0	1655234560	9223372036854771712	0	3430051840	9223372036854771712	0	1495240704
406	2097278976	9223372036854771712	0	3781697536	9223372036854771712	0	1701605376	9223372036854771712	0	3430146048	9223372036854771712	0	1446535168
407	2098577408	9223372036854771712	0	3782766592	9223372036854771712	0	1744728064	9223372036854771712	0	3430182912	9223372036854771712	0	1400205312
408	2099662848	9223372036854771712	0	3784761344	9223372036854771712	0	1785098240	9223372036854771712	0	3430240256	9223372036854771712	0	1360494592
409	2100965376	9223372036854771712	0	3787243520	9223372036854771712	0	1825992704	9223372036854771712	0	3430248448	9223372036854771712	0	1312989184
410	2102194176	9223372036854771712	0	3788537856	9223372036854771712	0	1867673600	9223372036854771712	0	3430268928	9223372036854771712	0	1266761728
411	2103361536	9223372036854771712	0	3789627392	9223372036854771712	0	1908436992	9223372036854771712	0	3430301696	9223372036854771712	0	1225023488
412	2104414208	9223372036854771712	0	3790721024	9223372036854771712	0	1946447872	9223372036854771712	0	3430465536	9223372036854771712	0	1184395264
413	2105516032	9223372036854771712	0	3791884288	9223372036854771712	0	1984851968	9223372036854771712	0	3430359040	9223372036854771712	0	1143660544
414	2106683392	9223372036854771712	0	3792945152	9223372036854771712	0	2020634624	9223372036854771712	0	3430391808	9223372036854771712	0	1106149376
415	2107850752	9223372036854771712	0	3793948672	9223372036854771712	0	2058907648	9223372036854771712	0	3430420480	9223372036854771712	0	1065607168
416	2108981248	9223372036854771712	0	3795156992	9223372036854771712	0	2095476736	9223372036854771712	0	3430453248	9223372036854771712	0	1026088960
417	2110087168	9223372036854771712	0	3796205568	9223372036854771712	0	2130866176	9223372036854771712	0	3430486016	9223372036854771712	0	988471296
418	2111254528	9223372036854771712	0	3797241856	9223372036854771712	0	2147475456	9223372036854771712	0	3430637568	9223372036854771712	0	968466432
419	2111897600	9223372036854771712	0	3800104960	9223372036854771712	0	2147483648	9223372036854771712	0	3430543360	9223372036854771712	0	966545408
420	2113085440	9223372036854771712	0	3801067520	9223372036854771712	0	2147479552	9223372036854771712	0	3430572032	9223372036854771712	0	962830336
421	2114252800	9223372036854771712	0	3802058752	9223372036854771712	0	2147483648	9223372036854771712	0	3430584320	9223372036854771712	0	960348160
422	2115284992	9223372036854771712	0	3803209728	9223372036854771712	0	2147315712	9223372036854771712	0	3430518784	9223372036854771712	0	957837312
423	2116395008	9223372036854771712	0	3804364800	9223372036854771712	0	2147446784	9223372036854771712	0	3430801408	9223372036854771712	0	956071936
424	2117599232	9223372036854771712	0	3805589504	9223372036854771712	0	2147454976	9223372036854771712	0	3430580224	9223372036854771712	0	952532992
425	2118836224	9223372036854771712	0	3806498816	9223372036854771712	0	2147459072	9223372036854771712	0	3430785024	9223372036854771712	0	950378496
426	2120036352	9223372036854771712	0	3807739904	9223372036854771712	0	2147213312	9223372036854771712	0	3430686720	9223372036854771712	0	948682752
427	2130116608	9223372036854771712	0	3808878592	9223372036854771712	0	2147471360	9223372036854771712	0	3430838272	9223372036854771712	0	936755200
428	2138755072	9223372036854771712	0	3810095104	9223372036854771712	0	2147471360	9223372036854771712	0	3430879232	9223372036854771712	0	918925312
429	2147442688	9223372036854771712	0	3813261312	9223372036854771712	0	2147483648	9223372036854771712	0	3430780928	9223372036854771712	0	905515008
430	2147442688	9223372036854771712	0	3814068224	9223372036854771712	0	2147475456	9223372036854771712	0	3430928384	9223372036854771712	0	904982528
431	2147463168	9223372036854771712	0	3815149568	9223372036854771712	0	2147479552	9223372036854771712	0	3430821888	9223372036854771712	0	900804608
432	2147467264	9223372036854771712	0	3816054784	9223372036854771712	0	2147209216	9223372036854771712	0	3430842368	9223372036854771712	0	899022848
433	2147258368	9223372036854771712	0	3817144320	9223372036854771712	0	2147475456	9223372036854771712	0	3430875136	9223372036854771712	0	897236992
434	2147135488	9223372036854771712	0	3818217472	9223372036854771712	0	2147356672	9223372036854771712	0	3431010304	9223372036854771712	0	896094208
435	2147135488	9223372036854771712	0	3819405312	9223372036854771712	0	2147356672	9223372036854771712	0	3431043072	9223372036854771712	0	895012864
436	2147135488	9223372036854771712	0	3820613632	9223372036854771712	0	2147360768	9223372036854771712	0	3431063552	9223372036854771712	0	893767680
437	2147139584	9223372036854771712	0	3821232128	9223372036854771712	0	2147360768	9223372036854771712	0	3431092224	9223372036854771712	0	893218816
438	2147139584	9223372036854771712	0	3822379008	9223372036854771712	0	2147373056	9223372036854771712	0	3431116800	9223372036854771712	0	892354560
439	2147139584	9223372036854771712	0	3824463872	9223372036854771712	0	2147401728	9223372036854771712	0	3431153664	9223372036854771712	0	888983552
440	2147139584	9223372036854771712	0	3827007488	9223372036854771712	0	2147373056	9223372036854771712	0	3431178240	9223372036854771712	0	888217600
441	2146942976	9223372036854771712	0	3827109888	9223372036854771712	0	2147373056	9223372036854771712	0	3431215104	9223372036854771712	0	890871808
442	2146942976	9223372036854771712	0	3827109888	9223372036854771712	0	2147373056	9223372036854771712	0	3431108608	9223372036854771712	0	892002304
443	0	9223372036854771712	0	3827113984	9223372036854771712	0	1565229056	9223372036854771712	0	3431108608	9223372036854771712	0	2453594112
444	0	9223372036854771712	0	3827146752	9223372036854771712	0	1565229056	9223372036854771712	0	3431108608	9223372036854771712	0	2450522112
445	0	9223372036854771712	0	3827130368	9223372036854771712	0	1565229056	9223372036854771712	0	3431108608	9223372036854771712	0	2450935808
446	0	9223372036854771712	0	3827130368	9223372036854771712	0	1565229056	9223372036854771712	0	3431108608	9223372036854771712	0	2450808832
447	0	9223372036854771712	0	3827130368	9223372036854771712	0	1565229056	9223372036854771712	0	3431108608	9223372036854771712	0	2451304448
448	0	9223372036854771712	0	3827060736	9223372036854771712	0	1565229056	9223372036854771712	0	3431108608	9223372036854771712	0	2451628032
449	0	9223372036854771712	0	3827060736	9223372036854771712	0	1565229056	9223372036854771712	0	3431108608	9223372036854771712	0	2450227200
450	0	9223372036854771712	0	3829166080	9223372036854771712	0	1565229056	9223372036854771712	0	3431108608	9223372036854771712	0	2447900672
451	0	9223372036854771712	0	0	9223372036854771712	0	1565229056	9223372036854771712	0	3431108608	9223372036854771712	0	4259463168
452	0	9223372036854771712	0	0	9223372036854771712	0	1565229056	9223372036854771712	0	3431108608	9223372036854771712	0	4259590144
453	0	9223372036854771712	0	0	9223372036854771712	0	1581244416	9223372036854771712	0	3431108608	9223372036854771712	0	4245344256
454	0	9223372036854771712	0	0	9223372036854771712	0	1609396224	9223372036854771712	0	3431108608	9223372036854771712	0	4218290176
455	0	9223372036854771712	0	0	9223372036854771712	0	1639985152	9223372036854771712	0	3431108608	9223372036854771712	0	4187025408
456	0	9223372036854771712	0	0	9223372036854771712	0	1673408512	9223372036854771712	0	3431108608	9223372036854771712	0	4154208256
457	0	9223372036854771712	0	0	9223372036854771712	0	1707356160	9223372036854771712	0	3431108608	9223372036854771712	0	4119248896
458	0	9223372036854771712	0	0	9223372036854771712	0	1742745600	9223372036854771712	0	3431108608	9223372036854771712	0	4084535296
459	0	9223372036854771712	0	0	9223372036854771712	0	1778659328	9223372036854771712	0	3431108608	9223372036854771712	0	4048904192
460	0	9223372036854771712	0	0	9223372036854771712	0	1814966272	9223372036854771712	0	3431108608	9223372036854771712	0	4011528192
461	0	9223372036854771712	0	0	9223372036854771712	0	1851142144	9223372036854771712	0	3431108608	9223372036854771712	0	3986182144
462	0	9223372036854771712	0	0	9223372036854771712	0	1886531584	9223372036854771712	0	3431108608	9223372036854771712	0	3950673920
463	0	9223372036854771712	0	0	9223372036854771712	0	0	9223372036854771712	0	3431108608	9223372036854771712	0	5147340800
464	0	9223372036854771712	0	0	9223372036854771712	0	0	9223372036854771712	0	3431108608	9223372036854771712	0	5147521024
465	0	9223372036854771712	0	0	9223372036854771712	0	0	9223372036854771712	0	3431108608	9223372036854771712	0	5147660288
466	0	9223372036854771712	0	0	9223372036854771712	0	0	9223372036854771712	0	3446444032	9223372036854771712	0	5128228864
467	0	9223372036854771712	0	0	9223372036854771712	0	0	9223372036854771712	0	3470036992	9223372036854771712	0	5104140288
468	0	9223372036854771712	0	0	9223372036854771712	0	0	9223372036854771712	0	3435196416	9223372036854771712	0	5143584768
469	0	9223372036854771712	0	0	9223372036854771712	0	0	9223372036854771712	0	3470852096	9223372036854771712	0	5107830784
470	0	9223372036854771712	0	0	9223372036854771712	0	0	9223372036854771712	0	3502178304	9223372036854771712	0	5075271680
471	0	9223372036854771712	0	0	9223372036854771712	0	0	9223372036854771712	0	3530096640	9223372036854771712	0	5046829056
472	0	9223372036854771712	0	0	9223372036854771712	0	0	9223372036854771712	0	3560374272	9223372036854771712	0	5015560192
473	0	9223372036854771712	0	0	9223372036854771712	0	0	9223372036854771712	0	3590914048	9223372036854771712	0	4984369152
474	0	9223372036854771712	0	0	9223372036854771712	0	0	9223372036854771712	0	3622633472	9223372036854771712	0	4951916544
475	0	9223372036854771712	0	0	9223372036854771712	0	0	9223372036854771712	0	3654877184	9223372036854771712	0	4919185408
476	0	9223372036854771712	0	0	9223372036854771712	0	0	9223372036854771712	0	3687383040	9223372036854771712	0	4885966848
477	0	9223372036854771712	0	0	9223372036854771712	0	0	9223372036854771712	0	3718840320	9223372036854771712	0	4854648832
478	0	9223372036854771712	0	0	9223372036854771712	0	0	9223372036854771712	0	2234507264	9223372036854771712	0	6336720896
