1	1293684736	9223372036854771712	0	2573225984	9223372036854771712	0	6995968	9223372036854771712	0	6918144	9223372036854771712	0	708919296
2	1293815808	9223372036854771712	0	2573225984	9223372036854771712	0	6995968	9223372036854771712	0	6918144	9223372036854771712	0	709296128
3	1294307328	9223372036854771712	0	2573488128	9223372036854771712	0	6995968	9223372036854771712	0	6918144	9223372036854771712	0	707928064
4	1295081472	9223372036854771712	0	2603081728	9223372036854771712	0	6995968	9223372036854771712	0	6918144	9223372036854771712	0	678334464
5	1296224256	9223372036854771712	0	2609082368	9223372036854771712	0	6995968	9223372036854771712	0	6918144	9223372036854771712	0	671080448
6	1297645568	9223372036854771712	0	2609885184	9223372036854771712	0	6995968	9223372036854771712	0	6918144	9223372036854771712	0	669319168
7	1299206144	9223372036854771712	0	2611081216	9223372036854771712	0	6995968	9223372036854771712	0	6918144	9223372036854771712	0	665997312
8	1300750336	9223372036854771712	0	2612051968	9223372036854771712	0	6995968	9223372036854771712	0	6918144	9223372036854771712	0	662900736
9	1319612416	9223372036854771712	0	2613514240	9223372036854771712	0	6995968	9223372036854771712	0	6918144	9223372036854771712	0	643297280
10	1336246272	9223372036854771712	0	2614706176	9223372036854771712	0	6995968	9223372036854771712	0	6918144	9223372036854771712	0	623857664
11	1337282560	9223372036854771712	0	2616033280	9223372036854771712	0	6995968	9223372036854771712	0	6918144	9223372036854771712	0	622034944
12	1338191872	9223372036854771712	0	2617069568	9223372036854771712	0	6995968	9223372036854771712	0	6918144	9223372036854771712	0	620085248
13	1378287616	9223372036854771712	0	2618519552	9223372036854771712	0	6995968	9223372036854771712	0	6918144	9223372036854771712	0	579072000
14	1414320128	9223372036854771712	0	2619801600	9223372036854771712	0	6995968	9223372036854771712	0	6918144	9223372036854771712	0	541396992
15	1441832960	9223372036854771712	0	2621005824	9223372036854771712	0	6995968	9223372036854771712	0	6918144	9223372036854771712	0	512380928
16	1447055360	9223372036854771712	0	2622066688	9223372036854771712	0	6995968	9223372036854771712	0	6918144	9223372036854771712	0	506408960
17	1448042496	9223372036854771712	0	2622820352	9223372036854771712	0	6995968	9223372036854771712	0	6918144	9223372036854771712	0	503545856
18	1449209856	9223372036854771712	0	2624163840	9223372036854771712	0	6995968	9223372036854771712	0	6918144	9223372036854771712	0	501538816
19	1450622976	9223372036854771712	0	2625667072	9223372036854771712	0	6995968	9223372036854771712	0	6918144	9223372036854771712	0	497983488
20	1459916800	9223372036854771712	0	2627252224	9223372036854771712	0	6995968	9223372036854771712	0	6918144	9223372036854771712	0	487030784
21	1471016960	9223372036854771712	0	2629103616	9223372036854771712	0	6995968	9223372036854771712	0	6918144	9223372036854771712	0	474120192
22	1472315392	9223372036854771712	0	2630447104	9223372036854771712	0	6995968	9223372036854771712	0	6918144	9223372036854771712	0	471625728
23	1473863680	9223372036854771712	0	2632253440	9223372036854771712	0	6995968	9223372036854771712	0	6918144	9223372036854771712	0	467316736
24	1488007168	9223372036854771712	0	2633850880	9223372036854771712	0	6995968	9223372036854771712	0	6918144	9223372036854771712	0	452431872
25	1489698816	9223372036854771712	0	2635567104	9223372036854771712	0	6995968	9223372036854771712	0	6918144	9223372036854771712	0	448049152
26	1491251200	9223372036854771712	0	2637524992	9223372036854771712	0	6995968	9223372036854771712	0	6918144	9223372036854771712	0	444907520
27	1492680704	9223372036854771712	0	2639532032	9223372036854771712	0	6995968	9223372036854771712	0	6918144	9223372036854771712	0	440332288
28	1494110208	9223372036854771712	0	2641375232	9223372036854771712	0	6995968	9223372036854771712	0	6918144	9223372036854771712	0	436469760
29	1501569024	9223372036854771712	0	2643169280	9223372036854771712	0	6995968	9223372036854771712	0	6918144	9223372036854771712	0	427700224
30	1502736384	9223372036854771712	0	2644717568	9223372036854771712	0	6995968	9223372036854771712	0	6918144	9223372036854771712	0	425156608
31	1503948800	9223372036854771712	0	2646208512	9223372036854771712	0	6995968	9223372036854771712	0	6918144	9223372036854771712	0	422031360
32	1505116160	9223372036854771712	0	2647584768	9223372036854771712	0	6995968	9223372036854771712	0	6918144	9223372036854771712	0	418918400
33	1506533376	9223372036854771712	0	2649358336	9223372036854771712	0	6995968	9223372036854771712	0	6918144	9223372036854771712	0	416227328
34	1507831808	9223372036854771712	0	2651975680	9223372036854771712	0	6995968	9223372036854771712	0	6918144	9223372036854771712	0	411303936
35	1509261312	9223372036854771712	0	2690781184	9223372036854771712	0	6995968	9223372036854771712	0	6918144	9223372036854771712	0	371494912
36	1510547456	9223372036854771712	0	2794991616	9223372036854771712	0	6995968	9223372036854771712	0	6918144	9223372036854771712	0	262492160
37	1507532800	9223372036854771712	0	2892271616	9223372036854771712	0	6995968	9223372036854771712	0	6909952	9223372036854771712	0	179527680
38	1500295168	9223372036854771712	0	2923184128	9223372036854771712	0	6995968	9223372036854771712	0	6893568	9223372036854771712	0	182198272
39	1501536256	9223372036854771712	0	2923114496	9223372036854771712	0	6995968	9223372036854771712	0	6893568	9223372036854771712	0	180101120
40	1493942272	9223372036854771712	0	2943864832	9223372036854771712	0	6995968	9223372036854771712	0	6864896	9223372036854771712	0	178651136
41	1482067968	9223372036854771712	0	2996424704	9223372036854771712	0	6995968	9223372036854771712	0	6848512	9223372036854771712	0	183250944
42	1475244032	9223372036854771712	0	3033309184	9223372036854771712	0	6995968	9223372036854771712	0	6848512	9223372036854771712	0	179367936
43	1476411392	9223372036854771712	0	3033214976	9223372036854771712	0	6995968	9223372036854771712	0	6848512	9223372036854771712	0	176930816
44	1477693440	9223372036854771712	0	3033346048	9223372036854771712	0	6995968	9223372036854771712	0	6848512	9223372036854771712	0	175349760
45	1478840320	9223372036854771712	0	3034169344	9223372036854771712	0	6995968	9223372036854771712	0	6848512	9223372036854771712	0	173846528
46	1479962624	9223372036854771712	0	3035803648	9223372036854771712	0	6995968	9223372036854771712	0	6848512	9223372036854771712	0	170921984
47	1481129984	9223372036854771712	0	3037327360	9223372036854771712	0	6995968	9223372036854771712	0	6848512	9223372036854771712	0	167796736
48	1482428416	9223372036854771712	0	3039080448	9223372036854771712	0	6995968	9223372036854771712	0	6848512	9223372036854771712	0	164917248
49	1483595776	9223372036854771712	0	3040825344	9223372036854771712	0	6995968	9223372036854771712	0	6848512	9223372036854771712	0	162914304
50	1484644352	9223372036854771712	0	3042349056	9223372036854771712	0	6995968	9223372036854771712	0	6848512	9223372036854771712	0	157085696
51	1480876032	9223372036854771712	0	3032907776	9223372036854771712	0	6995968	9223372036854771712	0	6840320	9223372036854771712	0	184516608
52	1481912320	9223372036854771712	0	3034591232	9223372036854771712	0	6995968	9223372036854771712	0	6840320	9223372036854771712	0	182861824
53	1483210752	9223372036854771712	0	3049902080	9223372036854771712	0	6995968	9223372036854771712	0	6840320	9223372036854771712	0	165466112
54	1484382208	9223372036854771712	0	3051421696	9223372036854771712	0	6995968	9223372036854771712	0	6840320	9223372036854771712	0	162275328
55	1486430208	9223372036854771712	0	3053268992	9223372036854771712	0	6995968	9223372036854771712	0	6840320	9223372036854771712	0	159338496
56	1482567680	9223372036854771712	0	3043749888	9223372036854771712	0	6995968	9223372036854771712	0	6832128	9223372036854771712	0	185016320
57	1484259328	9223372036854771712	0	3045388288	9223372036854771712	0	6995968	9223372036854771712	0	6832128	9223372036854771712	0	181846016
58	1486213120	9223372036854771712	0	3047190528	9223372036854771712	0	6995968	9223372036854771712	0	6832128	9223372036854771712	0	179118080
59	1488277504	9223372036854771712	0	3048996864	9223372036854771712	0	6995968	9223372036854771712	0	6832128	9223372036854771712	0	175235072
60	1490214912	9223372036854771712	0	3050672128	9223372036854771712	0	6995968	9223372036854771712	0	6832128	9223372036854771712	0	172019712
61	1492430848	9223372036854771712	0	3052195840	9223372036854771712	0	6995968	9223372036854771712	0	6832128	9223372036854771712	0	168763392
62	1494777856	9223372036854771712	0	3054125056	9223372036854771712	0	6995968	9223372036854771712	0	6832128	9223372036854771712	0	164450304
63	1496862720	9223372036854771712	0	3056078848	9223372036854771712	0	6995968	9223372036854771712	0	6832128	9223372036854771712	0	160862208
64	1498947584	9223372036854771712	0	3057807360	9223372036854771712	0	6995968	9223372036854771712	0	6832128	9223372036854771712	0	156594176
65	1496436736	9223372036854771712	0	3048370176	9223372036854771712	0	6995968	9223372036854771712	0	6823936	9223372036854771712	0	181153792
66	1498374144	9223372036854771712	0	3050328064	9223372036854771712	0	6995968	9223372036854771712	0	6823936	9223372036854771712	0	178388992
67	1500590080	9223372036854771712	0	3052904448	9223372036854771712	0	6995968	9223372036854771712	0	6823936	9223372036854771712	0	173592576
68	1502543872	9223372036854771712	0	3054329856	9223372036854771712	0	6995968	9223372036854771712	0	6823936	9223372036854771712	0	169402368
69	1504890880	9223372036854771712	0	3056107520	9223372036854771712	0	6995968	9223372036854771712	0	6823936	9223372036854771712	0	164257792
70	1507106816	9223372036854771712	0	3057659904	9223372036854771712	0	6995968	9223372036854771712	0	6823936	9223372036854771712	0	161193984
71	1509322752	9223372036854771712	0	3059208192	9223372036854771712	0	6995968	9223372036854771712	0	6823936	9223372036854771712	0	156749824
72	1505632256	9223372036854771712	0	3049459712	9223372036854771712	0	6995968	9223372036854771712	0	6815744	9223372036854771712	0	184844288
73	1507454976	9223372036854771712	0	3051237376	9223372036854771712	0	6995968	9223372036854771712	0	6815744	9223372036854771712	0	180727808
74	1509695488	9223372036854771712	0	3052969984	9223372036854771712	0	6995968	9223372036854771712	0	6815744	9223372036854771712	0	175603712
75	1512173568	9223372036854771712	0	3054723072	9223372036854771712	0	6995968	9223372036854771712	0	6815744	9223372036854771712	0	171245568
76	1514110976	9223372036854771712	0	3056246784	9223372036854771712	0	6995968	9223372036854771712	0	6815744	9223372036854771712	0	168009728
77	1543348224	9223372036854771712	0	3046572032	9223372036854771712	0	6995968	9223372036854771712	0	6807552	9223372036854771712	0	160849920
78	1578741760	9223372036854771712	0	3025588224	9223372036854771712	0	6995968	9223372036854771712	0	6791168	9223372036854771712	0	172244992
79	1615147008	9223372036854771712	0	3004870656	9223372036854771712	0	6995968	9223372036854771712	0	6774784	9223372036854771712	0	182181888
80	1655787520	9223372036854771712	0	2989850624	9223372036854771712	0	6995968	9223372036854771712	0	6766592	9223372036854771712	0	173092864
81	1704505344	9223372036854771712	0	2968027136	9223372036854771712	0	6995968	9223372036854771712	0	6758400	9223372036854771712	0	173985792
82	1743458304	9223372036854771712	0	2953945088	9223372036854771712	0	6995968	9223372036854771712	0	6758400	9223372036854771712	0	167133184
83	1771212800	9223372036854771712	0	2945331200	9223372036854771712	0	6995968	9223372036854771712	0	6750208	9223372036854771712	0	160010240
84	1802461184	9223372036854771712	0	2926231552	9223372036854771712	0	6995968	9223372036854771712	0	6733824	9223372036854771712	0	171282432
85	1836539904	9223372036854771712	0	2905059328	9223372036854771712	0	6995968	9223372036854771712	0	6725632	9223372036854771712	0	184037376
86	1866047488	9223372036854771712	0	2902548480	9223372036854771712	0	6995968	9223372036854771712	0	6725632	9223372036854771712	0	160079872
87	1866690560	9223372036854771712	0	2903343104	9223372036854771712	0	6995968	9223372036854771712	0	6725632	9223372036854771712	0	159272960
88	1866739712	9223372036854771712	0	2903216128	9223372036854771712	0	6995968	9223372036854771712	0	6725632	9223372036854771712	0	159150080
89	1866780672	9223372036854771712	0	2903216128	9223372036854771712	0	6995968	9223372036854771712	0	6725632	9223372036854771712	0	157974528
90	1859121152	9223372036854771712	0	2893127680	9223372036854771712	0	6995968	9223372036854771712	0	6717440	9223372036854771712	0	188387328
91	1860415488	9223372036854771712	0	2894831616	9223372036854771712	0	6995968	9223372036854771712	0	6717440	9223372036854771712	0	186155008
92	1861627904	9223372036854771712	0	2896662528	9223372036854771712	0	6995968	9223372036854771712	0	6717440	9223372036854771712	0	183517184
93	1863192576	9223372036854771712	0	2898182144	9223372036854771712	0	6995968	9223372036854771712	0	6717440	9223372036854771712	0	181182464
94	1864450048	9223372036854771712	0	2899611648	9223372036854771712	0	6995968	9223372036854771712	0	6717440	9223372036854771712	0	176791552
95	1865732096	9223372036854771712	0	2901303296	9223372036854771712	0	6995968	9223372036854771712	0	6717440	9223372036854771712	0	174166016
96	1868140544	9223372036854771712	0	2902999040	9223372036854771712	0	6995968	9223372036854771712	0	6717440	9223372036854771712	0	170098688
97	1878413312	9223372036854771712	0	2905808896	9223372036854771712	0	6995968	9223372036854771712	0	6717440	9223372036854771712	0	156831744
98	1878646784	9223372036854771712	0	2898288640	9223372036854771712	0	6995968	9223372036854771712	0	6709248	9223372036854771712	0	175411200
99	1890037760	9223372036854771712	0	2901245952	9223372036854771712	0	6995968	9223372036854771712	0	6709248	9223372036854771712	0	161148928
100	1896714240	9223372036854771712	0	2893627392	9223372036854771712	0	6995968	9223372036854771712	0	6701056	9223372036854771712	0	172863488
101	1891614720	9223372036854771712	0	2886447104	9223372036854771712	0	6995968	9223372036854771712	0	6692864	9223372036854771712	0	187359232
102	1838764032	9223372036854771712	0	2815213568	9223372036854771712	0	6987776	9223372036854771712	0	6578176	9223372036854771712	0	169472000
103	1688723456	9223372036854771712	0	2615341056	9223372036854771712	0	6942720	9223372036854771712	0	6270976	9223372036854771712	0	178835456
104	1567498240	9223372036854771712	0	2459795456	9223372036854771712	0	6889472	9223372036854771712	0	5935104	9223372036854771712	0	188203008
105	1558429696	9223372036854771712	0	2485383168	9223372036854771712	0	6881280	9223372036854771712	0	5914624	9223372036854771712	0	187203584
106	1539043328	9223372036854771712	0	2549276672	9223372036854771712	0	6873088	9223372036854771712	0	5873664	9223372036854771712	0	175206400
107	1530380288	9223372036854771712	0	2592366592	9223372036854771712	0	6868992	9223372036854771712	0	5853184	9223372036854771712	0	156647424
108	1511231488	9223372036854771712	0	2640367616	9223372036854771712	0	6860800	9223372036854771712	0	5812224	9223372036854771712	0	158363648
109	1482592256	9223372036854771712	0	2677473280	9223372036854771712	0	6852608	9223372036854771712	0	5750784	9223372036854771712	0	191066112
110	1464430592	9223372036854771712	0	2734952448	9223372036854771712	0	6844416	9223372036854771712	0	5709824	9223372036854771712	0	179355648
111	1437491200	9223372036854771712	0	2797113344	9223372036854771712	0	6832128	9223372036854771712	0	5636096	9223372036854771712	0	184041472
112	1429671936	9223372036854771712	0	2817912832	9223372036854771712	0	6828032	9223372036854771712	0	5615616	9223372036854771712	0	183721984
113	1422036992	9223372036854771712	0	2862354432	9223372036854771712	0	6828032	9223372036854771712	0	5595136	9223372036854771712	0	160587776
114	1405607936	9223372036854771712	0	2901299200	9223372036854771712	0	6823936	9223372036854771712	0	5554176	9223372036854771712	0	162725888
115	1397641216	9223372036854771712	0	2888445952	9223372036854771712	0	6819840	9223372036854771712	0	5533696	9223372036854771712	0	196141056
116	1398091776	9223372036854771712	0	2888847360	9223372036854771712	0	6819840	9223372036854771712	0	5533696	9223372036854771712	0	195821568
117	1398370304	9223372036854771712	0	2888708096	9223372036854771712	0	6819840	9223372036854771712	0	5533696	9223372036854771712	0	195809280
118	1399488512	9223372036854771712	0	2819792896	9223372036854771712	0	6819840	9223372036854771712	0	5533696	9223372036854771712	0	264622080
119	1401004032	9223372036854771712	0	2821971968	9223372036854771712	0	6819840	9223372036854771712	0	5533696	9223372036854771712	0	260153344
120	1402417152	9223372036854771712	0	2824220672	9223372036854771712	0	6819840	9223372036854771712	0	5533696	9223372036854771712	0	256819200
121	1403707392	9223372036854771712	0	2826153984	9223372036854771712	0	6819840	9223372036854771712	0	5533696	9223372036854771712	0	253702144
122	1404919808	9223372036854771712	0	2828513280	9223372036854771712	0	6819840	9223372036854771712	0	5533696	9223372036854771712	0	250220544
123	1406328832	9223372036854771712	0	2830692352	9223372036854771712	0	6819840	9223372036854771712	0	5533696	9223372036854771712	0	246345728
124	1408020480	9223372036854771712	0	2833018880	9223372036854771712	0	6819840	9223372036854771712	0	5533696	9223372036854771712	0	241713152
125	1409187840	9223372036854771712	0	2834698240	9223372036854771712	0	6819840	9223372036854771712	0	5533696	9223372036854771712	0	238788608
126	1410818048	9223372036854771712	0	2839109632	9223372036854771712	0	6819840	9223372036854771712	0	5533696	9223372036854771712	0	232759296
127	1412575232	9223372036854771712	0	2852454400	9223372036854771712	0	6819840	9223372036854771712	0	5533696	9223372036854771712	0	217997312
128	1414135808	9223372036854771712	0	2872926208	9223372036854771712	0	6819840	9223372036854771712	0	5533696	9223372036854771712	0	195235840
129	1415958528	9223372036854771712	0	2894893056	9223372036854771712	0	6819840	9223372036854771712	0	5533696	9223372036854771712	0	170409984
130	1408770048	9223372036854771712	0	2895478784	9223372036854771712	0	6819840	9223372036854771712	0	5513216	9223372036854771712	0	189132800
131	1410199552	9223372036854771712	0	2911162368	9223372036854771712	0	6819840	9223372036854771712	0	5513216	9223372036854771712	0	171794432
132	1402961920	9223372036854771712	0	2896445440	9223372036854771712	0	6815744	9223372036854771712	0	5492736	9223372036854771712	0	203542528
133	1317392384	9223372036854771712	0	2703708160	9223372036854771712	0	6787072	9223372036854771712	0	5222400	9223372036854771712	0	199282688
134	1220440064	9223372036854771712	0	2479382528	9223372036854771712	0	6488064	9223372036854771712	0	4878336	9223372036854771712	0	164696064
135	1195302912	9223372036854771712	0	2421358592	9223372036854771712	0	6299648	9223372036854771712	0	4722688	9223372036854771712	0	174022656
136	1197101056	9223372036854771712	0	2423820288	9223372036854771712	0	6299648	9223372036854771712	0	4722688	9223372036854771712	0	169492480
137	1199841280	9223372036854771712	0	2426556416	9223372036854771712	0	6299648	9223372036854771712	0	4722688	9223372036854771712	0	164466688
138	1202057216	9223372036854771712	0	2428792832	9223372036854771712	0	6299648	9223372036854771712	0	4722688	9223372036854771712	0	159940608
139	1199337472	9223372036854771712	0	2418216960	9223372036854771712	0	6275072	9223372036854771712	0	4694016	9223372036854771712	0	181354496
140	1201815552	9223372036854771712	0	2420731904	9223372036854771712	0	6275072	9223372036854771712	0	4694016	9223372036854771712	0	176168960
141	1204031488	9223372036854771712	0	2423054336	9223372036854771712	0	6275072	9223372036854771712	0	4694016	9223372036854771712	0	171798528
142	1205592064	9223372036854771712	0	2425122816	9223372036854771712	0	6275072	9223372036854771712	0	4694016	9223372036854771712	0	167374848
143	1207808000	9223372036854771712	0	2427600896	9223372036854771712	0	6275072	9223372036854771712	0	4694016	9223372036854771712	0	163356672
144	1210023936	9223372036854771712	0	2429669376	9223372036854771712	0	6275072	9223372036854771712	0	4694016	9223372036854771712	0	158584832
145	1205579776	9223372036854771712	0	2416791552	9223372036854771712	0	6250496	9223372036854771712	0	4665344	9223372036854771712	0	184172544
146	1207398400	9223372036854771712	0	2418601984	9223372036854771712	0	6250496	9223372036854771712	0	4665344	9223372036854771712	0	180899840
147	1209667584	9223372036854771712	0	2421010432	9223372036854771712	0	6250496	9223372036854771712	0	4665344	9223372036854771712	0	176676864
148	1212223488	9223372036854771712	0	2423205888	9223372036854771712	0	6250496	9223372036854771712	0	4665344	9223372036854771712	0	171794432
149	1214373888	9223372036854771712	0	2425520128	9223372036854771712	0	6250496	9223372036854771712	0	4665344	9223372036854771712	0	167874560
150	1216512000	9223372036854771712	0	2427625472	9223372036854771712	0	6250496	9223372036854771712	0	4665344	9223372036854771712	0	162676736
151	1248346112	9223372036854771712	0	2404028416	9223372036854771712	0	6201344	9223372036854771712	0	4608000	9223372036854771712	0	173522944
152	1269207040	9223372036854771712	0	2393923584	9223372036854771712	0	6176768	9223372036854771712	0	4579328	9223372036854771712	0	172269568
153	1309171712	9223372036854771712	0	2368827392	9223372036854771712	0	6148096	9223372036854771712	0	4542464	9223372036854771712	0	177672192
154	1349251072	9223372036854771712	0	2353995776	9223372036854771712	0	6119424	9223372036854771712	0	4505600	9223372036854771712	0	166375424
155	1371701248	9223372036854771712	0	2333089792	9223372036854771712	0	6070272	9223372036854771712	0	4448256	9223372036854771712	0	184143872
156	1413201920	9223372036854771712	0	2312216576	9223372036854771712	0	6021120	9223372036854771712	0	4395008	9223372036854771712	0	181944320
157	1441763328	9223372036854771712	0	2300063744	9223372036854771712	0	5996544	9223372036854771712	0	4370432	9223372036854771712	0	178409472
158	1471852544	9223372036854771712	0	2285424640	9223372036854771712	0	5967872	9223372036854771712	0	4337664	9223372036854771712	0	176316416
159	1505001472	9223372036854771712	0	2276401152	9223372036854771712	0	5943296	9223372036854771712	0	4313088	9223372036854771712	0	161538048
160	1535606784	9223372036854771712	0	2254471168	9223372036854771712	0	5894144	9223372036854771712	0	4259840	9223372036854771712	0	174559232
161	1546825728	9223372036854771712	0	2243895296	9223372036854771712	0	5890048	9223372036854771712	0	4251648	9223372036854771712	0	181727232
162	1547108352	9223372036854771712	0	2244157440	9223372036854771712	0	5890048	9223372036854771712	0	4251648	9223372036854771712	0	177958912
163	1548185600	9223372036854771712	0	2246766592	9223372036854771712	0	5890048	9223372036854771712	0	4251648	9223372036854771712	0	175157248
164	1409982464	9223372036854771712	0	2112208896	9223372036854771712	0	5251072	9223372036854771712	0	3715072	9223372036854771712	0	147468288
165	1224486912	9223372036854771712	0	1934094336	9223372036854771712	0	4108288	9223372036854771712	0	2850816	9223372036854771712	0	184635392
166	1200648192	9223372036854771712	0	1906102272	9223372036854771712	0	3883008	9223372036854771712	0	2801664	9223372036854771712	0	183443456
167	1203077120	9223372036854771712	0	1909235712	9223372036854771712	0	3883008	9223372036854771712	0	2801664	9223372036854771712	0	178917376
168	1205108736	9223372036854771712	0	1912438784	9223372036854771712	0	3883008	9223372036854771712	0	2801664	9223372036854771712	0	172068864
169	1207414784	9223372036854771712	0	1915465728	9223372036854771712	0	3883008	9223372036854771712	0	2801664	9223372036854771712	0	167747584
170	1209585664	9223372036854771712	0	1918226432	9223372036854771712	0	3883008	9223372036854771712	0	2801664	9223372036854771712	0	161959936
171	1207128064	9223372036854771712	0	1910177792	9223372036854771712	0	3821568	9223372036854771712	0	2772992	9223372036854771712	0	184979456
172	1217740800	9223372036854771712	0	1913700352	9223372036854771712	0	3821568	9223372036854771712	0	2772992	9223372036854771712	0	172122112
173	1225768960	9223372036854771712	0	1906962432	9223372036854771712	0	3760128	9223372036854771712	0	2744320	9223372036854771712	0	184008704
174	1232965632	9223372036854771712	0	1910108160	9223372036854771712	0	3760128	9223372036854771712	0	2744320	9223372036854771712	0	173772800
175	1235050496	9223372036854771712	0	1913540608	9223372036854771712	0	3760128	9223372036854771712	0	2744320	9223372036854771712	0	169070592
176	1237237760	9223372036854771712	0	1916641280	9223372036854771712	0	3760128	9223372036854771712	0	2744320	9223372036854771712	0	163815424
177	1239322624	9223372036854771712	0	1919733760	9223372036854771712	0	3760128	9223372036854771712	0	2744320	9223372036854771712	0	157589504
178	1219174400	9223372036854771712	0	1945432064	9223372036854771712	0	3637248	9223372036854771712	0	2686976	9223372036854771712	0	176701440
179	1204260864	9223372036854771712	0	1982353408	9223372036854771712	0	3592192	9223372036854771712	0	2629632	9223372036854771712	0	177528832
180	1187594240	9223372036854771712	0	2020462592	9223372036854771712	0	3584000	9223372036854771712	0	2600960	9223372036854771712	0	174276608
181	1166548992	9223372036854771712	0	2060206080	9223372036854771712	0	3575808	9223372036854771712	0	2564096	9223372036854771712	0	182177792
182	1149190144	9223372036854771712	0	2103468032	9223372036854771712	0	3567616	9223372036854771712	0	2523136	9223372036854771712	0	176979968
183	1132298240	9223372036854771712	0	2157875200	9223372036854771712	0	3551232	9223372036854771712	0	2469888	9223372036854771712	0	161497088
184	1109221376	9223372036854771712	0	2189549568	9223372036854771712	0	3493888	9223372036854771712	0	2383872	9223372036854771712	0	184848384
185	1095245824	9223372036854771712	0	2243461120	9223372036854771712	0	3420160	9223372036854771712	0	2326528	9223372036854771712	0	164212736
186	1081683968	9223372036854771712	0	2253594624	9223372036854771712	0	3346432	9223372036854771712	0	2277376	9223372036854771712	0	186597376
187	1082126336	9223372036854771712	0	2254139392	9223372036854771712	0	3346432	9223372036854771712	0	2277376	9223372036854771712	0	184287232
188	1083834368	9223372036854771712	0	2256744448	9223372036854771712	0	3346432	9223372036854771712	0	2277376	9223372036854771712	0	181481472
189	1085947904	9223372036854771712	0	2259599360	9223372036854771712	0	3346432	9223372036854771712	0	2277376	9223372036854771712	0	177885184
190	1087508480	9223372036854771712	0	2262106112	9223372036854771712	0	3346432	9223372036854771712	0	2277376	9223372036854771712	0	174182400
191	1089200128	9223372036854771712	0	2265055232	9223372036854771712	0	3346432	9223372036854771712	0	2277376	9223372036854771712	0	169406464
192	1091284992	9223372036854771712	0	2268135424	9223372036854771712	0	3346432	9223372036854771712	0	2277376	9223372036854771712	0	160759808
193	1086046208	9223372036854771712	0	2249392128	9223372036854771712	0	3309568	9223372036854771712	0	2256896	9223372036854771712	0	183988224
194	1087475712	9223372036854771712	0	2251739136	9223372036854771712	0	3309568	9223372036854771712	0	2256896	9223372036854771712	0	180158464
195	1016750080	9223372036854771712	0	2034114560	9223372036854771712	0	2723840	9223372036854771712	0	1921024	9223372036854771712	0	157114368
196	994148352	9223372036854771712	0	1965752320	9223372036854771712	0	2445312	9223372036854771712	0	1773568	9223372036854771712	0	192913408
197	996179968	9223372036854771712	0	1973317632	9223372036854771712	0	2445312	9223372036854771712	0	1773568	9223372036854771712	0	183443456
198	998002688	9223372036854771712	0	1988169728	9223372036854771712	0	2445312	9223372036854771712	0	1773568	9223372036854771712	0	163577856
199	993038336	9223372036854771712	0	1992069120	9223372036854771712	0	2416640	9223372036854771712	0	1765376	9223372036854771712	0	177897472
200	991223808	9223372036854771712	0	2002497536	9223372036854771712	0	2396160	9223372036854771712	0	1757184	9223372036854771712	0	176877568
201	991866880	9223372036854771712	0	2018467840	9223372036854771712	0	2396160	9223372036854771712	0	1757184	9223372036854771712	0	164921344
202	990638080	9223372036854771712	0	2016161792	9223372036854771712	0	2375680	9223372036854771712	0	1748992	9223372036854771712	0	171773952
203	988512256	9223372036854771712	0	2025074688	9223372036854771712	0	2355200	9223372036854771712	0	1740800	9223372036854771712	0	171556864
204	986099712	9223372036854771712	0	2030260224	9223372036854771712	0	2334720	9223372036854771712	0	1732608	9223372036854771712	0	177307648
205	987594752	9223372036854771712	0	2048634880	9223372036854771712	0	2334720	9223372036854771712	0	1732608	9223372036854771712	0	156016640
206	985432064	9223372036854771712	0	2054893568	9223372036854771712	0	2314240	9223372036854771712	0	1724416	9223372036854771712	0	155738112
207	983019520	9223372036854771712	0	2041372672	9223372036854771712	0	2293760	9223372036854771712	0	1716224	9223372036854771712	0	181555200
208	984711168	9223372036854771712	0	2062413824	9223372036854771712	0	2293760	9223372036854771712	0	1716224	9223372036854771712	0	158973952
209	982401024	9223372036854771712	0	2053181440	9223372036854771712	0	2273280	9223372036854771712	0	1708032	9223372036854771712	0	177225728
210	983961600	9223372036854771712	0	2057723904	9223372036854771712	0	2273280	9223372036854771712	0	1708032	9223372036854771712	0	171851776
211	985264128	9223372036854771712	0	2062127104	9223372036854771712	0	2273280	9223372036854771712	0	1708032	9223372036854771712	0	166457344
212	986877952	9223372036854771712	0	2066087936	9223372036854771712	0	2273280	9223372036854771712	0	1708032	9223372036854771712	0	160518144
213	984649728	9223372036854771712	0	2054684672	9223372036854771712	0	2252800	9223372036854771712	0	1699840	9223372036854771712	0	179642368
214	986210304	9223372036854771712	0	2059165696	9223372036854771712	0	2252800	9223372036854771712	0	1699840	9223372036854771712	0	173625344
215	988393472	9223372036854771712	0	2063036416	9223372036854771712	0	2252800	9223372036854771712	0	1699840	9223372036854771712	0	168329216
216	989925376	9223372036854771712	0	2067025920	9223372036854771712	0	2252800	9223372036854771712	0	1703936	9223372036854771712	0	158519296
217	989364224	9223372036854771712	0	2061762560	9223372036854771712	0	2244608	9223372036854771712	0	1695744	9223372036854771712	0	172634112
218	989409280	9223372036854771712	0	2059661312	9223372036854771712	0	2232320	9223372036854771712	0	1695744	9223372036854771712	0	175300608
219	991125504	9223372036854771712	0	2063409152	9223372036854771712	0	2232320	9223372036854771712	0	1695744	9223372036854771712	0	169582592
220	993603584	9223372036854771712	0	2067492864	9223372036854771712	0	2232320	9223372036854771712	0	1695744	9223372036854771712	0	163090432
221	993861632	9223372036854771712	0	2062811136	9223372036854771712	0	2224128	9223372036854771712	0	1687552	9223372036854771712	0	169377792
222	994541568	9223372036854771712	0	2060259328	9223372036854771712	0	2211840	9223372036854771712	0	1687552	9223372036854771712	0	174731264
223	1033269248	9223372036854771712	0	2031411200	9223372036854771712	0	2187264	9223372036854771712	0	1679360	9223372036854771712	0	180236288
224	1075527680	9223372036854771712	0	2005291008	9223372036854771712	0	2174976	9223372036854771712	0	1679360	9223372036854771712	0	173400064
225	1049698304	9223372036854771712	0	1877417984	9223372036854771712	0	1785856	9223372036854771712	0	1470464	9223372036854771712	0	189161472
226	988131328	9223372036854771712	0	1710759936	9223372036854771712	0	1183744	9223372036854771712	0	1142784	9223372036854771712	0	206503936
227	1031110656	9223372036854771712	0	1712091136	9223372036854771712	0	1183744	9223372036854771712	0	1142784	9223372036854771712	0	162336768
228	1053401088	9223372036854771712	0	1692504064	9223372036854771712	0	1171456	9223372036854771712	0	1134592	9223372036854771712	0	178270208
229	1095467008	9223372036854771712	0	1678487552	9223372036854771712	0	1146880	9223372036854771712	0	1126400	9223372036854771712	0	165208064
230	1134620672	9223372036854771712	0	1660796928	9223372036854771712	0	1134592	9223372036854771712	0	1122304	9223372036854771712	0	166354944
231	1151049728	9223372036854771712	0	1648033792	9223372036854771712	0	1122304	9223372036854771712	0	1118208	9223372036854771712	0	179175424
232	1153798144	9223372036854771712	0	1650327552	9223372036854771712	0	1122304	9223372036854771712	0	1118208	9223372036854771712	0	173305856
233	1158082560	9223372036854771712	0	1653694464	9223372036854771712	0	1122304	9223372036854771712	0	1118208	9223372036854771712	0	165146624
234	1161478144	9223372036854771712	0	1656938496	9223372036854771712	0	1122304	9223372036854771712	0	1118208	9223372036854771712	0	157933568
235	1146384384	9223372036854771712	0	1654857728	9223372036854771712	0	1110016	9223372036854771712	0	1114112	9223372036854771712	0	183840768
236	1149882368	9223372036854771712	0	1658441728	9223372036854771712	0	1110016	9223372036854771712	0	1114112	9223372036854771712	0	175833088
237	1153015808	9223372036854771712	0	1661575168	9223372036854771712	0	1110016	9223372036854771712	0	1114112	9223372036854771712	0	169578496
238	1156284416	9223372036854771712	0	1664405504	9223372036854771712	0	1110016	9223372036854771712	0	1114112	9223372036854771712	0	162865152
239	1141993472	9223372036854771712	0	1661644800	9223372036854771712	0	1101824	9223372036854771712	0	1110016	9223372036854771712	0	186789888
240	1144639488	9223372036854771712	0	1664524288	9223372036854771712	0	1101824	9223372036854771712	0	1110016	9223372036854771712	0	181035008
241	1149476864	9223372036854771712	0	1667854336	9223372036854771712	0	1101824	9223372036854771712	0	1110016	9223372036854771712	0	172724224
242	1145765888	9223372036854771712	0	1665204224	9223372036854771712	0	1097728	9223372036854771712	0	1105920	9223372036854771712	0	185245696
243	1158991872	9223372036854771712	0	1668321280	9223372036854771712	0	1097728	9223372036854771712	0	1105920	9223372036854771712	0	169226240
244	1161584640	9223372036854771712	0	1666441216	9223372036854771712	0	1093632	9223372036854771712	0	1101824	9223372036854771712	0	175468544
245	1145221120	9223372036854771712	0	1658802176	9223372036854771712	0	1064960	9223372036854771712	0	1077248	9223372036854771712	0	199905280
246	1149403136	9223372036854771712	0	1661644800	9223372036854771712	0	1064960	9223372036854771712	0	1077248	9223372036854771712	0	197070848
247	1158434816	9223372036854771712	0	1665556480	9223372036854771712	0	1064960	9223372036854771712	0	1077248	9223372036854771712	0	183832576
248	1106067456	9223372036854771712	0	1735860224	9223372036854771712	0	1032192	9223372036854771712	0	1048576	9223372036854771712	0	187047936
249	1066881024	9223372036854771712	0	1801666560	9223372036854771712	0	1024000	9223372036854771712	0	1040384	9223372036854771712	0	180703232
250	1030012928	9223372036854771712	0	1861763072	9223372036854771712	0	1015808	9223372036854771712	0	1032192	9223372036854771712	0	178024448
251	997048320	9223372036854771712	0	1903403008	9223372036854771712	0	1003520	9223372036854771712	0	1019904	9223372036854771712	0	190861312
252	986349568	9223372036854771712	0	1941626880	9223372036854771712	0	999424	9223372036854771712	0	1015808	9223372036854771712	0	172814336
253	967028736	9223372036854771712	0	1971945472	9223372036854771712	0	999424	9223372036854771712	0	1015808	9223372036854771712	0	175083520
254	966410240	9223372036854771712	0	1968414720	9223372036854771712	0	999424	9223372036854771712	0	1015808	9223372036854771712	0	162906112
255	962580480	9223372036854771712	0	1950285824	9223372036854771712	0	995328	9223372036854771712	0	1011712	9223372036854771712	0	157274112
256	918695936	9223372036854771712	0	1764593664	9223372036854771712	0	925696	9223372036854771712	0	970752	9223372036854771712	0	140730368
257	891482112	9223372036854771712	0	1650946048	9223372036854771712	0	925696	9223372036854771712	0	970752	9223372036854771712	0	139517952
258	879931392	9223372036854771712	0	1607274496	9223372036854771712	0	806912	9223372036854771712	0	897024	9223372036854771712	0	192815104
259	881999872	9223372036854771712	0	1613217792	9223372036854771712	0	806912	9223372036854771712	0	897024	9223372036854771712	0	184250368
260	883822592	9223372036854771712	0	1620226048	9223372036854771712	0	806912	9223372036854771712	0	897024	9223372036854771712	0	174338048
261	885911552	9223372036854771712	0	1626144768	9223372036854771712	0	806912	9223372036854771712	0	897024	9223372036854771712	0	164511744
262	882270208	9223372036854771712	0	1616130048	9223372036854771712	0	749568	9223372036854771712	0	864256	9223372036854771712	0	190504960
263	884355072	9223372036854771712	0	1621749760	9223372036854771712	0	749568	9223372036854771712	0	864256	9223372036854771712	0	181850112
264	886308864	9223372036854771712	0	1627525120	9223372036854771712	0	749568	9223372036854771712	0	864256	9223372036854771712	0	172859392
265	888131584	9223372036854771712	0	1632808960	9223372036854771712	0	749568	9223372036854771712	0	864256	9223372036854771712	0	165683200
266	883986432	9223372036854771712	0	1631113216	9223372036854771712	0	712704	9223372036854771712	0	835584	9223372036854771712	0	180391936
267	881238016	9223372036854771712	0	1629798400	9223372036854771712	0	692224	9223372036854771712	0	1204224	9223372036854771712	0	191451136
268	883048448	9223372036854771712	0	1653030912	9223372036854771712	0	692224	9223372036854771712	0	1163264	9223372036854771712	0	166928384
269	883503104	9223372036854771712	0	1660375040	9223372036854771712	0	692224	9223372036854771712	0	1163264	9223372036854771712	0	158191616
270	881831936	9223372036854771712	0	1643667456	9223372036854771712	0	675840	9223372036854771712	0	1122304	9223372036854771712	0	183943168
271	884076544	9223372036854771712	0	1655492608	9223372036854771712	0	675840	9223372036854771712	0	1122304	9223372036854771712	0	166629376
272	881758208	9223372036854771712	0	1637388288	9223372036854771712	0	651264	9223372036854771712	0	1089536	9223372036854771712	0	194883584
273	884105216	9223372036854771712	0	1655357440	9223372036854771712	0	651264	9223372036854771712	0	1089536	9223372036854771712	0	174620672
274	886321152	9223372036854771712	0	1666891776	9223372036854771712	0	651264	9223372036854771712	0	1089536	9223372036854771712	0	160305152
275	884310016	9223372036854771712	0	1640529920	9223372036854771712	0	643072	9223372036854771712	0	1081344	9223372036854771712	0	193585152
276	886005760	9223372036854771712	0	1645375488	9223372036854771712	0	643072	9223372036854771712	0	1081344	9223372036854771712	0	186376192
277	887783424	9223372036854771712	0	1649483776	9223372036854771712	0	643072	9223372036854771712	0	1081344	9223372036854771712	0	179167232
278	889606144	9223372036854771712	0	1653571584	9223372036854771712	0	643072	9223372036854771712	0	1081344	9223372036854771712	0	172556288
279	891559936	9223372036854771712	0	1657647104	9223372036854771712	0	643072	9223372036854771712	0	1081344	9223372036854771712	0	167112704
280	893120512	9223372036854771712	0	1661956096	9223372036854771712	0	643072	9223372036854771712	0	1081344	9223372036854771712	0	160493568
281	889987072	9223372036854771712	0	1643515904	9223372036854771712	0	638976	9223372036854771712	0	1073152	9223372036854771712	0	186109952
282	891592704	9223372036854771712	0	1647128576	9223372036854771712	0	638976	9223372036854771712	0	1073152	9223372036854771712	0	180219904
283	893415424	9223372036854771712	0	1651019776	9223372036854771712	0	638976	9223372036854771712	0	1073152	9223372036854771712	0	174788608
284	895066112	9223372036854771712	0	1655078912	9223372036854771712	0	638976	9223372036854771712	0	1073152	9223372036854771712	0	169631744
285	888987648	9223372036854771712	0	1626533888	9223372036854771712	0	622592	9223372036854771712	0	1056768	9223372036854771712	0	180547584
286	885018624	9223372036854771712	0	1612066816	9223372036854771712	0	610304	9223372036854771712	0	1044480	9223372036854771712	0	169844736
287	874553344	9223372036854771712	0	1582358528	9223372036854771712	0	577536	9223372036854771712	0	950272	9223372036854771712	0	138526720
288	840400896	9223372036854771712	0	1541353472	9223372036854771712	0	577536	9223372036854771712	0	950272	9223372036854771712	0	140636160
289	804270080	9223372036854771712	0	1517481984	9223372036854771712	0	577536	9223372036854771712	0	950272	9223372036854771712	0	139681792
290	706650112	9223372036854771712	0	1499025408	9223372036854771712	0	577536	9223372036854771712	0	950272	9223372036854771712	0	138780672
291	688230400	9223372036854771712	0	1491963904	9223372036854771712	0	548864	9223372036854771712	0	847872	9223372036854771712	0	153669632
292	707330048	9223372036854771712	0	1491288064	9223372036854771712	0	835584	9223372036854771712	0	761856	9223372036854771712	0	166932480
293	723353600	9223372036854771712	0	1491607552	9223372036854771712	0	761856	9223372036854771712	0	757760	9223372036854771712	0	174088192
294	732213248	9223372036854771712	0	1491935232	9223372036854771712	0	753664	9223372036854771712	0	753664	9223372036854771712	0	177999872
295	735842304	9223372036854771712	0	1493278720	9223372036854771712	0	720896	9223372036854771712	0	749568	9223372036854771712	0	180617216
296	736559104	9223372036854771712	0	1492602880	9223372036854771712	0	638976	9223372036854771712	0	737280	9223372036854771712	0	190562304
297	744648704	9223372036854771712	0	1492332544	9223372036854771712	0	589824	9223372036854771712	0	720896	9223372036854771712	0	188624896
298	767574016	9223372036854771712	0	1495814144	9223372036854771712	0	589824	9223372036854771712	0	720896	9223372036854771712	0	160735232
299	766353408	9223372036854771712	0	1493876736	9223372036854771712	0	565248	9223372036854771712	0	675840	9223372036854771712	0	172658688
300	766984192	9223372036854771712	0	1493118976	9223372036854771712	0	557056	9223372036854771712	0	630784	9223372036854771712	0	184680448
301	775856128	9223372036854771712	0	1492852736	9223372036854771712	0	552960	9223372036854771712	0	618496	9223372036854771712	0	183709696
302	782610432	9223372036854771712	0	1493266432	9223372036854771712	0	823296	9223372036854771712	0	614400	9223372036854771712	0	182050816
303	787300352	9223372036854771712	0	1493708800	9223372036854771712	0	782336	9223372036854771712	0	614400	9223372036854771712	0	184373248
304	795398144	9223372036854771712	0	1494966272	9223372036854771712	0	774144	9223372036854771712	0	614400	9223372036854771712	0	174706688
305	812802048	9223372036854771712	0	1494740992	9223372036854771712	0	737280	9223372036854771712	0	614400	9223372036854771712	0	159649792
306	803835904	9223372036854771712	0	1494806528	9223372036854771712	0	671744	9223372036854771712	0	614400	9223372036854771712	0	168370176
307	800374784	9223372036854771712	0	1494892544	9223372036854771712	0	819200	9223372036854771712	0	614400	9223372036854771712	0	175874048
308	798916608	9223372036854771712	0	1494638592	9223372036854771712	0	704512	9223372036854771712	0	614400	9223372036854771712	0	180797440
309	801259520	9223372036854771712	0	1495736320	9223372036854771712	0	696320	9223372036854771712	0	614400	9223372036854771712	0	182288384
310	798285824	9223372036854771712	0	1496895488	9223372036854771712	0	634880	9223372036854771712	0	614400	9223372036854771712	0	185225216
311	804147200	9223372036854771712	0	1498439680	9223372036854771712	0	598016	9223372036854771712	0	614400	9223372036854771712	0	180080640
312	796024832	9223372036854771712	0	1498456064	9223372036854771712	0	679936	9223372036854771712	0	839680	9223372036854771712	0	178069504
313	801632256	9223372036854771712	0	1489371136	9223372036854771712	0	1167360	9223372036854771712	0	679936	9223372036854771712	0	173887488
314	798613504	9223372036854771712	0	1507016704	9223372036854771712	0	835584	9223372036854771712	0	610304	9223372036854771712	0	166920192
315	784711680	9223372036854771712	0	1493774336	9223372036854771712	0	618496	9223372036854771712	0	1245184	9223372036854771712	0	178958336
316	777867264	9223372036854771712	0	1511972864	9223372036854771712	0	593920	9223372036854771712	0	950272	9223372036854771712	0	139784192
317	770719744	9223372036854771712	0	1508450304	9223372036854771712	0	593920	9223372036854771712	0	1146880	9223372036854771712	0	139137024
318	761315328	9223372036854771712	0	1503264768	9223372036854771712	0	593920	9223372036854771712	0	1142784	9223372036854771712	0	138964992
319	751915008	9223372036854771712	0	1507827712	9223372036854771712	0	593920	9223372036854771712	0	1138688	9223372036854771712	0	140623872
320	739557376	9223372036854771712	0	1511346176	9223372036854771712	0	593920	9223372036854771712	0	991232	9223372036854771712	0	158470144
321	739905536	9223372036854771712	0	1516150784	9223372036854771712	0	593920	9223372036854771712	0	950272	9223372036854771712	0	176414720
322	655794176	9223372036854771712	0	1477128192	9223372036854771712	0	778240	9223372036854771712	0	757760	9223372036854771712	0	158646272
323	433852416	9223372036854771712	0	1371353088	9223372036854771712	0	606208	9223372036854771712	0	647168	9223372036854771712	0	166653952
324	414523392	9223372036854771712	0	1369866240	9223372036854771712	0	598016	9223372036854771712	0	647168	9223372036854771712	0	181796864
325	415625216	9223372036854771712	0	1374236672	9223372036854771712	0	598016	9223372036854771712	0	647168	9223372036854771712	0	155656192
326	363757568	9223372036854771712	0	1367339008	9223372036854771712	0	585728	9223372036854771712	0	749568	9223372036854771712	0	203968512
327	344084480	9223372036854771712	0	1383436288	9223372036854771712	0	585728	9223372036854771712	0	720896	9223372036854771712	0	163323904
328	329527296	9223372036854771712	0	1382387712	9223372036854771712	0	581632	9223372036854771712	0	663552	9223372036854771712	0	171565056
329	328749056	9223372036854771712	0	1390059520	9223372036854771712	0	581632	9223372036854771712	0	651264	9223372036854771712	0	176517120
330	338903040	9223372036854771712	0	1389936640	9223372036854771712	0	897024	9223372036854771712	0	643072	9223372036854771712	0	182554624
331	324694016	9223372036854771712	0	1386782720	9223372036854771712	0	741376	9223372036854771712	0	638976	9223372036854771712	0	178855936
332	321699840	9223372036854771712	0	1401438208	9223372036854771712	0	671744	9223372036854771712	0	638976	9223372036854771712	0	164311040
333	325775360	9223372036854771712	0	1398669312	9223372036854771712	0	606208	9223372036854771712	0	638976	9223372036854771712	0	174919680
334	333619200	9223372036854771712	0	1406889984	9223372036854771712	0	598016	9223372036854771712	0	638976	9223372036854771712	0	170070016
335	329510912	9223372036854771712	0	1407205376	9223372036854771712	0	598016	9223372036854771712	0	638976	9223372036854771712	0	176455680
336	341254144	9223372036854771712	0	1401769984	9223372036854771712	0	589824	9223372036854771712	0	806912	9223372036854771712	0	183451648
337	352804864	9223372036854771712	0	1403953152	9223372036854771712	0	585728	9223372036854771712	0	724992	9223372036854771712	0	174305280
338	365940736	9223372036854771712	0	1401425920	9223372036854771712	0	581632	9223372036854771712	0	675840	9223372036854771712	0	175378432
339	373903360	9223372036854771712	0	1399775232	9223372036854771712	0	577536	9223372036854771712	0	647168	9223372036854771712	0	176140288
340	381935616	9223372036854771712	0	1399435264	9223372036854771712	0	868352	9223372036854771712	0	647168	9223372036854771712	0	178606080
341	397107200	9223372036854771712	0	1400287232	9223372036854771712	0	786432	9223372036854771712	0	643072	9223372036854771712	0	162381824
342	395526144	9223372036854771712	0	1396473856	9223372036854771712	0	622592	9223372036854771712	0	638976	9223372036854771712	0	178417664
343	395644928	9223372036854771712	0	1401090048	9223372036854771712	0	622592	9223372036854771712	0	638976	9223372036854771712	0	172670976
344	381665280	9223372036854771712	0	1400565760	9223372036854771712	0	589824	9223372036854771712	0	864256	9223372036854771712	0	185909248
345	388988928	9223372036854771712	0	1404456960	9223372036854771712	0	589824	9223372036854771712	0	864256	9223372036854771712	0	167632896
346	371818496	9223372036854771712	0	1402941440	9223372036854771712	0	581632	9223372036854771712	0	700416	9223372036854771712	0	193024000
347	375758848	9223372036854771712	0	1415499776	9223372036854771712	0	581632	9223372036854771712	0	700416	9223372036854771712	0	174014464
348	385847296	9223372036854771712	0	1408454656	9223372036854771712	0	925696	9223372036854771712	0	671744	9223372036854771712	0	170815488
349	381333504	9223372036854771712	0	1397952512	9223372036854771712	0	724992	9223372036854771712	0	638976	9223372036854771712	0	180486144
350	371425280	9223372036854771712	0	1394855936	9223372036854771712	0	884736	9223372036854771712	0	638976	9223372036854771712	0	171454464
351	370348032	9223372036854771712	0	1392898048	9223372036854771712	0	1048576	9223372036854771712	0	638976	9223372036854771712	0	173379584
352	378486784	9223372036854771712	0	1389928448	9223372036854771712	0	847872	9223372036854771712	0	638976	9223372036854771712	0	173400064
353	373530624	9223372036854771712	0	1399332864	9223372036854771712	0	958464	9223372036854771712	0	638976	9223372036854771712	0	177082368
354	375250944	9223372036854771712	0	1401212928	9223372036854771712	0	868352	9223372036854771712	0	868352	9223372036854771712	0	158334976
355	373399552	9223372036854771712	0	1387376640	9223372036854771712	0	749568	9223372036854771712	0	643072	9223372036854771712	0	181841920
356	379056128	9223372036854771712	0	1388974080	9223372036854771712	0	1089536	9223372036854771712	0	638976	9223372036854771712	0	176660480
357	381628416	9223372036854771712	0	1389117440	9223372036854771712	0	782336	9223372036854771712	0	638976	9223372036854771712	0	175120384
358	388644864	9223372036854771712	0	1391857664	9223372036854771712	0	897024	9223372036854771712	0	638976	9223372036854771712	0	175587328
359	385667072	9223372036854771712	0	1376346112	9223372036854771712	0	704512	9223372036854771712	0	638976	9223372036854771712	0	176615424
360	389038080	9223372036854771712	0	1376829440	9223372036854771712	0	614400	9223372036854771712	0	638976	9223372036854771712	0	158269440
361	381505536	9223372036854771712	0	1369833472	9223372036854771712	0	585728	9223372036854771712	0	638976	9223372036854771712	0	176570368
362	375525376	9223372036854771712	0	1360949248	9223372036854771712	0	585728	9223372036854771712	0	1359872	9223372036854771712	0	163536896
363	259592192	9223372036854771712	0	1236471808	9223372036854771712	0	585728	9223372036854771712	0	1200128	9223372036854771712	0	149217280
364	127586304	9223372036854771712	0	1084817408	9223372036854771712	0	585728	9223372036854771712	0	688128	9223372036854771712	0	189124608
365	126849024	9223372036854771712	0	1087279104	9223372036854771712	0	815104	9223372036854771712	0	688128	9223372036854771712	0	181129216
366	131358720	9223372036854771712	0	1090375680	9223372036854771712	0	770048	9223372036854771712	0	684032	9223372036854771712	0	172285952
367	146489344	9223372036854771712	0	1070985216	9223372036854771712	0	675840	9223372036854771712	0	679936	9223372036854771712	0	158216192
368	151224320	9223372036854771712	0	1012133888	9223372036854771712	0	606208	9223372036854771712	0	671744	9223372036854771712	0	202469376
369	160919552	9223372036854771712	0	1020338176	9223372036854771712	0	606208	9223372036854771712	0	671744	9223372036854771712	0	177717248
370	162373632	9223372036854771712	0	983764992	9223372036854771712	0	598016	9223372036854771712	0	671744	9223372036854771712	0	220405760
371	168886272	9223372036854771712	0	978522112	9223372036854771712	0	593920	9223372036854771712	0	1019904	9223372036854771712	0	204173312
372	184078336	9223372036854771712	0	984080384	9223372036854771712	0	593920	9223372036854771712	0	1019904	9223372036854771712	0	178847744
373	198397952	9223372036854771712	0	989065216	9223372036854771712	0	593920	9223372036854771712	0	1019904	9223372036854771712	0	157843456
374	203120640	9223372036854771712	0	990109696	9223372036854771712	0	589824	9223372036854771712	0	876544	9223372036854771712	0	166514688
375	207962112	9223372036854771712	0	971694080	9223372036854771712	0	790528	9223372036854771712	0	819200	9223372036854771712	0	191987712
376	222855168	9223372036854771712	0	977010688	9223372036854771712	0	790528	9223372036854771712	0	819200	9223372036854771712	0	167493632
377	230326272	9223372036854771712	0	978071552	9223372036854771712	0	712704	9223372036854771712	0	733184	9223372036854771712	0	168173568
378	232148992	9223372036854771712	0	947216384	9223372036854771712	0	647168	9223372036854771712	0	696320	9223372036854771712	0	203296768
379	248078336	9223372036854771712	0	952131584	9223372036854771712	0	647168	9223372036854771712	0	696320	9223372036854771712	0	176443392
380	260620288	9223372036854771712	0	956837888	9223372036854771712	0	647168	9223372036854771712	0	696320	9223372036854771712	0	158203904
381	254820352	9223372036854771712	0	950558720	9223372036854771712	0	598016	9223372036854771712	0	847872	9223372036854771712	0	178282496
382	265572352	9223372036854771712	0	946655232	9223372036854771712	0	598016	9223372036854771712	0	847872	9223372036854771712	0	167153664
383	271376384	9223372036854771712	0	936472576	9223372036854771712	0	589824	9223372036854771712	0	831488	9223372036854771712	0	172470272
384	279859200	9223372036854771712	0	929558528	9223372036854771712	0	589824	9223372036854771712	0	786432	9223372036854771712	0	174313472
385	286355456	9223372036854771712	0	932143104	9223372036854771712	0	753664	9223372036854771712	0	737280	9223372036854771712	0	175210496
386	294289408	9223372036854771712	0	914628608	9223372036854771712	0	741376	9223372036854771712	0	708608	9223372036854771712	0	192487424
387	305205248	9223372036854771712	0	911548416	9223372036854771712	0	712704	9223372036854771712	0	700416	9223372036854771712	0	175734784
388	305922048	9223372036854771712	0	906350592	9223372036854771712	0	659456	9223372036854771712	0	696320	9223372036854771712	0	176902144
389	306712576	9223372036854771712	0	888193024	9223372036854771712	0	622592	9223372036854771712	0	696320	9223372036854771712	0	184274944
390	313049088	9223372036854771712	0	865443840	9223372036854771712	0	610304	9223372036854771712	0	692224	9223372036854771712	0	194035712
391	310345728	9223372036854771712	0	874135552	9223372036854771712	0	593920	9223372036854771712	0	823296	9223372036854771712	0	183271424
392	308109312	9223372036854771712	0	882278400	9223372036854771712	0	589824	9223372036854771712	0	741376	9223372036854771712	0	172826624
393	309608448	9223372036854771712	0	889257984	9223372036854771712	0	589824	9223372036854771712	0	679936	9223372036854771712	0	177852416
394	314335232	9223372036854771712	0	897396736	9223372036854771712	0	806912	9223372036854771712	0	675840	9223372036854771712	0	160800768
395	313266176	9223372036854771712	0	882880512	9223372036854771712	0	974848	9223372036854771712	0	667648	9223372036854771712	0	142368768
396	302964736	9223372036854771712	0	758546432	9223372036854771712	0	700416	9223372036854771712	0	684032	9223372036854771712	0	152428544
397	184410112	9223372036854771712	0	550653952	9223372036854771712	0	602112	9223372036854771712	0	684032	9223372036854771712	0	174067712
398	168525824	9223372036854771712	0	527892480	9223372036854771712	0	602112	9223372036854771712	0	684032	9223372036854771712	0	213024768
399	151748608	9223372036854771712	0	539111424	9223372036854771712	0	598016	9223372036854771712	0	684032	9223372036854771712	0	156966912
400	120774656	9223372036854771712	0	547524608	9223372036854771712	0	593920	9223372036854771712	0	917504	9223372036854771712	0	160055296
401	122929152	9223372036854771712	0	554762240	9223372036854771712	0	593920	9223372036854771712	0	851968	9223372036854771712	0	175054848
402	126398464	9223372036854771712	0	561795072	9223372036854771712	0	589824	9223372036854771712	0	876544	9223372036854771712	0	170881024
403	130207744	9223372036854771712	0	564801536	9223372036854771712	0	589824	9223372036854771712	0	823296	9223372036854771712	0	171380736
404	125382656	9223372036854771712	0	570871808	9223372036854771712	0	659456	9223372036854771712	0	749568	9223372036854771712	0	179179520
405	133373952	9223372036854771712	0	580427776	9223372036854771712	0	602112	9223372036854771712	0	724992	9223372036854771712	0	174051328
406	142315520	9223372036854771712	0	589279232	9223372036854771712	0	585728	9223372036854771712	0	712704	9223372036854771712	0	165978112
407	145715200	9223372036854771712	0	590442496	9223372036854771712	0	585728	9223372036854771712	0	696320	9223372036854771712	0	174260224
408	153481216	9223372036854771712	0	596869120	9223372036854771712	0	585728	9223372036854771712	0	688128	9223372036854771712	0	167280640
409	158937088	9223372036854771712	0	601669632	9223372036854771712	0	585728	9223372036854771712	0	688128	9223372036854771712	0	169902080
410	160219136	9223372036854771712	0	593440768	9223372036854771712	0	581632	9223372036854771712	0	1462272	9223372036854771712	0	156262400
411	154775552	9223372036854771712	0	595193856	9223372036854771712	0	581632	9223372036854771712	0	905216	9223372036854771712	0	178413568
412	157597696	9223372036854771712	0	587894784	9223372036854771712	0	581632	9223372036854771712	0	978944	9223372036854771712	0	159203328
413	165265408	9223372036854771712	0	582656000	9223372036854771712	0	581632	9223372036854771712	0	868352	9223372036854771712	0	157999104
414	168988672	9223372036854771712	0	573612032	9223372036854771712	0	622592	9223372036854771712	0	753664	9223372036854771712	0	176500736
415	177418240	9223372036854771712	0	576176128	9223372036854771712	0	602112	9223372036854771712	0	733184	9223372036854771712	0	169582592
416	184217600	9223372036854771712	0	563937280	9223372036854771712	0	581632	9223372036854771712	0	729088	9223372036854771712	0	156999680
417	182697984	9223372036854771712	0	564862976	9223372036854771712	0	581632	9223372036854771712	0	729088	9223372036854771712	0	175632384
418	187211776	9223372036854771712	0	560779264	9223372036854771712	0	581632	9223372036854771712	0	729088	9223372036854771712	0	177471488
419	191229952	9223372036854771712	0	558305280	9223372036854771712	0	581632	9223372036854771712	0	729088	9223372036854771712	0	177311744
420	191705088	9223372036854771712	0	555257856	9223372036854771712	0	581632	9223372036854771712	0	716800	9223372036854771712	0	178597888
421	198746112	9223372036854771712	0	559259648	9223372036854771712	0	577536	9223372036854771712	0	753664	9223372036854771712	0	171913216
422	197238784	9223372036854771712	0	548818944	9223372036854771712	0	577536	9223372036854771712	0	729088	9223372036854771712	0	173322240
423	195874816	9223372036854771712	0	546250752	9223372036854771712	0	901120	9223372036854771712	0	847872	9223372036854771712	0	170684416
424	196907008	9223372036854771712	0	540401664	9223372036854771712	0	741376	9223372036854771712	0	724992	9223372036854771712	0	177786880
425	197730304	9223372036854771712	0	539750400	9223372036854771712	0	696320	9223372036854771712	0	724992	9223372036854771712	0	173096960
426	188116992	9223372036854771712	0	534925312	9223372036854771712	0	1015808	9223372036854771712	0	757760	9223372036854771712	0	178364416
427	178839552	9223372036854771712	0	533725184	9223372036854771712	0	974848	9223372036854771712	0	962560	9223372036854771712	0	177500160
428	166391808	9223372036854771712	0	529997824	9223372036854771712	0	704512	9223372036854771712	0	811008	9223372036854771712	0	173969408
429	167047168	9223372036854771712	0	531083264	9223372036854771712	0	602112	9223372036854771712	0	970752	9223372036854771712	0	175788032
430	155271168	9223372036854771712	0	532754432	9223372036854771712	0	602112	9223372036854771712	0	942080	9223372036854771712	0	696967168
431	161210368	9223372036854771712	0	539971584	9223372036854771712	0	602112	9223372036854771712	0	942080	9223372036854771712	0	1995546624
432	167075840	9223372036854771712	0	547696640	9223372036854771712	0	602112	9223372036854771712	0	942080	9223372036854771712	0	3445706752
433	169541632	9223372036854771712	0	551497728	9223372036854771712	0	954368	9223372036854771712	0	942080	9223372036854771712	0	5296947200
434	176934912	9223372036854771712	0	560513024	9223372036854771712	0	954368	9223372036854771712	0	942080	9223372036854771712	0	6897332224
435	186220544	9223372036854771712	0	571465728	9223372036854771712	0	954368	9223372036854771712	0	942080	9223372036854771712	0	7059136512
436	191504384	9223372036854771712	0	581120000	9223372036854771712	0	954368	9223372036854771712	0	942080	9223372036854771712	0	7041290240
437	191430656	9223372036854771712	0	595140608	9223372036854771712	0	954368	9223372036854771712	0	942080	9223372036854771712	0	7024652288
438	191594496	9223372036854771712	0	607830016	9223372036854771712	0	954368	9223372036854771712	0	942080	9223372036854771712	0	7008874496
439	191594496	9223372036854771712	0	621133824	9223372036854771712	0	954368	9223372036854771712	0	942080	9223372036854771712	0	6991785984
440	191594496	9223372036854771712	0	634617856	9223372036854771712	0	954368	9223372036854771712	0	942080	9223372036854771712	0	6976315392
441	191594496	9223372036854771712	0	648577024	9223372036854771712	0	954368	9223372036854771712	0	942080	9223372036854771712	0	6958391296
442	191594496	9223372036854771712	0	662380544	9223372036854771712	0	954368	9223372036854771712	0	942080	9223372036854771712	0	6942769152
443	191594496	9223372036854771712	0	675700736	9223372036854771712	0	954368	9223372036854771712	0	942080	9223372036854771712	0	6926262272
444	191594496	9223372036854771712	0	690692096	9223372036854771712	0	954368	9223372036854771712	0	942080	9223372036854771712	0	6907039744
445	191594496	9223372036854771712	0	705708032	9223372036854771712	0	954368	9223372036854771712	0	942080	9223372036854771712	0	6889750528
446	191594496	9223372036854771712	0	720965632	9223372036854771712	0	954368	9223372036854771712	0	942080	9223372036854771712	0	6870462464
447	191594496	9223372036854771712	0	736235520	9223372036854771712	0	954368	9223372036854771712	0	942080	9223372036854771712	0	6848933888
448	191692800	9223372036854771712	0	751697920	9223372036854771712	0	954368	9223372036854771712	0	942080	9223372036854771712	0	6828740608
449	191602688	9223372036854771712	0	767979520	9223372036854771712	0	954368	9223372036854771712	0	942080	9223372036854771712	0	6809280512
450	191602688	9223372036854771712	0	773902336	9223372036854771712	0	954368	9223372036854771712	0	942080	9223372036854771712	0	6801993728
451	191602688	9223372036854771712	0	774217728	9223372036854771712	0	954368	9223372036854771712	0	942080	9223372036854771712	0	6801485824
452	191602688	9223372036854771712	0	774152192	9223372036854771712	0	954368	9223372036854771712	0	942080	9223372036854771712	0	6800629760
453	191602688	9223372036854771712	0	774152192	9223372036854771712	0	954368	9223372036854771712	0	942080	9223372036854771712	0	6800121856
454	191676416	9223372036854771712	0	774152192	9223372036854771712	0	954368	9223372036854771712	0	942080	9223372036854771712	0	6800433152
455	191676416	9223372036854771712	0	774152192	9223372036854771712	0	954368	9223372036854771712	0	942080	9223372036854771712	0	6800179200
456	191676416	9223372036854771712	0	774283264	9223372036854771712	0	954368	9223372036854771712	0	942080	9223372036854771712	0	6800908288
457	191676416	9223372036854771712	0	774156288	9223372036854771712	0	954368	9223372036854771712	0	942080	9223372036854771712	0	6800273408
458	191676416	9223372036854771712	0	774156288	9223372036854771712	0	954368	9223372036854771712	0	942080	9223372036854771712	0	6799224832
459	191676416	9223372036854771712	0	774156288	9223372036854771712	0	954368	9223372036854771712	0	942080	9223372036854771712	0	6798495744
460	191799296	9223372036854771712	0	774262784	9223372036854771712	0	954368	9223372036854771712	0	942080	9223372036854771712	0	6798622720
461	191795200	9223372036854771712	0	774275072	9223372036854771712	0	954368	9223372036854771712	0	942080	9223372036854771712	0	6787461120
462	201273344	9223372036854771712	0	774275072	9223372036854771712	0	954368	9223372036854771712	0	942080	9223372036854771712	0	6768619520
463	213213184	9223372036854771712	0	774275072	9223372036854771712	0	954368	9223372036854771712	0	942080	9223372036854771712	0	6753284096
464	225693696	9223372036854771712	0	774156288	9223372036854771712	0	954368	9223372036854771712	0	942080	9223372036854771712	0	6739456000
465	238833664	9223372036854771712	0	774156288	9223372036854771712	0	954368	9223372036854771712	0	942080	9223372036854771712	0	6723629056
466	252071936	9223372036854771712	0	774275072	9223372036854771712	0	954368	9223372036854771712	0	942080	9223372036854771712	0	6707421184
467	262934528	9223372036854771712	0	774275072	9223372036854771712	0	954368	9223372036854771712	0	942080	9223372036854771712	0	6681735168
468	271785984	9223372036854771712	0	774156288	9223372036854771712	0	954368	9223372036854771712	0	942080	9223372036854771712	0	6671687680
469	283795456	9223372036854771712	0	774156288	9223372036854771712	0	954368	9223372036854771712	0	942080	9223372036854771712	0	6658621440
470	296361984	9223372036854771712	0	774156288	9223372036854771712	0	954368	9223372036854771712	0	942080	9223372036854771712	0	6643687424
471	309116928	9223372036854771712	0	774254592	9223372036854771712	0	954368	9223372036854771712	0	942080	9223372036854771712	0	6628605952
472	0	9223372036854771712	0	774156288	9223372036854771712	0	954368	9223372036854771712	0	942080	9223372036854771712	0	6866657280
473	0	9223372036854771712	0	777768960	9223372036854771712	0	954368	9223372036854771712	0	942080	9223372036854771712	0	6835179520
474	0	9223372036854771712	0	791371776	9223372036854771712	0	954368	9223372036854771712	0	942080	9223372036854771712	0	6810816512
475	0	9223372036854771712	0	808128512	9223372036854771712	0	954368	9223372036854771712	0	942080	9223372036854771712	0	6790148096
476	0	9223372036854771712	0	825597952	9223372036854771712	0	954368	9223372036854771712	0	942080	9223372036854771712	0	6769582080
477	0	9223372036854771712	0	844365824	9223372036854771712	0	954368	9223372036854771712	0	942080	9223372036854771712	0	6748651520
478	0	9223372036854771712	0	863760384	9223372036854771712	0	954368	9223372036854771712	0	942080	9223372036854771712	0	6728093696
479	0	9223372036854771712	0	883474432	9223372036854771712	0	954368	9223372036854771712	0	942080	9223372036854771712	0	6708068352
480	0	9223372036854771712	0	903659520	9223372036854771712	0	954368	9223372036854771712	0	942080	9223372036854771712	0	6687186944
481	0	9223372036854771712	0	922796032	9223372036854771712	0	954368	9223372036854771712	0	942080	9223372036854771712	0	6666412032
482	0	9223372036854771712	0	942194688	9223372036854771712	0	954368	9223372036854771712	0	942080	9223372036854771712	0	6645243904
483	0	9223372036854771712	0	0	9223372036854771712	0	2871296	9223372036854771712	0	942080	9223372036854771712	0	7356981248
