1	1436733440	536870912	0	2731499520	1073741824	0	1794990080	536870912	0	3115012096	1073741824	0	3012493312
2	1436733440	536870912	0	2731499520	1073741824	0	1795121152	536870912	0	3115012096	1073741824	0	3012984832
3	1436852224	536870912	0	2731499520	1073741824	0	1795006464	536870912	0	3257884672	1073741824	0	2866159616
4	1436864512	536870912	0	2731679744	1073741824	0	1795006464	536870912	0	3837771776	1073741824	0	2285400064
5	1436872704	536870912	0	2732367872	1073741824	0	1795006464	536870912	0	4294942720	1073741824	0	1827766272
6	1461301248	536870912	0	2754764800	1073741824	0	1795006464	536870912	0	4294942720	1073741824	0	1781497856
7	1493106688	536870912	0	2789576704	1073741824	0	1795006464	536870912	0	4294950912	1073741824	0	1713762304
8	1493184512	536870912	0	2789748736	1073741824	0	1795006464	536870912	0	4294860800	1073741824	0	1712680960
9	1493348352	536870912	0	2790248448	1073741824	0	1795006464	536870912	0	4294942720	1073741824	0	1710768128
10	1493590016	536870912	0	2790383616	1073741824	0	1795006464	536870912	0	4294959104	1073741824	0	1709686784
11	1493798912	536870912	0	2790658048	1073741824	0	1983250432	536870912	0	4294811648	1073741824	0	1518444544
12	1494044672	536870912	0	2791026688	1073741824	0	2147360768	536870912	0	4294942720	1073741824	0	1354723328
13	1494286336	536870912	0	2791399424	1073741824	0	2147323904	536870912	0	4294955008	1073741824	0	1353019392
14	1494581248	536870912	0	2791813120	1073741824	0	2147467264	536870912	0	4294959104	1073741824	0	1354727424
15	1494888448	536870912	0	2792157184	1073741824	0	2147438592	536870912	0	4294942720	1073741824	0	1353695232
16	1495240704	536870912	0	2792509440	1073741824	0	2147471360	536870912	0	4294811648	1073741824	0	1353662464
17	1495601152	536870912	0	2792902656	1073741824	0	2147352576	536870912	0	4294942720	1073741824	0	1353244672
18	1496047616	536870912	0	2793218048	1073741824	0	2147352576	536870912	0	4294946816	1073741824	0	1344405504
19	1496383488	536870912	0	2793586688	1073741824	0	2147229696	536870912	0	4294950912	1073741824	0	1343856640
20	1496727552	536870912	0	2793971712	1073741824	0	2147381248	536870912	0	4294955008	1073741824	0	1342214144
21	1497075712	536870912	0	2794352640	1073741824	0	2147397632	536870912	0	4294955008	1073741824	0	1341288448
22	1497518080	536870912	0	2794770432	1073741824	0	2147250176	536870912	0	4294819840	1073741824	0	1339113472
23	1497829376	536870912	0	2795286528	1073741824	0	2147463168	536870912	0	4294963200	1073741824	0	1338880000
24	1498234880	536870912	0	2795794432	1073741824	0	2147430400	536870912	0	4294823936	1073741824	0	1330176000
25	1545551872	536870912	0	2796163072	1073741824	0	2147254272	536870912	0	4294963200	1073741824	0	1283047424
26	1586651136	536870912	0	2796830720	1073741824	0	2147422208	536870912	0	4294963200	1073741824	0	1240748032
27	1587142656	536870912	0	2797408256	1073741824	0	2147397632	536870912	0	4294938624	1073741824	0	1239801856
28	1587683328	536870912	0	2798026752	1073741824	0	2147426304	536870912	0	4294967296	1073741824	0	1238183936
29	1588039680	536870912	0	2799296512	1073741824	0	2147360768	536870912	0	4294967296	1073741824	0	1236488192
30	1588387840	536870912	0	2799874048	1073741824	0	2147381248	536870912	0	4294967296	1073741824	0	1235021824
31	1588965376	536870912	0	2800742400	1073741824	0	2147438592	536870912	0	4294905856	1073741824	0	1233858560
32	1589592064	536870912	0	2801795072	1073741824	0	2147385344	536870912	0	4294860800	1073741824	0	1232297984
33	1590095872	536870912	0	2803064832	1073741824	0	2147463168	536870912	0	4294897664	1073741824	0	1231212544
34	1590874112	536870912	0	2804371456	1073741824	0	2147426304	536870912	0	4294893568	1073741824	0	1229115392
35	1591525376	536870912	0	2805420032	1073741824	0	2147401728	536870912	0	4294844416	1073741824	0	1226633216
36	1592238080	536870912	0	2806452224	1073741824	0	2147430400	536870912	0	4294950912	1073741824	0	1217556480
37	1593044992	536870912	0	2808713216	1073741824	0	2147409920	536870912	0	4294934528	1073741824	0	1215025152
38	1593909248	536870912	0	2810748928	1073741824	0	1769435136	536870912	0	4294803456	1073741824	0	1590276096
39	1595047936	536870912	0	2812940288	1073741824	0	1769435136	536870912	0	4294942720	1073741824	0	1587462144
40	1595899904	536870912	0	2815311872	1073741824	0	1769435136	536870912	0	4294811648	1073741824	0	1584263168
41	1596706816	536870912	0	2818048000	1073741824	0	1769435136	536870912	0	4294963200	1073741824	0	1578717184
42	1597562880	536870912	0	2902810624	1073741824	0	1769435136	536870912	0	4294823936	1073741824	0	1495953408
43	1598590976	536870912	0	2991636480	1073741824	0	1769435136	536870912	0	4294955008	1073741824	0	1405186048
44	1599311872	536870912	0	3068481536	1073741824	0	1769435136	536870912	0	4294823936	1073741824	0	1324654592
45	1600221184	536870912	0	3127656448	1073741824	0	1769435136	536870912	0	4294963200	1073741824	0	1262608384
46	1601433600	536870912	0	3128463360	1073741824	0	1769435136	536870912	0	4294828032	1073741824	0	1259819008
47	1602396160	536870912	0	3129368576	1073741824	0	1769435136	536870912	0	4294750208	1073741824	0	1258876928
48	1603108864	536870912	0	3130155008	1073741824	0	1771532288	536870912	0	4294832128	1073741824	0	1253527552
49	1603993600	536870912	0	3131211776	1073741824	0	1771532288	536870912	0	4294967296	1073741824	0	1252413440
50	1604661248	536870912	0	3132354560	1073741824	0	1771532288	536870912	0	4294836224	1073741824	0	1251418112
51	1605611520	536870912	0	3133198336	1073741824	0	1771532288	536870912	0	4294967296	1073741824	0	1248997376
52	1606602752	536870912	0	3134029824	1073741824	0	1771532288	536870912	0	3131252736	1073741824	0	2415177728
53	1607680000	536870912	0	3135533056	1073741824	0	1771532288	536870912	0	3131252736	1073741824	0	2413805568
54	1608736768	536870912	0	3136598016	1073741824	0	1771532288	536870912	0	3131252736	1073741824	0	2411028480
55	1609940992	536870912	0	3137613824	1073741824	0	1771532288	536870912	0	3131252736	1073741824	0	2407272448
56	1611022336	536870912	0	3138793472	1073741824	0	1771532288	536870912	0	3131252736	1073741824	0	2406313984
57	1612042240	536870912	0	3139842048	1073741824	0	1771532288	536870912	0	3131252736	1073741824	0	2403540992
58	1613332480	536870912	0	3140935680	1073741824	0	1771532288	536870912	0	3131252736	1073741824	0	2400436224
59	1614524416	536870912	0	3141971968	1073741824	0	1771532288	536870912	0	3131252736	1073741824	0	2398019584
60	1615691776	536870912	0	3142991872	1073741824	0	1771532288	536870912	0	3131252736	1073741824	0	2395967488
61	1616769024	536870912	0	3144081408	1073741824	0	1771532288	536870912	0	3131252736	1073741824	0	2392358912
62	1617969152	536870912	0	3145109504	1073741824	0	1771532288	536870912	0	3131252736	1073741824	0	2390396928
63	1618919424	536870912	0	3146010624	1073741824	0	1771532288	536870912	0	3131252736	1073741824	0	2388541440
64	1620111360	536870912	0	3147063296	1073741824	0	1771532288	536870912	0	3131252736	1073741824	0	2386464768
65	1620951040	536870912	0	3148500992	1073741824	0	1771532288	536870912	0	3131252736	1073741824	0	2383663104
66	1622069248	536870912	0	3150221312	1073741824	0	1771532288	536870912	0	3131252736	1073741824	0	2381922304
67	1623273472	536870912	0	3152039936	1073741824	0	1771532288	536870912	0	3131252736	1073741824	0	2378153984
68	1624088576	536870912	0	3153481728	1073741824	0	1771532288	536870912	0	3131252736	1073741824	0	2376048640
69	1624850432	536870912	0	3154948096	1073741824	0	1771532288	536870912	0	3131252736	1073741824	0	2372833280
70	1633652736	536870912	0	3156369408	1073741824	0	1771532288	536870912	0	3131252736	1073741824	0	2363498496
71	1634394112	536870912	0	3157848064	1073741824	0	1771532288	536870912	0	3131252736	1073741824	0	2360057856
72	1635500032	536870912	0	3159617536	1073741824	0	1771532288	536870912	0	3131252736	1073741824	0	2357665792
73	1636704256	536870912	0	3161382912	1073741824	0	1771532288	536870912	0	3131252736	1073741824	0	2353737728
74	1637732352	536870912	0	3162791936	1073741824	0	1771532288	536870912	0	3131252736	1073741824	0	2351570944
75	1638846464	536870912	0	3164434432	1073741824	0	1771532288	536870912	0	3131252736	1073741824	0	2349547520
76	1639981056	536870912	0	3165880320	1073741824	0	1771532288	536870912	0	3131252736	1073741824	0	2347266048
77	1645117440	536870912	0	3167408128	1073741824	0	1771532288	536870912	0	3131252736	1073741824	0	2340036608
78	1656381440	536870912	0	3168686080	1073741824	0	1771532288	536870912	0	3131252736	1073741824	0	2327810048
79	1661579264	536870912	0	3169812480	1073741824	0	1771532288	536870912	0	3131252736	1073741824	0	2320412672
80	1672114176	536870912	0	3171713024	1073741824	0	1771532288	536870912	0	3131252736	1073741824	0	2307002368
81	1677029376	536870912	0	3173289984	1073741824	0	1771532288	536870912	0	3131252736	1073741824	0	2299592704
82	1687871488	536870912	0	3174973440	1073741824	0	1771532288	536870912	0	3131252736	1073741824	0	2288783360
83	1692024832	536870912	0	3176591360	1073741824	0	1771532288	536870912	0	3131252736	1073741824	0	2281697280
84	1714552832	536870912	0	3177689088	1073741824	0	1771532288	536870912	0	3131252736	1073741824	0	2258563072
85	1718898688	536870912	0	3179417600	1073741824	0	1771532288	536870912	0	3131252736	1073741824	0	2251345920
86	1719943168	536870912	0	3180544000	1073741824	0	1771532288	536870912	0	3131252736	1073741824	0	2248343552
87	1720897536	536870912	0	3181776896	1073741824	0	1771532288	536870912	0	3131252736	1073741824	0	2246410240
88	1788428288	536870912	0	3183800320	1073741824	0	1771532288	536870912	0	3131252736	1073741824	0	2174230528
89	1890623488	536870912	0	3185680384	1073741824	0	1771532288	536870912	0	3131252736	1073741824	0	2068312064
90	2012667904	536870912	0	3186610176	1073741824	0	1771532288	536870912	0	3131252736	1073741824	0	1942315008
91	2031329280	536870912	0	3187576832	1073741824	0	1771532288	536870912	0	3131252736	1073741824	0	1920520192
92	2032472064	536870912	0	3188805632	1073741824	0	1771532288	536870912	0	3131252736	1073741824	0	1917292544
93	2033397760	536870912	0	3190104064	1073741824	0	1771532288	536870912	0	3131252736	1073741824	0	1916030976
94	2034204672	536870912	0	3191189504	1073741824	0	1771532288	536870912	0	3131252736	1073741824	0	1912537088
95	2035265536	536870912	0	3192668160	1073741824	0	1771532288	536870912	0	3131252736	1073741824	0	1911369728
96	2036301824	536870912	0	3194019840	1073741824	0	1771532288	536870912	0	3131252736	1073741824	0	1909133312
97	2037428224	536870912	0	3195527168	1073741824	0	1771532288	536870912	0	3131252736	1073741824	0	1907445760
98	2038403072	536870912	0	3196989440	1073741824	0	1996115968	536870912	0	3131252736	1073741824	0	1679077376
99	2039500800	536870912	0	3212726272	1073741824	0	2147426304	536870912	0	3131252736	1073741824	0	1511071744
100	2040541184	536870912	0	3225673728	1073741824	0	2147393536	536870912	0	3131252736	1073741824	0	1488678912
101	2041831424	536870912	0	3229499392	1073741824	0	2147454976	536870912	0	3131252736	1073741824	0	1483075584
102	2042847232	536870912	0	3242328064	1073741824	0	2147311616	536870912	0	3131252736	1073741824	0	1468493824
103	2044043264	536870912	0	3256549376	1073741824	0	2147450880	536870912	0	3131252736	1073741824	0	1452937216
104	2045292544	536870912	0	3272761344	1073741824	0	2147467264	536870912	0	3133349888	1073741824	0	1432608768
105	2046246912	536870912	0	3288141824	1073741824	0	2147471360	536870912	0	3133300736	1073741824	0	1415614464
106	2047139840	536870912	0	3299385344	1073741824	0	2147479552	536870912	0	3133284352	1073741824	0	1402859520
107	2047635456	536870912	0	3307716608	1073741824	0	2147352576	536870912	0	3133251584	1073741824	0	1393274880
108	2048491520	536870912	0	3312566272	1073741824	0	2147454976	536870912	0	3132882944	1073741824	0	1388433408
109	2049744896	536870912	0	3329568768	1073741824	0	2147463168	536870912	0	3132882944	1073741824	0	1369907200
110	2050940928	536870912	0	3344130048	1073741824	0	2147360768	536870912	0	3132882944	1073741824	0	1354137600
111	2052251648	536870912	0	3356459008	1073741824	0	2147422208	536870912	0	3132882944	1073741824	0	1340178432
112	2053693440	536870912	0	3392237568	1073741824	0	2147479552	536870912	0	3421093888	1073741824	0	1009987584
113	2055356416	536870912	0	3475980288	1073741824	0	2147438592	536870912	0	3642966016	1073741824	0	698507264
114	2056425472	536870912	0	3569594368	1073741824	0	2147463168	536870912	0	3814342656	1073741824	0	422604800
115	2057613312	536870912	0	3655651328	1073741824	0	2147459072	536870912	0	3975708672	1073741824	0	171667456
116	2052673536	536870912	0	3647881216	1073741824	0	2147475456	536870912	0	4024541184	1073741824	6751518720	162029568
117	2050932736	536870912	0	3630022656	1073741824	648806400	2147463168	536870912	0	4032503808	1073741824	14841483264	187494400
118	2039832576	536870912	0	3608743936	1073741824	648806400	2147467264	536870912	0	4112850944	1073741824	15700733952	178028544
119	2055008256	536870912	0	3595845632	1073741824	1284636672	2147418112	536870912	0	4142247936	1073741824	20498329600	150765568
120	2045476864	536870912	383516672	3570950144	1073741824	2556297216	2147450880	536870912	0	4139126784	1073741824	21173481472	188817408
121	2046529536	536870912	383516672	3572068352	1073741824	2556297216	2147479552	536870912	0	4148756480	1073741824	21173481472	177897472
122	2047651840	536870912	383516672	3573477376	1073741824	2556297216	2147368960	536870912	0	4160212992	1073741824	21173481472	164171776
123	2048798720	536870912	383516672	3574820864	1073741824	2556297216	2147450880	536870912	0	4172955648	1073741824	21173481472	139444224
124	2049773568	536870912	383516672	3575615488	1073741824	2556297216	2147229696	536870912	0	4174815232	1073741824	21848633344	139796480
125	2054127616	536870912	383516672	3576774656	1073741824	2556297216	2147225600	536870912	0	4170817536	1073741824	22523785216	139251712
126	2053189632	536870912	383516672	3548901376	1073741824	3815112704	2147434496	536870912	0	4150325248	1073741824	24804519936	191168512
127	2054623232	536870912	383516672	3549978624	1073741824	3815112704	2147471360	536870912	0	4175835136	1073741824	25353117696	163581952
128	2054815744	536870912	383516672	3549458432	1073741824	3815112704	2147381248	536870912	0	4158533632	1073741824	27391119360	183537664
129	2056114176	536870912	383516672	3550220288	1073741824	3815112704	2147409920	536870912	0	4177162240	1073741824	27391119360	163094528
130	2056323072	536870912	383516672	3537358848	1073741824	4438097920	1620885504	536870912	0	4160036864	1073741824	29325795328	720175104
131	2057392128	536870912	383516672	3434086400	1073741824	4438097920	1707470848	536870912	0	4178358272	1073741824	29325795328	720052224
132	2058563584	536870912	383516672	3435495424	1073741824	4438097920	1736691712	536870912	0	4214726656	1073741824	29325795328	650969088
133	2063806464	536870912	383516672	3437158400	1073741824	4438097920	1768148992	536870912	0	4251619328	1073741824	29325795328	575180800
134	2065825792	536870912	383516672	3438886912	1073741824	4438097920	1800511488	536870912	0	4287647744	1073741824	29325795328	504135680
135	2072694784	536870912	383516672	3440775168	1073741824	4438097920	1831378944	536870912	0	4294950912	1073741824	29325795328	456077312
136	2073944064	536870912	383516672	3451273216	1073741824	4438097920	1863622656	536870912	0	4294955008	1073741824	29325795328	410128384
137	2075164672	536870912	383516672	3455401984	1073741824	4438097920	1894817792	536870912	0	4294967296	1073741824	29325795328	374628352
138	2076479488	536870912	383516672	3457642496	1073741824	4438097920	1929158656	536870912	0	4294914048	1073741824	29325795328	335450112
139	2077945856	536870912	383516672	3461677056	1073741824	4438097920	1964167168	536870912	0	4294889472	1073741824	29325795328	293208064
140	2078810112	536870912	383516672	3465715712	1073741824	4438097920	1997459456	536870912	0	4294963200	1073741824	29325795328	253829120
141	2079797248	536870912	383516672	3466379264	1073741824	4438097920	2031165440	536870912	0	4294967296	1073741824	29325795328	216731648
142	2081390592	536870912	383516672	3467321344	1073741824	4438097920	2067734528	536870912	0	4294930432	1073741824	29325795328	175144960
143	2085158912	536870912	383516672	3454267392	1073741824	5048369152	2102149120	536870912	0	4258787328	1073741824	31325364224	188407808
144	2086416384	536870912	383516672	3414466560	1073741824	6832447488	2127593472	536870912	0	4285669376	1073741824	32000516096	178950144
145	2087821312	536870912	383516672	3415060480	1073741824	6832447488	2140045312	536870912	0	4294905856	1073741824	32000516096	144908288
146	2089410560	536870912	383516672	3401515008	1073741824	7418085376	2147471360	536870912	0	4294967296	1073741824	32675667968	149544960
147	2090426368	536870912	383516672	3401703424	1073741824	7418085376	2147471360	536870912	0	4294914048	1073741824	32675667968	147152896
148	2091884544	536870912	383516672	3402526720	1073741824	7418085376	2147467264	536870912	0	4294766592	1073741824	32675667968	145707008
149	2092957696	536870912	383516672	3403943936	1073741824	7418085376	2147471360	536870912	0	4294885376	1073741824	32675667968	142831616
150	2094592000	536870912	383516672	3405500416	1073741824	7418085376	2147368960	536870912	0	4294918144	1073741824	32675667968	139472896
151	2095505408	536870912	383516672	3381665792	1073741824	8588558336	2126618624	536870912	807665664	4294967296	1073741824	33965146112	174514176
152	2097397760	536870912	383516672	3382767616	1073741824	8588558336	2126618624	536870912	807665664	2972573696	1073741824	33965146112	1496883200
153	2100785152	536870912	383516672	3383541760	1073741824	8588558336	2126618624	536870912	807665664	2994257920	1073741824	33965146112	1471565824
154	2102386688	536870912	383516672	3398492160	1073741824	8588558336	2126618624	536870912	807665664	3023413248	1073741824	33965146112	1427378176
155	2108747776	536870912	383516672	3400228864	1073741824	8588558336	2060832768	536870912	807665664	3052216320	1073741824	33965146112	1458384896
156	2122678272	536870912	383516672	3404828672	1073741824	8588558336	2060832768	536870912	807665664	3075948544	1073741824	33965146112	1415737344
157	2147401728	536870912	383516672	3410403328	1073741824	8588558336	2060832768	536870912	807665664	3094298624	1073741824	33965146112	1363496960
158	2147434496	536870912	383516672	3413938176	1073741824	8588558336	2060832768	536870912	807665664	3109474304	1073741824	33965146112	1344405504
159	2147442688	536870912	383516672	3418341376	1073741824	8588558336	2060832768	536870912	807665664	3134664704	1073741824	33965146112	1316343808
160	2147479552	536870912	383516672	3418382336	1073741824	8588558336	2060832768	536870912	807665664	3163672576	1073741824	33965146112	1284542464
161	2043670528	536870912	383516672	3419906048	1073741824	8588558336	2060832768	536870912	807665664	3192496128	1073741824	33965146112	1359597568
162	2044760064	536870912	383516672	3421745152	1073741824	8588558336	2060832768	536870912	807665664	3218145280	1073741824	33965146112	1330601984
163	2045751296	536870912	383516672	3422502912	1073741824	8588558336	2060832768	536870912	807665664	3230666752	1073741824	33965146112	1317638144
164	2047270912	536870912	383516672	3423715328	1073741824	8588558336	2060832768	536870912	807665664	3241979904	1073741824	33965146112	1301614592
165	2048839680	536870912	383516672	3424169984	1073741824	8588558336	2060832768	536870912	807665664	3254755328	1073741824	33965146112	1286111232
166	2050232320	536870912	383516672	3425513472	1073741824	8588558336	2060832768	536870912	807665664	3274878976	1073741824	33965146112	1263026176
167	2051493888	536870912	383516672	3427139584	1073741824	8588558336	2060832768	536870912	807665664	3303817216	1073741824	33965146112	1230106624
168	2052808704	536870912	383516672	3428712448	1073741824	8588558336	2060832768	536870912	807665664	3331301376	1073741824	33965146112	1198886912
169	2054021120	536870912	383516672	3429826560	1073741824	8588558336	2060832768	536870912	807665664	3362365440	1073741824	33965146112	1164500992
170	2055299072	536870912	383516672	3433099264	1073741824	8588558336	2060832768	536870912	807665664	3393822720	1073741824	33965146112	1128042496
171	2056699904	536870912	383516672	3444510720	1073741824	8588558336	2060832768	536870912	807665664	3426590720	1073741824	33965146112	1081651200
172	2057859072	536870912	383516672	3447865344	1073741824	8588558336	2060832768	536870912	807665664	3459883008	1073741824	33965146112	1043021824
173	2059014144	536870912	383516672	3451744256	1073741824	8588558336	2060832768	536870912	807665664	3492651008	1073741824	33965146112	1003048960
174	2060300288	536870912	383516672	3454377984	1073741824	8588558336	2060832768	536870912	807665664	3526074368	1073741824	33965146112	964571136
175	2061639680	536870912	383516672	3458486272	1073741824	8588558336	2060832768	536870912	807665664	3560546304	1073741824	33965146112	924749824
176	2062757888	536870912	383516672	3459817472	1073741824	8588558336	2060832768	536870912	807665664	3595542528	1073741824	33965146112	884297728
177	2064203776	536870912	383516672	3461337088	1073741824	8588558336	2060832768	536870912	807665664	3626999808	1073741824	33965146112	850288640
178	2065276928	536870912	383516672	3463000064	1073741824	8588558336	2060832768	536870912	807665664	3659636736	1073741824	33965146112	813297664
179	2068635648	536870912	383516672	3464450048	1073741824	8588558336	2060832768	536870912	807665664	3692404736	1073741824	33965146112	772001792
180	2073362432	536870912	383516672	3465998336	1073741824	8588558336	2060832768	536870912	807665664	3725697024	1073741824	33965146112	732151808
181	2077999104	536870912	383516672	3467472896	1073741824	8588558336	2060832768	536870912	807665664	3758452736	1073741824	33965146112	694157312
182	2079260672	536870912	383516672	3474444288	1073741824	8588558336	2060832768	536870912	807665664	3790348288	1073741824	33965146112	653856768
183	2080280576	536870912	383516672	3477319680	1073741824	8588558336	2060832768	536870912	807665664	3811897344	1073741824	33965146112	626143232
184	2081787904	536870912	383516672	3481116672	1073741824	8588558336	2060832768	536870912	807665664	3832807424	1073741824	33965146112	599134208
185	2083266560	536870912	383516672	3484123136	1073741824	8588558336	2060832768	536870912	807665664	3861970944	1073741824	33965146112	563339264
186	2084110336	536870912	383516672	3485257728	1073741824	8588558336	2060832768	536870912	807665664	3876024320	1073741824	33965146112	548560896
187	2084831232	536870912	383516672	3485843456	1073741824	8588558336	2060832768	536870912	807665664	3896958976	1073741824	33965146112	525258752
188	2086539264	536870912	383516672	3487662080	1073741824	8588558336	2060832768	536870912	807665664	3919011840	1073741824	33965146112	498745344
189	2088022016	536870912	383516672	3491856384	1073741824	8588558336	2060832768	536870912	807665664	3945074688	1073741824	33965146112	464998400
190	2089549824	536870912	383516672	3497734144	1073741824	8588558336	2060832768	536870912	807665664	3972608000	1073741824	33965146112	430415872
191	2096652288	536870912	383516672	3499708416	1073741824	8588558336	2060832768	536870912	807665664	4000477184	1073741824	33965146112	392785920
192	2098163712	536870912	383516672	3501174784	1073741824	8588558336	2060832768	536870912	807665664	4029796352	1073741824	33965146112	359968768
193	2099732480	536870912	383516672	3502604288	1073741824	8588558336	2060832768	536870912	807665664	4060557312	1073741824	33965146112	325365760
194	2101370880	536870912	383516672	3510693888	1073741824	8588558336	2060832768	536870912	807665664	4090597376	1073741824	33965146112	285753344
195	2102546432	536870912	383516672	3561459712	1073741824	8588558336	2060832768	536870912	807665664	4110913536	1073741824	33965146112	209600512
196	2103099392	536870912	383516672	3621371904	1073741824	8588558336	2060558336	536870912	807665664	4057096192	1073741824	36665753600	203456512
197	2104107008	536870912	383516672	3639410688	1073741824	8588558336	2060558336	536870912	807665664	4057096192	1073741824	36665753600	181870592
198	2105495552	536870912	383516672	3640725504	1073741824	8588558336	2060558336	536870912	807665664	4057096192	1073741824	36665753600	180371456
199	2109243392	536870912	383516672	3641925632	1073741824	8588558336	2060558336	536870912	807665664	4057096192	1073741824	36665753600	176148480
200	2110611456	536870912	383516672	3643133952	1073741824	8588558336	2060558336	536870912	807665664	4057096192	1073741824	36665753600	174252032
201	2112122880	536870912	383516672	3644395520	1073741824	8588558336	2060558336	536870912	807665664	4057096192	1073741824	36665753600	171577344
202	2113228800	536870912	383516672	3645562880	1073741824	8588558336	2060558336	536870912	807665664	3953717248	1073741824	36665753600	275509248
203	2114703360	536870912	383516672	3646951424	1073741824	8588558336	2060558336	536870912	807665664	3953717248	1073741824	36665753600	273838080
204	2116747264	536870912	383516672	3648331776	1073741824	8588558336	2060558336	536870912	807665664	3953717248	1073741824	36665753600	268636160
205	2118262784	536870912	383516672	3649671168	1073741824	8588558336	2060558336	536870912	807665664	3953717248	1073741824	36665753600	261451776
206	2119741440	536870912	383516672	3651121152	1073741824	8588558336	2060558336	536870912	807665664	3953717248	1073741824	36665753600	264552448
207	2120957952	536870912	383516672	3652395008	1073741824	8588558336	2060558336	536870912	807665664	3953717248	1073741824	36665753600	260669440
208	2122313728	536870912	383516672	3653689344	1073741824	8588558336	2060558336	536870912	807665664	3953717248	1073741824	36665753600	258326528
209	2123603968	536870912	383516672	3654963200	1073741824	8588558336	2060558336	536870912	807665664	3953717248	1073741824	36665753600	256598016
210	2124832768	536870912	383516672	3656142848	1073741824	8588558336	2060558336	536870912	807665664	3953717248	1073741824	36665753600	253825024
211	2126479360	536870912	383516672	3657261056	1073741824	8588558336	2060558336	536870912	807665664	3953717248	1073741824	36665753600	251432960
212	2128064512	536870912	383516672	3658846208	1073741824	8588558336	2060558336	536870912	807665664	3953717248	1073741824	36665753600	246697984
213	2129289216	536870912	383516672	3660255232	1073741824	8588558336	2060558336	536870912	807665664	3953717248	1073741824	36665753600	244264960
214	2130841600	536870912	383516672	3661434880	1073741824	8588558336	2060558336	536870912	807665664	3953717248	1073741824	36665753600	240648192
215	2132205568	536870912	383516672	3671867392	1073741824	8588558336	2060558336	536870912	807665664	3953717248	1073741824	36665753600	229928960
216	2133614592	536870912	383516672	3682938880	1073741824	8588558336	2060558336	536870912	807665664	3953717248	1073741824	36665753600	215453696
217	2134568960	536870912	383516672	3686805504	1073741824	8588558336	2060558336	536870912	807665664	3953717248	1073741824	36665753600	210550784
218	2135748608	536870912	383516672	3690151936	1073741824	8588558336	2060558336	536870912	807665664	3953717248	1073741824	36665753600	206991360
219	2137112576	536870912	383516672	3693531136	1073741824	8588558336	2060558336	536870912	807665664	3953717248	1073741824	36665753600	199077888
220	2138525696	536870912	383516672	3696312320	1073741824	8588558336	2060558336	536870912	807665664	3953717248	1073741824	36665753600	198557696
221	2139799552	536870912	383516672	3699924992	1073741824	8588558336	2060558336	536870912	807665664	3953717248	1073741824	36665753600	192618496
222	2141188096	536870912	383516672	3704008704	1073741824	8588558336	2060558336	536870912	807665664	3953717248	1073741824	36665753600	187392000
223	2147475456	536870912	383516672	3706073088	1073741824	8588558336	2060558336	536870912	807665664	3953717248	1073741824	36665753600	178458624
224	2147323904	536870912	383516672	3706949632	1073741824	8588558336	2060558336	536870912	807665664	3953717248	1073741824	36665753600	176910336
225	2147434496	536870912	383516672	3708358656	1073741824	8588558336	2060558336	536870912	807665664	3953717248	1073741824	36665753600	175276032
226	2147434496	536870912	383516672	3709702144	1073741824	8588558336	2060558336	536870912	807665664	3953717248	1073741824	36665753600	175136768
227	2043580416	536870912	383516672	3711119360	1073741824	8588558336	2060558336	536870912	807665664	3953717248	1073741824	36665753600	277385216
228	2044796928	536870912	383516672	3712290816	1073741824	8588558336	2060558336	536870912	807665664	3953717248	1073741824	36665753600	274083840
229	2046754816	536870912	383516672	3713536000	1073741824	8588558336	2060558336	536870912	807665664	3953717248	1073741824	36665753600	271093760
230	2048819200	536870912	383516672	3714678784	1073741824	8588558336	2060558336	536870912	807665664	3953717248	1073741824	36665753600	267558912
231	2051362816	536870912	383516672	3716186112	1073741824	8588558336	2060558336	536870912	807665664	3953717248	1073741824	36665753600	264314880
232	2053791744	536870912	383516672	3717435392	1073741824	8588558336	2060558336	536870912	807665664	3953717248	1073741824	36665753600	259825664
233	2056048640	536870912	383516672	3724685312	1073741824	8588558336	2060558336	536870912	807665664	3953717248	1073741824	36665753600	252186624
234	2058354688	536870912	383516672	3733368832	1073741824	8588558336	2060558336	536870912	807665664	3953717248	1073741824	36665753600	240644096
235	2060709888	536870912	383516672	3737034752	1073741824	8588558336	2060558336	536870912	807665664	3953717248	1073741824	36665753600	234827776
236	2062929920	536870912	383516672	3741065216	1073741824	8588558336	2060558336	536870912	807665664	3953717248	1073741824	36665753600	228274176
237	2065608704	536870912	383516672	3745349632	1073741824	8588558336	2060558336	536870912	807665664	3953717248	1073741824	36665753600	221552640
238	2067910656	536870912	383516672	3748712448	1073741824	8588558336	2060558336	536870912	807665664	3953717248	1073741824	36665753600	215228416
239	2070401024	536870912	383516672	3750117376	1073741824	8588558336	2060558336	536870912	807665664	3953717248	1073741824	36665753600	210903040
240	2072961024	536870912	383516672	3751497728	1073741824	8588558336	2060558336	536870912	807665664	3953717248	1073741824	36665753600	206786560
241	2075410432	536870912	383516672	3752968192	1073741824	8588558336	2060558336	536870912	807665664	3953717248	1073741824	36665753600	201998336
242	2077794304	536870912	383516672	3754389504	1073741824	8588558336	2060558336	536870912	807665664	3953717248	1073741824	36665753600	197988352
243	2080251904	536870912	383516672	3755765760	1073741824	8588558336	2060558336	536870912	807665664	3953717248	1073741824	36665753600	194142208
244	2085466112	536870912	383516672	3757199360	1073741824	8588558336	2060558336	536870912	807665664	3953717248	1073741824	36665753600	186998784
245	2087026688	536870912	383516672	3758272512	1073741824	8588558336	2060558336	536870912	807665664	3953717248	1073741824	36665753600	184262656
246	2088525824	536870912	383516672	3766677504	1073741824	8588558336	2060558336	536870912	807665664	3953717248	1073741824	36665753600	174702592
247	2089938944	536870912	383516672	3770830848	1073741824	8588558336	2060558336	536870912	807665664	3953717248	1073741824	36665753600	169603072
248	2091343872	536870912	383516672	3773706240	1073741824	8588558336	2060558336	536870912	807665664	3953717248	1073741824	36665753600	165064704
249	2092969984	536870912	383516672	3776036864	1073741824	8588558336	2060558336	536870912	807665664	3953717248	1073741824	36665753600	159948800
250	2094055424	536870912	383516672	3778347008	1073741824	8588558336	1621069824	536870912	807665664	3926949888	1073741824	38016057344	627335168
251	2095263744	536870912	383516672	3779600384	1073741824	8588558336	1621069824	536870912	807665664	3926949888	1073741824	38016057344	624390144
252	2096721920	536870912	383516672	3780980736	1073741824	8588558336	1621069824	536870912	807665664	3926949888	1073741824	38016057344	622424064
253	2101428224	536870912	383516672	3782037504	1073741824	8588558336	1621069824	536870912	807665664	3926949888	1073741824	38016057344	616796160
254	2101932032	536870912	383516672	3782848512	1073741824	8588558336	1621069824	536870912	807665664	3926949888	1073741824	38016057344	614371328
255	2103324672	536870912	383516672	3783991296	1073741824	8588558336	1621069824	536870912	807665664	3926949888	1073741824	38016057344	612487168
256	2104713216	536870912	383516672	3784855552	1073741824	8588558336	1621069824	536870912	807665664	3926949888	1073741824	38016057344	609558528
257	2106003456	536870912	383516672	3790602240	1073741824	8588558336	1621069824	536870912	807665664	3926949888	1073741824	38016057344	604364800
258	2107322368	536870912	383516672	3794702336	1073741824	8588558336	1621069824	536870912	807665664	3926949888	1073741824	38016057344	599449600
259	2108690432	536870912	383516672	3796574208	1073741824	8588558336	1621069824	536870912	807665664	3926949888	1073741824	38016057344	596123648
260	2109661184	536870912	383516672	3797651456	1073741824	8588558336	1621069824	536870912	807665664	3926949888	1073741824	38016057344	593444864
261	2111188992	536870912	383516672	3799101440	1073741824	8588558336	1621069824	536870912	807665664	3926949888	1073741824	38016057344	590733312
262	2113028096	536870912	383516672	3800633344	1073741824	8588558336	1621069824	536870912	807665664	3926949888	1073741824	38016057344	586457088
263	2118594560	536870912	383516672	3805306880	1073741824	8588558336	1621069824	536870912	807665664	3926949888	1073741824	38016057344	576339968
264	2120069120	536870912	383516672	3808772096	1073741824	8588558336	1621069824	536870912	807665664	3926949888	1073741824	38016057344	571572224
265	2121461760	536870912	383516672	3810725888	1073741824	8588558336	1621069824	536870912	807665664	3926949888	1073741824	38016057344	566317056
266	2123059200	536870912	383516672	3812683776	1073741824	8588558336	1621069824	536870912	807665664	3926949888	1073741824	38016057344	562921472
267	2124079104	536870912	383516672	3813777408	1073741824	8588558336	1621069824	536870912	807665664	3926949888	1073741824	38016057344	561188864
268	2125541376	536870912	383516672	3815251968	1073741824	8588558336	1621069824	536870912	807665664	3926949888	1073741824	38016057344	558501888
269	2126983168	536870912	383516672	3816636416	1073741824	8588558336	1621069824	536870912	807665664	3926949888	1073741824	38016057344	555151360
270	2128474112	536870912	383516672	3818119168	1073741824	8588558336	1621069824	536870912	807665664	3926949888	1073741824	38016057344	553283584
271	2129883136	536870912	383516672	3714916352	1073741824	8588558336	1621069824	536870912	807665664	3926949888	1073741824	38016057344	655286272
272	2133676032	536870912	383516672	3716116480	1073741824	8588558336	1621069824	536870912	807665664	3926949888	1073741824	38016057344	650178560
273	2135957504	536870912	383516672	3717554176	1073741824	8588558336	1621069824	536870912	807665664	3926949888	1073741824	38016057344	646909952
274	2137280512	536870912	383516672	3718709248	1073741824	8588558336	1621069824	536870912	807665664	3926949888	1073741824	38016057344	644464640
275	2138689536	536870912	383516672	3719917568	1073741824	8588558336	1621069824	536870912	807665664	3926949888	1073741824	38016057344	640929792
276	2140004352	536870912	383516672	3721334784	1073741824	8588558336	1621069824	536870912	807665664	3926949888	1073741824	38016057344	638517248
277	2141343744	536870912	383516672	3722539008	1073741824	8588558336	1621069824	536870912	807665664	3926949888	1073741824	38016057344	634810368
278	2142842880	536870912	383516672	3723874304	1073741824	8588558336	1621069824	536870912	807665664	3926949888	1073741824	38016057344	632999936
279	2144296960	536870912	383516672	3725303808	1073741824	8588558336	1621069824	536870912	807665664	3926949888	1073741824	38016057344	630878208
280	2145619968	536870912	383516672	3726680064	1073741824	8588558336	1621069824	536870912	807665664	3926949888	1073741824	38016057344	626380800
281	2146988032	536870912	383516672	3728506880	1073741824	8588558336	1621069824	536870912	807665664	3926949888	1073741824	38016057344	622845952
282	2147459072	536870912	383516672	3731845120	1073741824	8588558336	1621069824	536870912	807665664	3926949888	1073741824	38016057344	619274240
283	2147442688	536870912	383516672	3736854528	1073741824	8588558336	1621069824	536870912	807665664	3926949888	1073741824	38016057344	615100416
284	2147422208	536870912	383516672	3738189824	1073741824	8588558336	1621069824	536870912	807665664	3926949888	1073741824	38016057344	612306944
285	2147483648	536870912	383516672	3739324416	1073741824	8588558336	1621069824	536870912	807665664	3926949888	1073741824	38016057344	611491840
286	2147463168	536870912	383516672	3740340224	1073741824	8588558336	1621069824	536870912	807665664	3926949888	1073741824	38016057344	609845248
287	2147348480	536870912	383516672	3741663232	1073741824	8588558336	1621069824	536870912	807665664	3926949888	1073741824	38016057344	609124352
288	2147397632	536870912	383516672	3743756288	1073741824	8588558336	1621069824	536870912	807665664	3926949888	1073741824	38016057344	607457280
289	2147434496	536870912	383516672	3746148352	1073741824	8588558336	1621069824	536870912	807665664	3926949888	1073741824	38016057344	604483584
290	2147364864	536870912	383516672	3748687872	1073741824	8588558336	1621069824	536870912	807665664	3926949888	1073741824	38016057344	602619904
291	2147434496	536870912	383516672	3750424576	1073741824	8588558336	1621069824	536870912	807665664	3926949888	1073741824	38016057344	600088576
292	2147434496	536870912	383516672	3751825408	1073741824	8588558336	1621069824	536870912	807665664	3926949888	1073741824	38016057344	598753280
293	2043052032	536870912	383516672	3753111552	1073741824	8588558336	1621069824	536870912	807665664	3926949888	1073741824	38016057344	701505536
294	2044338176	536870912	383516672	3754278912	1073741824	8588558336	1621069824	536870912	807665664	3926949888	1073741824	38016057344	700026880
295	2045493248	536870912	383516672	3755130880	1073741824	8588558336	1621069824	536870912	807665664	3926949888	1073741824	38016057344	696774656
296	2047459328	536870912	383516672	3756486656	1073741824	8588558336	1621069824	536870912	807665664	3926949888	1073741824	38016057344	694923264
297	2049855488	536870912	383516672	3757785088	1073741824	8588558336	1621069824	536870912	807665664	3926949888	1073741824	38016057344	690388992
298	2051997696	536870912	383516672	3759267840	1073741824	8588558336	1621069824	536870912	807665664	3926949888	1073741824	38016057344	687149056
299	2054471680	536870912	383516672	3760668672	1073741824	8588558336	1621069824	536870912	807665664	3926949888	1073741824	38016057344	682897408
300	2056806400	536870912	383516672	3761815552	1073741824	8588558336	1621069824	536870912	807665664	3926949888	1073741824	38016057344	679677952
301	2059231232	536870912	383516672	3763281920	1073741824	8588558336	1621069824	536870912	807665664	3926949888	1073741824	38016057344	676278272
302	2061676544	536870912	383516672	3764744192	1073741824	8588558336	1621069824	536870912	807665664	3926949888	1073741824	38016057344	671567872
303	2064523264	536870912	383516672	3767484416	1073741824	8588558336	1621069824	536870912	807665664	3926949888	1073741824	38016057344	666091520
304	2066825216	536870912	383516672	3771719680	1073741824	8588558336	1621069824	536870912	807665664	3926949888	1073741824	38016057344	658518016
305	2069237760	536870912	383516672	3773743104	1073741824	8588558336	1621069824	536870912	807665664	3926949888	1073741824	38016057344	655261696
306	2071670784	536870912	383516672	3775987712	1073741824	8588558336	1621069824	536870912	807665664	3926949888	1073741824	38016057344	649936896
307	2073817088	536870912	383516672	3778510848	1073741824	8588558336	1621069824	536870912	807665664	3926949888	1073741824	38016057344	645750784
308	2075877376	536870912	383516672	3780857856	1073741824	8588558336	1621069824	536870912	807665664	3926949888	1073741824	38016057344	640671744
309	2077831168	536870912	383516672	3782230016	1073741824	8588558336	1621069824	536870912	807665664	3926949888	1073741824	38016057344	637505536
310	2080014336	536870912	383516672	3783335936	1073741824	8588558336	1621069824	536870912	807665664	3926949888	1073741824	38016057344	629026816
311	2087747584	536870912	383516672	3784187904	1073741824	8588558336	1621069824	536870912	807665664	3926949888	1073741824	38016057344	621023232
312	2088353792	536870912	383516672	3785183232	1073741824	8588558336	1621069824	536870912	807665664	3926949888	1073741824	38016057344	617582592
313	2089476096	536870912	383516672	3785940992	1073741824	8588558336	1621069824	536870912	807665664	3926949888	1073741824	38016057344	615600128
314	2091110400	536870912	383516672	3786694656	1073741824	8588558336	1621069824	536870912	807665664	3926949888	1073741824	38016057344	613752832
315	2091851776	536870912	383516672	3787415552	1073741824	8588558336	1621069824	536870912	807665664	3926949888	1073741824	38016057344	612917248
316	2092773376	536870912	383516672	3788251136	1073741824	8588558336	1621069824	536870912	807665664	3926949888	1073741824	38016057344	609951744
317	2093654016	536870912	383516672	3789189120	1073741824	8588558336	1621069824	536870912	807665664	3926949888	1073741824	38016057344	608665600
318	2094956544	536870912	383516672	3790512128	1073741824	8588558336	1621069824	536870912	807665664	3926949888	1073741824	38016057344	594059264
319	2096410624	536870912	383516672	3791872000	1073741824	8588558336	1621069824	536870912	807665664	3926949888	1073741824	38016057344	592154624
320	2097696768	536870912	383516672	3793416192	1073741824	8588558336	1621069824	536870912	807665664	3926949888	1073741824	38016057344	579866624
321	2099093504	536870912	383516672	3797504000	1073741824	8588558336	1621069824	536870912	807665664	3926949888	1073741824	38016057344	571891712
322	2100654080	536870912	383516672	3799863296	1073741824	8588558336	1621069824	536870912	807665664	3926949888	1073741824	38016057344	563421184
323	2101927936	536870912	383516672	3801337856	1073741824	8588558336	1621069824	536870912	807665664	3926949888	1073741824	38016057344	559665152
324	2103283712	536870912	383516672	3802595328	1073741824	8588558336	1621069824	536870912	807665664	3926949888	1073741824	38016057344	555769856
325	2104569856	536870912	383516672	3804147712	1073741824	8588558336	1621069824	536870912	807665664	3926949888	1073741824	38016057344	552075264
326	2105196544	536870912	383516672	3805208576	1073741824	8588558336	1621069824	536870912	807665664	3926949888	1073741824	38016057344	551616512
327	2106490880	536870912	383516672	3806806016	1073741824	8588558336	1621069824	536870912	807665664	3926949888	1073741824	38016057344	548749312
328	2109411328	536870912	383516672	3808579584	1073741824	8588558336	1621069824	536870912	807665664	3926949888	1073741824	38016057344	544284672
329	2113753088	536870912	383516672	3809624064	1073741824	8588558336	1621069824	536870912	807665664	3926949888	1073741824	38016057344	537985024
330	2115248128	536870912	383516672	3810705408	1073741824	8588558336	1621069824	536870912	807665664	3926949888	1073741824	38016057344	475803648
331	2116386816	536870912	383516672	3811631104	1073741824	8588558336	1621069824	536870912	807665664	3926949888	1073741824	38016057344	473706496
332	2117554176	536870912	383516672	3815571456	1073741824	8588558336	1621069824	536870912	807665664	3926949888	1073741824	38016057344	527622144
333	2118750208	536870912	383516672	3818979328	1073741824	8588558336	1621069824	536870912	807665664	3926949888	1073741824	38016057344	523239424
334	2119344128	536870912	383516672	3819864064	1073741824	8588558336	1621069824	536870912	807665664	3926949888	1073741824	38016057344	521125888
335	2120216576	536870912	383516672	3820826624	1073741824	8588558336	1621069824	536870912	807665664	3926949888	1073741824	38016057344	527224832
336	2121416704	536870912	383516672	3821821952	1073741824	8588558336	1621069824	536870912	807665664	3926949888	1073741824	38016057344	524369920
337	2122567680	536870912	383516672	3823140864	1073741824	8588558336	1621069824	536870912	807665664	3926949888	1073741824	38016057344	533221376
338	2123710464	536870912	383516672	3810017280	1073741824	8588558336	1621069824	536870912	807665664	3926949888	1073741824	38016057344	543576064
339	2125111296	536870912	383516672	3720998912	1073741824	8588558336	1621069824	536870912	807665664	3926949888	1073741824	38016057344	634269696
340	2126458880	536870912	383516672	3722231808	1073741824	8588558336	1621069824	536870912	807665664	3926949888	1073741824	38016057344	631570432
341	2130243584	536870912	383516672	3723448320	1073741824	8588558336	1621069824	536870912	807665664	3926949888	1073741824	38016057344	627478528
342	2131333120	536870912	383516672	3724177408	1073741824	8588558336	1621069824	536870912	807665664	3926949888	1073741824	38016057344	632778752
343	2132353024	536870912	383516672	3725303808	1073741824	8588558336	1621069824	536870912	807665664	3926949888	1073741824	38016057344	629583872
344	2133729280	536870912	383516672	3726544896	1073741824	8588558336	1621069824	536870912	807665664	3926949888	1073741824	38016057344	626814976
345	2134999040	536870912	383516672	3727798272	1073741824	8588558336	1621069824	536870912	807665664	3926949888	1073741824	38016057344	624295936
346	2136215552	536870912	383516672	3728969728	1073741824	8588558336	1621069824	536870912	807665664	3926949888	1073741824	38016057344	620765184
347	2139033600	536870912	383516672	3730407424	1073741824	8588558336	1621069824	536870912	807665664	3926949888	1073741824	38016057344	617979904
348	2140090368	536870912	383516672	3731447808	1073741824	8588558336	1621069824	536870912	807665664	3926949888	1073741824	38016057344	613572608
349	2141376512	536870912	383516672	3732574208	1073741824	8588558336	1621069824	536870912	807665664	3926949888	1073741824	38016057344	611192832
350	2142371840	536870912	383516672	3733782528	1073741824	8588558336	1621069824	536870912	807665664	3926949888	1073741824	38016057344	609247232
351	2143555584	536870912	383516672	3735674880	1073741824	8588558336	1621069824	536870912	807665664	3926949888	1073741824	38016057344	607408128
352	2144751616	536870912	383516672	3737628672	1073741824	8588558336	1621069824	536870912	807665664	3926949888	1073741824	38016057344	602996736
353	2146164736	536870912	383516672	3739893760	1073741824	8588558336	1621069824	536870912	807665664	3926949888	1073741824	38016057344	599891968
354	2147454976	536870912	383516672	3742154752	1073741824	8588558336	1621069824	536870912	807665664	3926949888	1073741824	38016057344	596393984
355	2147442688	536870912	383516672	3745595392	1073741824	8588558336	1621069824	536870912	807665664	3926949888	1073741824	38016057344	592027648
356	2147393536	536870912	383516672	3747418112	1073741824	8588558336	1621069824	536870912	807665664	3926949888	1073741824	38016057344	589500416
357	2147434496	536870912	383516672	3747987456	1073741824	8588558336	1621069824	536870912	807665664	3926949888	1073741824	38016057344	588247040
358	2147401728	536870912	383516672	3749699584	1073741824	8588558336	1621069824	536870912	807665664	3926949888	1073741824	38016057344	586481664
359	2147434496	536870912	383516672	3750694912	1073741824	8588558336	1621069824	536870912	807665664	3926949888	1073741824	38016057344	585252864
360	2147434496	536870912	383516672	3752243200	1073741824	8588558336	1621069824	536870912	807665664	3926949888	1073741824	38016057344	582807552
361	2147467264	536870912	383516672	3753832448	1073741824	8588558336	1621069824	536870912	807665664	3926949888	1073741824	38016057344	581390336
362	2147471360	536870912	383516672	3755220992	1073741824	8588558336	1621069824	536870912	807665664	3926949888	1073741824	38016057344	581554176
363	2147463168	536870912	383516672	3756445696	1073741824	8588558336	1621069824	536870912	807665664	3926949888	1073741824	38016057344	580022272
364	2147479552	536870912	383516672	3757613056	1073741824	8588558336	1621069824	536870912	807665664	3926949888	1073741824	38016057344	577040384
365	2147434496	536870912	383516672	3758800896	1073741824	8588558336	1621069824	536870912	807665664	3926949888	1073741824	38016057344	577511424
366	2147434496	536870912	383516672	3759890432	1073741824	8588558336	1621069824	536870912	807665664	3926949888	1073741824	38016057344	576798720
367	2147434496	536870912	383516672	3761070080	1073741824	8588558336	1621069824	536870912	807665664	3926949888	1073741824	38016057344	575508480
368	2147446784	536870912	383516672	3762085888	1073741824	8588558336	1621069824	536870912	807665664	3926949888	1073741824	38016057344	572682240
369	2147401728	536870912	383516672	3763290112	1073741824	8588558336	1621069824	536870912	807665664	3926949888	1073741824	38016057344	571838464
370	2147434496	536870912	383516672	3764203520	1073741824	8588558336	1621069824	536870912	807665664	3926949888	1073741824	38016057344	570830848
371	2147434496	536870912	383516672	3765555200	1073741824	8588558336	1621069824	536870912	807665664	3926949888	1073741824	38016057344	568741888
372	2147442688	536870912	383516672	3766800384	1073741824	8588558336	1621069824	536870912	807665664	3926949888	1073741824	38016057344	569495552
373	2147434496	536870912	383516672	3767988224	1073741824	8588558336	1621069824	536870912	807665664	3926949888	1073741824	38016057344	566407168
374	2147373056	536870912	383516672	3769405440	1073741824	8588558336	1621069824	536870912	807665664	3926949888	1073741824	38016057344	564953088
375	2147450880	536870912	383516672	3770863616	1073741824	8588558336	1621069824	536870912	807665664	3926949888	1073741824	38016057344	563867648
376	2147483648	536870912	383516672	3771916288	1073741824	8588558336	1621069824	536870912	807665664	3926949888	1073741824	38016057344	563326976
377	2147438592	536870912	383516672	3774545920	1073741824	8588558336	1621069824	536870912	807665664	3926949888	1073741824	38016057344	560824320
378	2147463168	536870912	383516672	3776118784	1073741824	8588558336	1621069824	536870912	807665664	3926949888	1073741824	38016057344	558555136
379	2147479552	536870912	383516672	3777572864	1073741824	8588558336	1621069824	536870912	807665664	3926949888	1073741824	38016057344	557293568
380	2147479552	536870912	383516672	3778793472	1073741824	8588558336	1621069824	536870912	807665664	3926949888	1073741824	38016057344	555433984
381	2147434496	536870912	383516672	3780050944	1073741824	8588558336	1621069824	536870912	807665664	3926949888	1073741824	38016057344	554852352
382	2147454976	536870912	383516672	3781869568	1073741824	8588558336	1621069824	536870912	807665664	3926949888	1073741824	38016057344	551948288
383	2147442688	536870912	383516672	3783225344	1073741824	8588558336	1621069824	536870912	807665664	3926949888	1073741824	38016057344	550043648
384	2147414016	536870912	383516672	3784425472	1073741824	8588558336	1621069824	536870912	807665664	3926949888	1073741824	38016057344	548065280
385	2147434496	536870912	383516672	3785572352	1073741824	8588558336	1621069824	536870912	807665664	3926949888	1073741824	38016057344	547840000
386	2147364864	536870912	383516672	3786792960	1073741824	8588558336	1621069824	536870912	807665664	3926949888	1073741824	38016057344	546914304
387	2147405824	536870912	383516672	3788083200	1073741824	8588558336	1621069824	536870912	807665664	3926949888	1073741824	38016057344	544919552
388	2147467264	536870912	383516672	3789070336	1073741824	8588558336	1621069824	536870912	807665664	3926949888	1073741824	38016057344	543973376
389	2147442688	536870912	383516672	3790163968	1073741824	8588558336	1621069824	536870912	807665664	3926949888	1073741824	38016057344	538505216
390	2147418112	536870912	383516672	3791441920	1073741824	8588558336	1621069824	536870912	807665664	3926949888	1073741824	38016057344	537976832
391	2147467264	536870912	383516672	3792732160	1073741824	8588558336	1621069824	536870912	807665664	3926949888	1073741824	38016057344	537341952
392	2147438592	536870912	383516672	3793719296	1073741824	8588558336	1621069824	536870912	807665664	3926949888	1073741824	38016057344	535699456
393	2147471360	536870912	383516672	3794673664	1073741824	8588558336	1621069824	536870912	807665664	3926949888	1073741824	38016057344	534335488
394	2147438592	536870912	383516672	3795738624	1073741824	8588558336	1621069824	536870912	807665664	3926949888	1073741824	38016057344	534646784
395	2147438592	536870912	383516672	3797000192	1073741824	8588558336	1621069824	536870912	807665664	3926949888	1073741824	38016057344	531980288
396	2147409920	536870912	383516672	3799126016	1073741824	8588558336	1621069824	536870912	807665664	3926949888	1073741824	38016057344	529969152
397	2147373056	536870912	383516672	3800653824	1073741824	8588558336	1621069824	536870912	807665664	3926949888	1073741824	38016057344	528896000
398	2147442688	536870912	383516672	3802615808	1073741824	8588558336	1621069824	536870912	807665664	3926949888	1073741824	38016057344	527147008
399	2147373056	536870912	383516672	3803901952	1073741824	8588558336	1621069824	536870912	807665664	3926949888	1073741824	38016057344	526434304
400	2147418112	536870912	383516672	3806003200	1073741824	8588558336	1621069824	536870912	807665664	3926949888	1073741824	38016057344	520163328
401	2147393536	536870912	383516672	3807989760	1073741824	8588558336	1621069824	536870912	807665664	3926949888	1073741824	38016057344	519200768
402	2147356672	536870912	383516672	3808919552	1073741824	8588558336	1621069824	536870912	807665664	3926949888	1073741824	38016057344	519725056
403	2147467264	536870912	383516672	3809976320	1073741824	8588558336	1621069824	536870912	807665664	3926949888	1073741824	38016057344	517812224
404	2147258368	536870912	383516672	3811155968	1073741824	8588558336	1621069824	536870912	807665664	3926949888	1073741824	38016057344	516685824
405	2147409920	536870912	383516672	3812450304	1073741824	8588558336	1621069824	536870912	807665664	3926949888	1073741824	38016057344	515588096
406	2147438592	536870912	383516672	3799416832	1073741824	8588558336	1621069824	536870912	807665664	3926949888	1073741824	38016057344	528117760
407	2147483648	536870912	383516672	3710529536	1073741824	8588558336	1621069824	536870912	807665664	3926949888	1073741824	38016057344	618512384
408	2147450880	536870912	383516672	3711672320	1073741824	8588558336	1621069824	536870912	807665664	3926949888	1073741824	38016057344	616718336
409	2147352576	536870912	383516672	3712950272	1073741824	8588558336	1621069824	536870912	807665664	3926949888	1073741824	38016057344	615804928
410	2147438592	536870912	383516672	3714174976	1073741824	8588558336	1621069824	536870912	807665664	3926949888	1073741824	38016057344	614621184
411	2147241984	536870912	383516672	3715371008	1073741824	8588558336	1621069824	536870912	807665664	3926949888	1073741824	38016057344	612659200
412	2147418112	536870912	383516672	3716481024	1073741824	8588558336	1621069824	536870912	807665664	3926949888	1073741824	38016057344	611119104
413	2147483648	536870912	383516672	3717861376	1073741824	8588558336	1621069824	536870912	807665664	3926949888	1073741824	38016057344	611037184
414	2147356672	536870912	383516672	3719315456	1073741824	8588558336	1621069824	536870912	807665664	3926949888	1073741824	38016057344	608751616
415	2147315712	536870912	383516672	3720445952	1073741824	8588558336	1621069824	536870912	807665664	3926949888	1073741824	38016057344	608145408
416	2147438592	536870912	383516672	3721547776	1073741824	8588558336	1621069824	536870912	807665664	3926949888	1073741824	38016057344	606744576
417	2147438592	536870912	383516672	3722915840	1073741824	8588558336	1621069824	536870912	807665664	3926949888	1073741824	38016057344	606638080
418	2147483648	536870912	383516672	3724197888	1073741824	8588558336	1621069824	536870912	807665664	3926949888	1073741824	38016057344	603365376
419	2147266560	536870912	383516672	3725877248	1073741824	8588558336	1621069824	536870912	807665664	3926949888	1073741824	38016057344	602992640
420	2147459072	536870912	383516672	3727765504	1073741824	8588558336	1621069824	536870912	807665664	3926949888	1073741824	38016057344	601083904
421	2147438592	536870912	383516672	3729641472	1073741824	8588558336	1624608768	536870912	807665664	3926949888	1073741824	38016057344	591794176
422	2147323904	536870912	383516672	3731533824	1073741824	8588558336	1643409408	536870912	807665664	3926949888	1073741824	38016057344	570937344
423	2147438592	536870912	383516672	3733061632	1073741824	8588558336	1666338816	536870912	807665664	3926949888	1073741824	38016057344	548163584
424	2147409920	536870912	383516672	3734499328	1073741824	8588558336	1691189248	536870912	807665664	3926949888	1073741824	38016057344	520925184
425	2147438592	536870912	383516672	3735396352	1073741824	8588558336	1704046592	536870912	807665664	3926949888	1073741824	38016057344	508006400
426	2147438592	536870912	383516672	3736891392	1073741824	8588558336	1725546496	536870912	807665664	3926949888	1073741824	38016057344	484249600
427	2147446784	536870912	383516672	3738353664	1073741824	8588558336	1752940544	536870912	807665664	3926949888	1073741824	38016057344	454881280
428	2042920960	536870912	383516672	3739631616	1073741824	8588558336	1783283712	536870912	807665664	3926949888	1073741824	38016057344	526897152
429	2044166144	536870912	383516672	3740753920	1073741824	8588558336	1812312064	536870912	807665664	3926949888	1073741824	38016057344	496029696
430	2044968960	536870912	383516672	3741609984	1073741824	8588558336	1843720192	536870912	807665664	3926949888	1073741824	38016057344	463024128
431	2046447616	536870912	383516672	3743006720	1073741824	8588558336	0	536870912	807665664	3926949888	1073741824	38016057344	2063163392
432	2047942656	536870912	383516672	3744116736	1073741824	8588558336	0	536870912	807665664	3933560832	1073741824	38016057344	2054430720
433	2049380352	536870912	383516672	3745828864	1073741824	8588558336	0	536870912	807665664	3950993408	1073741824	38016057344	2034167808
434	2050609152	536870912	383516672	3747143680	1073741824	8588558336	0	536870912	807665664	3970535424	1073741824	38016057344	2012479488
435	2052509696	536870912	383516672	3748749312	1073741824	8588558336	0	536870912	807665664	3985588224	1073741824	38016057344	1993015296
436	2053824512	536870912	383516672	3750002688	1073741824	8588558336	0	536870912	807665664	4008820736	1073741824	38016057344	1966518272
437	2055237632	536870912	383516672	3751272448	1073741824	8588558336	0	536870912	807665664	4032872448	1073741824	38016057344	1939709952
438	2056278016	536870912	383516672	3752374272	1073741824	8588558336	0	536870912	807665664	4059185152	1073741824	38016057344	1909325824
439	2057244672	536870912	383516672	3753558016	1073741824	8588558336	0	536870912	807665664	4084645888	1073741824	38016057344	1880166400
440	2057179136	536870912	383516672	3753496576	1073741824	8588558336	0	536870912	807665664	4114817024	1073741824	38016057344	1863106560
441	2057179136	536870912	383516672	3753484288	1073741824	8588558336	0	536870912	807665664	4146274304	1073741824	38016057344	1831047168
