1	1464012800	536870912	0	2809253888	1073741824	0	1768787968	536870912	0	2810372096	1073741824	0	2837876736
2	1464131584	536870912	0	2809372672	1073741824	0	1768787968	536870912	0	2810372096	1073741824	0	2837151744
3	1464131584	536870912	0	2809372672	1073741824	0	1768787968	536870912	0	2810372096	1073741824	0	2837479424
4	1464131584	536870912	0	2809372672	1073741824	0	1768787968	536870912	0	2810503168	1073741824	0	2837504000
5	1464123392	536870912	0	2809364480	1073741824	0	1768787968	536870912	0	2810531840	1073741824	0	2836467712
6	1464135680	536870912	0	2809380864	1073741824	0	1768787968	536870912	0	2810572800	1073741824	0	2836602880
7	1464135680	536870912	0	2809380864	1073741824	0	1768787968	536870912	0	2810703872	1073741824	0	2836500480
8	1464135680	536870912	0	2809511936	1073741824	0	1768787968	536870912	0	2810888192	1073741824	0	2836250624
9	1464184832	536870912	0	2809446400	1073741824	0	1768787968	536870912	0	2810769408	1073741824	0	2835963904
10	1502191616	536870912	0	2840530944	1073741824	0	1768787968	536870912	0	2810826752	1073741824	0	2767867904
11	1519349760	536870912	0	2859810816	1073741824	0	1768787968	536870912	0	2811056128	1073741824	0	2731720704
12	1519513600	536870912	0	2861268992	1073741824	0	1768787968	536870912	0	2810982400	1073741824	0	2729721856
13	1519665152	536870912	0	2868932608	1073741824	0	2125041664	536870912	0	2811031552	1073741824	0	2364186624
14	1519898624	536870912	0	2869248000	1073741824	0	2147434496	536870912	0	2811084800	1073741824	0	2338967552
15	1520095232	536870912	0	2869473280	1073741824	0	2147332096	536870912	0	2813227008	1073741824	0	2337452032
16	1520390144	536870912	0	2869878784	1073741824	0	2147168256	536870912	0	2813214720	1073741824	0	2337685504
17	1520807936	536870912	0	2870214656	1073741824	0	2147332096	536870912	0	2813214720	1073741824	0	2335891456
18	1521123328	536870912	0	2870800384	1073741824	0	2147340288	536870912	0	2813349888	1073741824	0	2334900224
19	1521680384	536870912	0	2871287808	1073741824	0	2147323904	536870912	0	2813464576	1073741824	0	2333339648
20	1521999872	536870912	0	2871828480	1073741824	0	2147475456	536870912	0	2813476864	1073741824	0	2331721728
21	1522380800	536870912	0	2872213504	1073741824	0	2147348480	536870912	0	2813370368	1073741824	0	2331160576
22	1522724864	536870912	0	2872770560	1073741824	0	2147356672	536870912	0	2813370368	1073741824	0	2330640384
23	1523101696	536870912	0	2873286656	1073741824	0	2147356672	536870912	0	2813370368	1073741824	0	2329243648
24	1523634176	536870912	0	2873860096	1073741824	0	2147377152	536870912	0	2813370368	1073741824	0	2329554944
25	1524047872	536870912	0	2874380288	1073741824	0	2147364864	536870912	0	2813370368	1073741824	0	2327777280
26	1524420608	536870912	0	2875179008	1073741824	0	2147364864	536870912	0	2813370368	1073741824	0	2326507520
27	1524891648	536870912	0	2875924480	1073741824	0	2147385344	536870912	0	2813370368	1073741824	0	2324566016
28	1525436416	536870912	0	2876375040	1073741824	0	2147409920	536870912	0	2813370368	1073741824	0	2322391040
29	1525846016	536870912	0	2876862464	1073741824	0	2147414016	536870912	0	2813370368	1073741824	0	2319544320
30	1526525952	536870912	0	2877444096	1073741824	0	2147483648	536870912	0	2813370368	1073741824	0	2319704064
31	1527300096	536870912	0	2878017536	1073741824	0	2102681600	536870912	0	2813370368	1073741824	0	2360397824
32	1527877632	536870912	0	2878644224	1073741824	0	2102812672	536870912	0	2813370368	1073741824	0	2359476224
33	1528393728	536870912	0	2886819840	1073741824	0	2106183680	536870912	0	2896031744	1073741824	0	2261864448
34	1529384960	536870912	0	2887512064	1073741824	0	2106408960	536870912	0	3480899584	1073741824	0	1675739136
35	1530220544	536870912	0	2892079104	1073741824	0	2106408960	536870912	0	3974103040	1073741824	0	1176649728
36	1531518976	536870912	0	2912579584	1073741824	0	2106408960	536870912	0	4181872640	1073741824	0	948137984
37	1532596224	536870912	0	2913591296	1073741824	0	2106802176	536870912	0	4294680576	1073741824	0	831594496
38	1533321216	536870912	0	2914394112	1073741824	0	2115727360	536870912	0	4294762496	1073741824	0	818692096
39	1534021632	536870912	0	2926026752	1073741824	0	2134183936	536870912	0	4294959104	1073741824	0	789569536
40	1534803968	536870912	0	2931257344	1073741824	0	2147364864	536870912	0	4294823936	1073741824	0	759463936
41	1535614976	536870912	0	2932064256	1073741824	0	2147368960	536870912	0	4294860800	1073741824	0	757014528
42	1537015808	536870912	0	2939138048	1073741824	0	2147389440	536870912	0	4294696960	1073741824	0	751493120
43	1537683456	536870912	0	2959953920	1073741824	0	2147385344	536870912	0	4294963200	1073741824	0	728723456
44	1538437120	536870912	0	2960879616	1073741824	0	2147426304	536870912	0	4294967296	1073741824	0	723066880
45	1539284992	536870912	0	2965508096	1073741824	0	2147389440	536870912	0	4294967296	1073741824	0	721051648
46	1540071424	536870912	0	2974855168	1073741824	0	2147479552	536870912	0	4294967296	1073741824	0	709566464
47	1540952064	536870912	0	2980265984	1073741824	0	2147397632	536870912	0	4294901760	1073741824	0	692764672
48	1541779456	536870912	0	3009585152	1073741824	0	2147442688	536870912	0	4294885376	1073741824	0	664715264
49	1542729728	536870912	0	3010486272	1073741824	0	2147409920	536870912	0	4294889472	1073741824	0	661938176
50	1543294976	536870912	0	3011153920	1073741824	0	2147336192	536870912	0	4294864896	1073741824	0	660688896
51	1544699904	536870912	0	3012632576	1073741824	0	2147368960	536870912	0	4294889472	1073741824	0	658518016
52	1546252288	536870912	0	3014025216	1073741824	0	2147368960	536870912	0	4294893568	1073741824	0	655413248
53	1547538432	536870912	0	3026939904	1073741824	0	2147368960	536870912	0	4294918144	1073741824	0	642154496
54	1548726272	536870912	0	3040604160	1073741824	0	2147368960	536870912	0	4294877184	1073741824	0	624390144
55	1572118528	536870912	0	3057778688	1073741824	0	2147368960	536870912	0	4294754304	1073741824	0	585494528
56	1578598400	536870912	0	3059204096	1073741824	0	2147368960	536870912	0	4294897664	1073741824	0	577286144
57	1618432000	536870912	0	3074052096	1073741824	0	2147303424	536870912	0	4294873088	1073741824	0	522149888
58	1667178496	536870912	0	3086696448	1073741824	0	2147409920	536870912	0	4294901760	1073741824	0	458690560
59	1711931392	536870912	0	3098025984	1073741824	0	2147479552	536870912	0	4294942720	1073741824	0	402378752
60	1772605440	536870912	0	3100467200	1073741824	0	2147450880	536870912	0	4294877184	1073741824	0	336830464
61	1832755200	536870912	0	3103678464	1073741824	0	2147442688	536870912	0	4294885376	1073741824	0	272105472
62	1882943488	536870912	0	3113205760	1073741824	0	2147446784	536870912	0	4294942720	1073741824	0	212590592
63	1915265024	536870912	0	3131056128	1073741824	0	2146832384	536870912	0	4294914048	1073741824	0	241606656
64	1916542976	536870912	0	3132264448	1073741824	0	2146836480	536870912	0	4294905856	1073741824	0	237494272
65	1917513728	536870912	0	3138297856	1073741824	0	2146836480	536870912	0	4294901760	1073741824	0	230899712
66	1919074304	536870912	0	3147710464	1073741824	0	2146836480	536870912	0	4294901760	1073741824	0	218738688
67	1920483328	536870912	0	3156320256	1073741824	0	2146836480	536870912	0	4294901760	1073741824	0	210817024
68	1921568768	536870912	0	3170078720	1073741824	0	2147418112	536870912	0	4294905856	1073741824	0	192892928
69	1922965504	536870912	0	3178860544	1073741824	0	2147430400	536870912	0	4294914048	1073741824	0	181719040
70	1916432384	536870912	0	3201908736	1073741824	0	2146373632	536870912	0	4284219392	1073741824	148250624	196251648
71	1917865984	536870912	0	3203371008	1073741824	0	2147364864	536870912	0	4145786880	1073741824	1667653632	331984896
72	1919688704	536870912	0	3219394560	1073741824	0	2147364864	536870912	0	4145790976	1073741824	1667653632	314376192
73	1921110016	536870912	0	3236945920	1073741824	0	2147315712	536870912	0	4145790976	1073741824	1667653632	292462592
74	1922203648	536870912	0	3270062080	1073741824	0	2147422208	536870912	0	4161126400	1073741824	1667653632	241614848
75	1923809280	536870912	0	3326234624	1073741824	0	2147446784	536870912	0	4173332480	1073741824	1667653632	167948288
76	1924878336	536870912	0	3468767232	1073741824	0	2147323904	536870912	0	4034805760	1073741824	3321954304	159944704
77	1925939200	536870912	0	3557036032	1073741824	0	2147352576	536870912	0	3882135552	1073741824	4845035520	221089792
78	1927168000	536870912	0	3558273024	1073741824	0	2147450880	536870912	0	3882266624	1073741824	4845035520	219627520
79	1928675328	536870912	0	3559837696	1073741824	0	2147434496	536870912	0	3882270720	1073741824	4845035520	217088000
80	1930227712	536870912	0	3561447424	1073741824	0	2147434496	536870912	0	3882274816	1073741824	4845035520	213540864
81	1939914752	536870912	0	3563053056	1073741824	0	2147434496	536870912	0	3882274816	1073741824	4845035520	201175040
82	1943703552	536870912	0	3564662784	1073741824	0	2147434496	536870912	0	3882274816	1073741824	4845035520	195956736
83	1945419776	536870912	0	3566284800	1073741824	0	2147450880	536870912	0	3882803200	1073741824	4845035520	192270336
84	1946669056	536870912	0	3567742976	1073741824	0	2147442688	536870912	0	3890282496	1073741824	4845035520	181010432
85	1947631616	536870912	0	3568562176	1073741824	0	2147471360	536870912	0	3905339392	1073741824	4845035520	161464320
86	1948930048	536870912	0	3569799168	1073741824	0	1728077824	536870912	0	3913121792	1073741824	4845035520	572882944
87	1949945856	536870912	0	3570851840	1073741824	0	1728020480	536870912	0	3931009024	1073741824	4845035520	553107456
88	1950900224	536870912	0	3571712000	1073741824	0	1728167936	536870912	0	3952521216	1073741824	4845035520	526082048
89	1952083968	536870912	0	3572838400	1073741824	0	1728106496	536870912	0	3974332416	1073741824	4845035520	498790400
90	1953087488	536870912	0	3573776384	1073741824	0	1728159744	536870912	0	3992133632	1073741824	4845035520	475942912
91	1954238464	536870912	0	3575177216	1073741824	0	1728196608	536870912	0	4014202880	1073741824	4845035520	448974848
92	1955237888	536870912	0	3576209408	1073741824	0	1728344064	536870912	0	4024217600	1073741824	4845035520	435875840
93	1956245504	536870912	0	3578408960	1073741824	0	1728401408	536870912	0	4043427840	1073741824	4845035520	410021888
94	1957244928	536870912	0	3579400192	1073741824	0	1728425984	536870912	0	4062224384	1073741824	4845035520	386240512
95	1958129664	536870912	0	3580272640	1073741824	0	1728348160	536870912	0	4076769280	1073741824	4845035520	367611904
96	1959481344	536870912	0	3581702144	1073741824	0	1728348160	536870912	0	4076773376	1073741824	4845035520	364883968
97	1960951808	536870912	0	3583102976	1073741824	0	1728495616	536870912	0	2752286720	1073741824	4845035520	1708097536
98	1962147840	536870912	0	3584286720	1073741824	0	1728417792	536870912	0	2754543616	1073741824	4845035520	1702002688
99	1964036096	536870912	0	3585277952	1073741824	0	1728581632	536870912	0	2756870144	1073741824	4845035520	1696243712
100	1966252032	536870912	0	3586539520	1073741824	0	1728475136	536870912	0	2758819840	1073741824	4845035520	1690247168
101	1968091136	536870912	0	3587604480	1073741824	0	1728499712	536870912	0	2760896512	1073741824	4845035520	1676148736
102	1969590272	536870912	0	3588907008	1073741824	0	1728540672	536870912	0	2762702848	1073741824	4845035520	1667203072
103	1971195904	536870912	0	3590086656	1073741824	0	1728712704	536870912	0	2764316672	1073741824	4845035520	1668530176
104	1972228096	536870912	0	3590782976	1073741824	0	1728614400	536870912	0	2765307904	1073741824	4845035520	1463652352
105	1973592064	536870912	0	3591815168	1073741824	0	1728798720	536870912	0	2766585856	1073741824	4845035520	1260896256
106	1975263232	536870912	0	3592806400	1073741824	0	1728831488	536870912	0	2768277504	1073741824	4845035520	1255493632
107	1976872960	536870912	0	3593940992	1073741824	0	1728729088	536870912	0	2769854464	1073741824	4845035520	1251143680
108	1978519552	536870912	0	3594883072	1073741824	0	1728880640	536870912	0	2771726336	1073741824	4845035520	1245478912
109	1980338176	536870912	0	3595927552	1073741824	0	1728794624	536870912	0	2773618688	1073741824	4845035520	1239937024
110	1981976576	536870912	0	3597099008	1073741824	0	1728970752	536870912	0	2775314432	1073741824	4845035520	1235595264
111	1983946752	536870912	0	3598028800	1073741824	0	1728995328	536870912	0	2776932352	1073741824	4845035520	1229377536
112	1986002944	536870912	0	3599179776	1073741824	0	1729044480	536870912	0	2778546176	1073741824	4845035520	1224802304
113	1987891200	536870912	0	3600154624	1073741824	0	1728937984	536870912	0	2780065792	1073741824	4845035520	1219420160
114	1989844992	536870912	0	3601334272	1073741824	0	1729089536	536870912	0	2781585408	1073741824	4845035520	1214779392
115	1991827456	536870912	0	3602321408	1073741824	0	1729114112	536870912	0	2783141888	1073741824	4845035520	1208451072
116	1993371648	536870912	0	3603562496	1073741824	0	1729114112	536870912	0	2784268288	1073741824	4845035520	1206484992
117	1995415552	536870912	0	3604557824	1073741824	0	1729044480	536870912	0	2785447936	1073741824	4845035520	1202118656
118	1997398016	536870912	0	3605905408	1073741824	0	1729220608	536870912	0	2788855808	1073741824	4845035520	1194700800
119	1999220736	536870912	0	3607007232	1073741824	0	1729257472	536870912	0	2790223872	1073741824	4845035520	1190014976
120	2001305600	536870912	0	3608195072	1073741824	0	1729282048	536870912	0	2791530496	1073741824	4845035520	1184514048
121	2003042304	536870912	0	3609399296	1073741824	0	1729187840	536870912	0	2792837120	1073741824	4845035520	1179799552
122	2005204992	536870912	0	3610488832	1073741824	0	1729343488	536870912	0	2793955328	1073741824	4845035520	1174683648
123	2007289856	536870912	0	3611787264	1073741824	0	1731465216	536870912	0	2795597824	1073741824	4845035520	1167605760
124	2009112576	536870912	0	3612766208	1073741824	0	1731510272	536870912	0	2796642304	1073741824	4845035520	1163304960
125	2011308032	536870912	0	3614130176	1073741824	0	1731543040	536870912	0	2798063616	1073741824	4845035520	1157537792
126	2013364224	536870912	0	3615449088	1073741824	0	1731457024	536870912	0	2799370240	1073741824	4845035520	1152131072
127	2015449088	536870912	0	3616575488	1073741824	0	1731620864	536870912	0	2799902720	1073741824	4845035520	1148235776
128	2017550336	536870912	0	3617800192	1073741824	0	1731670016	536870912	0	2801131520	1073741824	4845035520	1143443456
129	2019749888	536870912	0	3619074048	1073741824	0	1731686400	536870912	0	2802278400	1073741824	4845035520	1139023872
130	2022027264	536870912	0	3620257792	1073741824	0	1731596288	536870912	0	2803314688	1073741824	4845035520	1134383104
131	2023895040	536870912	0	3621392384	1073741824	0	1731739648	536870912	0	2804076544	1073741824	4845035520	1129730048
132	2025717760	536870912	0	3622477824	1073741824	0	1731629056	536870912	0	2805010432	1073741824	4845035520	1124286464
133	2027216896	536870912	0	3623501824	1073741824	0	1731645440	536870912	0	2805772288	1073741824	4845035520	1118703616
134	2052292608	536870912	0	3624017920	1073741824	0	1731653632	536870912	0	2806263808	1073741824	4845035520	695865344
135	2067144704	536870912	0	3624607744	1073741824	0	1731661824	536870912	0	2806759424	1073741824	4845035520	199331840
136	2067623936	536870912	0	3419148288	1073741824	1354371072	1731694592	536870912	0	2807341056	1073741824	4845035520	241065984
137	2069311488	536870912	0	3420450816	1073741824	1354371072	1731584000	536870912	0	2808143872	1073741824	4845035520	237924352
138	2070347776	536870912	0	3422048256	1073741824	1354371072	1731731456	536870912	0	2809061376	1073741824	4845035520	233967616
139	2071293952	536870912	0	3424411648	1073741824	1354371072	1731751936	536870912	0	2809999360	1073741824	4845035520	229146624
140	2072522752	536870912	0	3426537472	1073741824	1354371072	1731788800	536870912	0	2810695680	1073741824	4845035520	224825344
141	2074083328	536870912	0	3428790272	1073741824	1354371072	1731813376	536870912	0	2811330560	1073741824	4845035520	220647424
142	2075643904	536870912	0	3430752256	1073741824	1354371072	1731825664	536870912	0	2812190720	1073741824	4845035520	216023040
143	2077597696	536870912	0	3432669184	1073741824	1354371072	1731833856	536870912	0	2812768256	1073741824	4845035520	211378176
144	2081386496	536870912	0	3456249856	1073741824	1354371072	1731854336	536870912	0	2813480960	1073741824	4845035520	183955456
145	2122645504	536870912	0	3457609728	1073741824	1354371072	1491619840	536870912	0	2814251008	1073741824	4845035520	383889408
146	2147454976	536870912	0	3484729344	1073741824	1354371072	1561231360	536870912	0	2815025152	1073741824	4845035520	259584000
147	2147479552	536870912	0	3338756096	1073741824	2623991808	1740955648	536870912	0	2815307776	1073741824	4845035520	226906112
148	2147368960	536870912	0	3371208704	1073741824	2623991808	1798164480	536870912	0	2815225856	1073741824	4845035520	139816960
149	2147442688	536870912	0	3389255680	1073741824	2623991808	1871720448	536870912	0	2517020672	1073741824	4845035520	357994496
150	2147442688	536870912	0	3389128704	1073741824	2623991808	1873072128	536870912	0	2517020672	1073741824	4845035520	354734080
151	2143772672	536870912	0	3389128704	1073741824	2623991808	1873072128	536870912	0	2517020672	1073741824	4845035520	361881600
152	2145333248	536870912	0	3389128704	1073741824	2623991808	1873072128	536870912	0	2517020672	1073741824	4845035520	360321024
153	2146893824	536870912	0	3389128704	1073741824	2623991808	1873072128	536870912	0	2517020672	1073741824	4845035520	358514688
154	2147442688	536870912	0	3389128704	1073741824	2623991808	1873072128	536870912	0	2517020672	1073741824	4845035520	357756928
155	2147442688	536870912	0	3389259776	1073741824	2623991808	1873072128	536870912	0	2517020672	1073741824	4845035520	356687872
156	2147450880	536870912	0	3389259776	1073741824	2623991808	1873072128	536870912	0	2517020672	1073741824	4845035520	356851712
157	2147442688	536870912	0	3389259776	1073741824	2623991808	1873072128	536870912	0	2517020672	1073741824	4845035520	356753408
158	2147364864	536870912	0	3389259776	1073741824	2623991808	1873072128	536870912	0	2517020672	1073741824	4845035520	356978688
159	2147463168	536870912	0	3389259776	1073741824	2623991808	1873072128	536870912	0	2517020672	1073741824	4845035520	356687872
160	2147479552	536870912	0	3389898752	1073741824	2623991808	1876901888	536870912	0	2650021888	1073741824	4845035520	214392832
161	2061430784	536870912	434364416	3188867072	1073741824	6143782912	1851953152	536870912	135327744	2761003008	1073741824	4845035520	422354944
162	2062807040	536870912	434364416	3181846528	1073741824	6218059776	1849876480	536870912	135327744	2847399936	1073741824	4845035520	343257088
163	2064281600	536870912	434364416	3181846528	1073741824	6218059776	1849876480	536870912	135327744	2847399936	1073741824	4845035520	341766144
164	2065854464	536870912	434364416	3181846528	1073741824	6218059776	1849876480	536870912	135327744	2847399936	1073741824	4845035520	340045824
165	2076942336	536870912	434364416	3181846528	1073741824	6218059776	1849876480	536870912	135327744	2847399936	1073741824	4845035520	329043968
166	2088988672	536870912	434364416	3181846528	1073741824	6218059776	1849876480	536870912	135327744	2847399936	1073741824	4845035520	316928000
167	2097795072	536870912	434364416	3170439168	1073741824	6523052032	1844887552	536870912	135327744	2960580608	1073741824	4845035520	212017152
168	2108043264	536870912	434364416	3165052928	1073741824	6670962688	1837871104	536870912	135327744	2981269504	1073741824	4845035520	191795200
169	2111389696	536870912	434364416	3098071040	1073741824	7719657472	1763856384	536870912	340471808	2950127616	1073741824	5315317760	361897984
170	2119110656	536870912	434364416	3098202112	1073741824	7719657472	1763856384	536870912	340471808	2950258688	1073741824	5315317760	353861632
171	2130239488	536870912	434364416	3098087424	1073741824	7719657472	1763856384	536870912	340471808	2950144000	1073741824	5315317760	342585344
172	2140844032	536870912	434364416	3098263552	1073741824	7719657472	1764499456	536870912	340471808	2963062784	1073741824	5315317760	312459264
173	2040573952	536870912	434364416	3102879744	1073741824	7719657472	1770602496	536870912	340471808	3038822400	1073741824	5315317760	327520256
174	2048819200	536870912	434364416	3109060608	1073741824	7719657472	1782620160	536870912	340471808	3025719296	1073741824	6190448640	308555776
175	2062217216	536870912	434364416	3108892672	1073741824	7719657472	1782927360	536870912	340471808	2996056064	1073741824	6489350144	326205440
176	2070069248	536870912	434364416	3124592640	1073741824	7719657472	1792897024	536870912	340471808	3097407488	1073741824	6489350144	191696896
177	2073948160	536870912	434364416	3048161280	1073741824	9292951552	1797021696	536870912	340471808	3045806080	1073741824	7021248512	312819712
178	2075049984	536870912	434364416	3060076544	1073741824	9292951552	1810153472	536870912	340471808	3136049152	1073741824	7021248512	195276800
179	2075660288	536870912	434364416	3068915712	1073741824	9292951552	1827278848	536870912	340471808	3010854912	1073741824	7770279936	287571968
180	2076827648	536870912	434364416	3079233536	1073741824	9292951552	1834881024	536870912	340471808	2946740224	1073741824	8127787008	331972608
181	2078388224	536870912	434364416	3079106560	1073741824	9292951552	1834893312	536870912	340471808	2946740224	1073741824	8127787008	333430784
182	2079948800	536870912	434364416	3082117120	1073741824	9292951552	1837162496	536870912	340471808	2955522048	1073741824	8127787008	316325888
183	2081169408	536870912	434364416	3097071616	1073741824	9292951552	1855614976	536870912	340471808	3008475136	1073741824	8127787008	225771520
184	2081882112	536870912	434364416	3058921472	1073741824	10332942336	1875701760	536870912	340471808	3037065216	1073741824	8127787008	210530304
185	2082832384	536870912	434364416	3025645568	1073741824	11381497856	1888194560	536870912	340471808	3057065984	1073741824	8127787008	206442496
186	2083864576	536870912	434364416	3047186432	1073741824	11381497856	1898971136	536870912	340471808	2952478720	1073741824	8709476352	274272256
187	2085163008	536870912	434364416	3051589632	1073741824	11381497856	1902157824	536870912	340471808	2829127680	1073741824	9215840256	387248128
188	2086461440	536870912	434364416	3055456256	1073741824	11381497856	1903669248	536870912	340471808	2830446592	1073741824	9215840256	380469248
189	2087997440	536870912	434364416	3058110464	1073741824	11381497856	1904476160	536870912	340471808	2831183872	1073741824	9215840256	373026816
190	2089426944	536870912	434364416	3058110464	1073741824	11381497856	1904476160	536870912	340471808	2831183872	1073741824	9215840256	372015104
191	2090672128	536870912	434364416	3067789312	1073741824	11381497856	1912827904	536870912	340471808	2842071040	1073741824	9215840256	348188672
192	2011668480	536870912	834781184	2931408896	1073741824	13440180224	1920454656	536870912	340471808	2829783040	1073741824	9239728128	278097920
193	2011578368	536870912	834781184	2722123776	1073741824	16618229760	1920921600	536870912	340471808	2700058624	1073741824	9840541696	291397632
194	2011934720	536870912	834781184	2632843264	1073741824	17867333632	1921421312	536870912	340471808	2522566656	1073741824	10609934336	216338432
195	2013167616	536870912	834781184	2584866816	1073741824	18301652992	1922088960	536870912	340471808	2419019776	1073741824	11033903104	288309248
196	2014519296	536870912	834781184	2584784896	1073741824	18301652992	1922043904	536870912	340471808	2418896896	1073741824	11033903104	286359552
197	2015727616	536870912	834781184	2584784896	1073741824	18301652992	1922048000	536870912	340471808	2418896896	1073741824	11033903104	285478912
198	2016931840	536870912	834781184	2603917312	1073741824	18301652992	1931280384	536870912	340471808	2430369792	1073741824	11033903104	244760576
199	2018365440	536870912	834781184	2608439296	1073741824	18301652992	1934450688	536870912	340471808	2432765952	1073741824	11033903104	234147840
200	2019090432	536870912	834781184	2618445824	1073741824	18649989120	1951809536	536870912	340471808	2454949888	1073741824	11033903104	179064832
201	2016624640	536870912	834781184	2597552128	1073741824	19097223168	1967157248	536870912	340471808	2481283072	1073741824	11033903104	168333312
202	2009214976	536870912	834781184	2558496768	1073741824	19904602112	1982664704	536870912	340471808	2501242880	1073741824	11033903104	197328896
203	2009870336	536870912	834781184	2523328512	1073741824	20708896768	1999085568	536870912	340471808	2522554368	1073741824	11033903104	191373312
204	2010906624	536870912	834781184	2525847552	1073741824	20708896768	2000203776	536870912	340471808	2522767360	1073741824	11033903104	185012224
205	2012205056	536870912	834781184	2526769152	1073741824	20708896768	2000596992	536870912	340471808	2522902528	1073741824	11033903104	181927936
206	2013634560	536870912	834781184	2526740480	1073741824	20708896768	2000728064	536870912	340471808	2523009024	1073741824	11033903104	178827264
207	2008543232	536870912	847597568	2538934272	1073741824	20708896768	2005970944	536870912	340471808	2528399360	1073741824	11033903104	160718848
208	1908342784	536870912	1609527296	2462359552	1073741824	20708896768	2021031936	536870912	340471808	2550865920	1073741824	11033903104	302084096
209	1909354496	536870912	1609527296	2466660352	1073741824	20708896768	2041872384	536870912	340471808	2574319616	1073741824	11033903104	248451072
210	1910317056	536870912	1609527296	2471198720	1073741824	20708896768	2065203200	536870912	340471808	2599993344	1073741824	11033903104	189272064
211	1903947776	536870912	1609527296	2466045952	1073741824	20708896768	2088759296	536870912	340471808	2625368064	1073741824	11033903104	167878656
212	1890570240	536870912	1609527296	2452688896	1073741824	20708896768	2111066112	536870912	340471808	2652901376	1073741824	11033903104	180625408
213	1884426240	536870912	1609527296	2447638528	1073741824	20708896768	2134568960	536870912	340471808	2676842496	1073741824	11033903104	159092736
214	1885282304	536870912	1609527296	2449743872	1073741824	20708896768	2147475456	536870912	340471808	2625990656	1073741824	11847561216	190226432
215	1886187520	536870912	1609527296	2452848640	1073741824	20708896768	2147418112	536870912	340471808	2646683648	1073741824	11847561216	161955840
216	1886654464	536870912	1609527296	2454925312	1073741824	20708896768	2080444416	536870912	1556508672	2621468672	1073741824	12265906176	249323520
217	1887965184	536870912	1609527296	2456436736	1073741824	20708896768	2087219200	536870912	1556508672	2631032832	1073741824	12265906176	229830656
218	1888989184	536870912	1609527296	2459680768	1073741824	20708896768	2103472128	536870912	1556508672	2652667904	1073741824	12265906176	183468032
219	1889947648	536870912	1609527296	2461519872	1073741824	20708896768	2115043328	536870912	1556508672	2596069376	1073741824	13073637376	220942336
220	1891115008	536870912	1609527296	2464169984	1073741824	20708896768	2129723392	536870912	1556508672	2615406592	1073741824	13073637376	180695040
221	1891971072	536870912	1609527296	2465914880	1073741824	20708896768	2083504128	536870912	2398523392	2626891776	1073741824	13073637376	210309120
222	1893269504	536870912	1609527296	2467721216	1073741824	20708896768	2092875776	536870912	2398523392	2638159872	1073741824	13073637376	174981120
223	1886863360	536870912	1609527296	2460971008	1073741824	20708896768	2102722560	536870912	2398523392	2620198912	1073741824	13142532096	154050560
224	1887232000	536870912	1609527296	2460540928	1073741824	20708896768	1995083776	536870912	3551367168	2450190336	1073741824	13966213120	204484608
225	1887739904	536870912	1609527296	2456465408	1073741824	20723994624	1879834624	536870912	4702552064	2347954176	1073741824	14742495232	152739840
226	1795899392	536870912	2942730240	2336219136	1073741824	22528839680	1770999808	536870912	5755084800	2332606464	1073741824	14798184448	162508800
227	1721864192	536870912	3588083712	2275848192	1073741824	23382630400	1729052672	536870912	6064635904	2220998656	1073741824	15399755776	298930176
228	1721856000	536870912	3588083712	2275815424	1073741824	23382630400	1729060864	536870912	6064635904	2220896256	1073741824	15399755776	298778624
229	1721856000	536870912	3588083712	2275827712	1073741824	23382630400	1729060864	536870912	6064635904	2220900352	1073741824	15399755776	299053056
230	1721864192	536870912	3588083712	2275827712	1073741824	23382630400	1729060864	536870912	6064635904	2220900352	1073741824	15399755776	299405312
231	1721966592	536870912	3588083712	2275975168	1073741824	23382630400	1729716224	536870912	6064635904	2221428736	1073741824	15399755776	298852352
232	1722245120	536870912	3588083712	2276270080	1073741824	23382630400	1730502656	536870912	6064635904	2222346240	1073741824	15399755776	294707200
233	1722245120	536870912	3588083712	2276274176	1073741824	23382630400	1730502656	536870912	6064635904	2222346240	1073741824	15399755776	294592512
234	1752772608	536870912	3588083712	2278608896	1073741824	23382630400	1740226560	536870912	6064635904	2232266752	1073741824	15399755776	242630656
235	1781989376	536870912	3588083712	2282045440	1073741824	23382630400	1759887360	536870912	6064635904	2257645568	1073741824	15399755776	158900224
236	1740341248	536870912	4255596544	2284175360	1073741824	23382630400	1761599488	536870912	6227275776	2280837120	1073741824	15399755776	169865216
237	1740382208	536870912	4255596544	2284105728	1073741824	23382630400	1722650624	536870912	6715777024	2282139648	1073741824	15399755776	204898304
238	1741680640	536870912	4255596544	2287382528	1073741824	23382630400	1734578176	536870912	6715777024	2298937344	1073741824	15399755776	170917888
239	1742635008	536870912	4255596544	2289672192	1073741824	23382630400	1745256448	536870912	6715777024	2243493888	1073741824	16041086976	208248832
240	1737736192	536870912	4255596544	2284920832	1073741824	23382630400	1761800192	536870912	6715777024	2270232576	1073741824	16041086976	186601472
241	1732972544	536870912	4255596544	2281074688	1073741824	23382630400	1773522944	536870912	6715777024	2299002880	1073741824	16041086976	167976960
242	1759305728	536870912	4255596544	2282086400	1073741824	23382630400	1722191872	536870912	7355191296	2256166912	1073741824	16690040832	230891520
243	1733099520	536870912	4905402368	2286239744	1073741824	23382630400	1729531904	536870912	7355191296	2283311104	1073741824	16690040832	213983232
244	1734672384	536870912	4905402368	2284638208	1073741824	23382630400	1728720896	536870912	7355191296	2323070976	1073741824	16690040832	185569280
245	1739493376	536870912	4905402368	2288046080	1073741824	23382630400	1728966656	536870912	7355191296	2265841664	1073741824	17348608000	230146048
246	1727217664	536870912	5373444096	2291245056	1073741824	23382630400	1740972032	536870912	7355191296	2288594944	1073741824	17348608000	200048640
247	1727606784	536870912	5548355584	2294095872	1073741824	23382630400	1754546176	536870912	7355191296	2273533952	1073741824	17650253824	192626688
248	1732517888	536870912	5548355584	2299576320	1073741824	23382630400	1762414592	536870912	7355191296	2231582720	1073741824	18016907264	214622208
249	1738625024	536870912	5548355584	2271576064	1073741824	24021217280	1774989312	536870912	7355191296	2249633792	1073741824	18016907264	198381568
250	1750274048	536870912	5548355584	2281459712	1073741824	24021217280	1734909952	536870912	8008523776	2266017792	1073741824	18016907264	196227072
251	1722167296	536870912	6179160064	2287403008	1073741824	24021217280	1746841600	536870912	8008523776	2285277184	1073741824	18016907264	183062528
252	1734381568	536870912	6179160064	2254942208	1073741824	24640806912	1753391104	536870912	8008523776	2305687552	1073741824	18016907264	171159552
253	1747030016	536870912	6179160064	2270814208	1073741824	24640806912	1761595392	536870912	8008523776	2253234176	1073741824	18662105088	171347968
254	1718427648	536870912	6814601216	2206687232	1073741824	25065758720	1701384192	536870912	8940105728	2259943424	1073741824	18662105088	221585408
255	1624158208	536870912	7994032128	2167132160	1073741824	25579732992	1605582848	536870912	10135707648	2153693184	1073741824	19576025088	181395456
256	1515622400	536870912	9102217216	2052542464	1073741824	26696200192	1504321536	536870912	11211259904	2044563456	1073741824	20172509184	231899136
257	1484042240	536870912	9360982016	2052145152	1073741824	26696200192	1504448512	536870912	11211259904	1972822016	1073741824	20668358656	166113280
258	1484054528	536870912	9360982016	2052030464	1073741824	26696200192	1504452608	536870912	11211259904	1972703232	1073741824	20668358656	165146624
259	1483931648	536870912	9360982016	2051903488	1073741824	26696200192	1504325632	536870912	11211259904	1972703232	1073741824	20668358656	164806656
260	1485897728	536870912	9360982016	2052558848	1073741824	26696200192	1506553856	536870912	11211259904	1975074816	1073741824	20668358656	157564928
261	1499602944	536870912	9360982016	2006880256	1073741824	27201781760	1511993344	536870912	11211259904	1991176192	1073741824	20668358656	165916672
262	1509433344	536870912	9360982016	2022752256	1073741824	27201781760	1449095168	536870912	11706163200	1996746752	1073741824	20668358656	194256896
263	1515868160	536870912	9360982016	2024800256	1073741824	27201781760	1455722496	536870912	11706163200	2005782528	1073741824	20668358656	169664512
264	1474129920	536870912	10105081856	2028171264	1073741824	27201781760	1471037440	536870912	11706163200	2027147264	1073741824	20668358656	164839424
265	1486098432	536870912	10105081856	2013061120	1073741824	27461558272	1455869952	536870912	11962019840	2001813504	1073741824	20925501440	206557184
266	1472376832	536870912	10603274240	2017497088	1073741824	27461558272	1468764160	536870912	11962019840	2026516480	1073741824	20925501440	190263296
267	1482895360	536870912	10603274240	2014130176	1073741824	27461558272	1470201856	536870912	11962019840	2045087744	1073741824	20925501440	174927872
268	1489014784	536870912	10603274240	2026872832	1073741824	27461558272	1474916352	536870912	11962019840	1995493376	1073741824	21425909760	199655424
269	1473540096	536870912	10850873344	2037895168	1073741824	27705516032	1487712256	536870912	11962019840	2015899648	1073741824	21425909760	164302848
270	1471811584	536870912	11087867904	2005004288	1073741824	27998978048	1498701824	536870912	11962019840	2032275456	1073741824	21425909760	182022144
271	1476775936	536870912	11087867904	2001293312	1073741824	28201029632	1474723840	536870912	12229668864	2037604352	1073741824	21425909760	197111808
272	1493508096	536870912	11087867904	2018041856	1073741824	28201029632	1453584384	536870912	12464254976	2025537536	1073741824	21696937984	208171008
273	1494605824	536870912	11087867904	2018873344	1073741824	28201029632	1453895680	536870912	12464254976	2026024960	1073741824	21696937984	203886592
274	1494482944	536870912	11087867904	2019012608	1073741824	28201029632	1453772800	536870912	12464254976	2026024960	1073741824	21696937984	201859072
275	1494482944	536870912	11087867904	2018889728	1073741824	28201029632	1453772800	536870912	12464254976	2026024960	1073741824	21696937984	201969664
276	1494482944	536870912	11087867904	2018889728	1073741824	28201029632	1453772800	536870912	12464254976	2026024960	1073741824	21696937984	201494528
277	1495695360	536870912	11087867904	2020671488	1073741824	28201029632	1454067712	536870912	12464254976	2027114496	1073741824	21696937984	197795840
278	1473515520	536870912	11572441088	1991876608	1073741824	28483276800	1460854784	536870912	12464254976	2029703168	1073741824	21945090048	236900352
279	1486942208	536870912	11572441088	2015801344	1073741824	28483276800	1465864192	536870912	12464254976	2050023424	1073741824	21945090048	168648704
280	1432768512	536870912	11572441088	2034491392	1073741824	28483276800	1471098880	536870912	12464254976	2075787264	1073741824	21945090048	184250368
281	1426268160	536870912	11572441088	2047225856	1073741824	28483276800	1473142784	536870912	12464254976	2099138560	1073741824	21945090048	181600256
282	1428082688	536870912	11572441088	2055405568	1073741824	28483276800	1478266880	536870912	12464254976	2048688128	1073741824	22507106304	211607552
283	1431040000	536870912	11572441088	2046156800	1073741824	28767535104	1486974976	536870912	12464254976	2016841728	1073741824	23009558528	232407040
284	1433780224	536870912	11572441088	2040799232	1073741824	29011853312	1490993152	536870912	12464254976	2037768192	1073741824	23009558528	204513280
285	1436430336	536870912	11572441088	2009341952	1073741824	29539852288	1501081600	536870912	12464254976	2059517952	1073741824	23009558528	194650112
286	1434935296	536870912	11572441088	2029404160	1073741824	29539852288	1511116800	536870912	12464254976	2022043648	1073741824	23539482624	212697088
287	1437081600	536870912	11572441088	2055995392	1073741824	29539852288	1469698048	536870912	12955873280	2044567552	1073741824	23539482624	196239360
288	1439924224	536870912	11572441088	2028523520	1073741824	30066171904	1472352256	536870912	12955873280	2071592960	1073741824	23539482624	180617216
289	1442086912	536870912	11572441088	2054463488	1073741824	30066171904	1483632640	536870912	12955873280	2034810880	1073741824	24072826880	165265408
290	1443749888	536870912	11572441088	2030788608	1073741824	30326300672	1493225472	536870912	12955873280	2027663360	1073741824	24316694528	183201792
291	1422602240	536870912	11773968384	1934581760	1073741824	31222390784	1411649536	536870912	13698125824	1975062528	1073741824	24713916416	350117888
292	1328467968	536870912	12766953472	1864945664	1073741824	32004640768	1321082880	536870912	14562820096	1893793792	1073741824	25721942016	167354368
293	1211949056	536870912	13724106752	1763086336	1073741824	32983191552	1244758016	536870912	15400325120	1779175424	1073741824	26170568704	151441408
294	1211813888	536870912	13724106752	1749397504	1073741824	33165565952	1211883520	536870912	15735713792	1779453952	1073741824	26170568704	191033344
295	1211822080	536870912	13724106752	1749417984	1073741824	33165565952	1211789312	536870912	15735713792	1779429376	1073741824	26170568704	190398464
296	1216802816	536870912	13724106752	1762582528	1073741824	33165565952	1222098944	536870912	15735713792	1756192768	1073741824	26370826240	182693888
297	1221427200	536870912	13724106752	1780367360	1073741824	33165565952	1235632128	536870912	15735713792	1735323648	1073741824	26563543040	160935936
298	1213276160	536870912	13724106752	1771003904	1073741824	33345056768	1225457664	536870912	15858122752	1755906048	1073741824	26563543040	212398080
299	1217949696	536870912	13724106752	1758334976	1073741824	33629106176	1233956864	536870912	15937769472	1776209920	1073741824	26563543040	183377920
300	1220952064	536870912	13724106752	1765306368	1073741824	33724719104	1246162944	536870912	15937769472	1733144576	1073741824	26939428864	199692288
301	1217310720	536870912	13724106752	1775677440	1073741824	33724719104	1263812608	536870912	15937769472	1756078080	1073741824	26939428864	178978816
302	1220448256	536870912	13724106752	1754329088	1073741824	34094768128	1244672000	536870912	16306450432	1774833664	1073741824	26939428864	189370368
303	1222520832	536870912	13724106752	1760837632	1073741824	34094768128	1216200704	536870912	16685391872	1787850752	1073741824	26939428864	189829120
304	1222647808	536870912	13724106752	1761075200	1073741824	34094768128	1216258048	536870912	16685391872	1788063744	1073741824	26939428864	188436480
305	1222565888	536870912	13724106752	1760952320	1073741824	34094768128	1216258048	536870912	16685391872	1787924480	1073741824	26939428864	188112896
306	1226272768	536870912	13724106752	1774104576	1073741824	34094768128	1224462336	536870912	16685391872	1754189824	1073741824	27304673280	192610304
307	1230012416	536870912	13724106752	1759473664	1073741824	34461990912	1235730432	536870912	16685391872	1777676288	1073741824	27304673280	159907840
308	1234063360	536870912	13724106752	1774833664	1073741824	34461990912	1220571136	536870912	17040588800	1759027200	1073741824	27675242496	165957632
309	1229004800	536870912	13724106752	1749708800	1073741824	34828828672	1236623360	536870912	17040588800	1782296576	1073741824	27675242496	169988096
310	1229217792	536870912	13724106752	1754099712	1073741824	34828828672	1238077440	536870912	17040588800	1746558976	1073741824	28049666048	195129344
311	1229217792	536870912	13724106752	1754230784	1073741824	34828828672	1238077440	536870912	17040588800	1746558976	1073741824	28049666048	195698688
312	1232695296	536870912	13724106752	1774796800	1073741824	34828828672	1243959296	536870912	17040588800	1749741568	1073741824	28049666048	159244288
313	1236013056	536870912	13724106752	1785241600	1073741824	35007930368	1224970240	536870912	17239908352	1751474176	1073741824	28049666048	159059968
314	1236533248	536870912	13724106752	1750269952	1073741824	35385905152	1225428992	536870912	17239908352	1751715840	1073741824	28049666048	191516672
315	1237827584	536870912	13724106752	1751334912	1073741824	35385905152	1225637888	536870912	17239908352	1754710016	1073741824	28049666048	185106432
316	1240190976	536870912	13724106752	1753919488	1073741824	35385905152	1226780672	536870912	17239908352	1756549120	1073741824	28049666048	175738880
317	1219624960	536870912	13913124864	1757954048	1073741824	35385905152	1219096576	536870912	17413906432	1761198080	1073741824	28049666048	193105920
318	1222631424	536870912	13913124864	1762578432	1073741824	35385905152	1223639040	536870912	17413906432	1762091008	1073741824	28049666048	179548160
319	1227423744	536870912	13913124864	1768034304	1073741824	35385905152	1228673024	536870912	17413906432	1765044224	1073741824	28049666048	159408128
320	1221083136	536870912	14090735616	1751998464	1073741824	35565707264	1205239808	536870912	17780305920	1768132608	1073741824	28049666048	196501504
321	1226305536	536870912	14090735616	1756979200	1073741824	35565707264	1207832576	536870912	17780305920	1769816064	1073741824	28049666048	176275456
322	1228685312	536870912	14268596224	1760264192	1073741824	35565707264	1213829120	536870912	17780305920	1725050880	1073741824	28244013056	203497472
323	1190338560	536870912	14817251328	1757392896	1073741824	35592638464	1216356352	536870912	17780305920	1727000576	1073741824	28244013056	142258176
324	1146040320	536870912	15308660736	1661456384	1073741824	36436152320	1083813888	536870912	18671132672	1669251072	1073741824	28605083648	154513408
325	1064693760	536870912	16057638912	1617666048	1073741824	36735475712	1082720256	536870912	18671132672	1532882944	1073741824	28908498944	325812224
326	988987392	536870912	16737771520	1495822336	1073741824	38026498048	954523648	536870912	19360034816	1525538816	1073741824	28946595840	187748352
327	990502912	536870912	16737771520	1497796608	1073741824	38026498048	957779968	536870912	19360034816	1527885824	1073741824	28946595840	177975296
328	990621696	536870912	16737771520	1497837568	1073741824	38026498048	957775872	536870912	19360034816	1527779328	1073741824	28946595840	176033792
329	994422784	536870912	16737771520	1501495296	1073741824	38026498048	963149824	536870912	19360034816	1531580416	1073741824	28946595840	159567872
330	995504128	536870912	16737771520	1500131328	1073741824	38026498048	968409088	536870912	19360034816	1535881216	1073741824	28946595840	165601280
331	998125568	536870912	16737771520	1500295168	1073741824	38026498048	973778944	536870912	19360034816	1539911680	1073741824	28946595840	170856448
332	991657984	536870912	16975724544	1503428608	1073741824	38026498048	975278080	536870912	19360034816	1476313088	1073741824	29212528640	233525248
333	997912576	536870912	16975724544	1507762176	1073741824	38026498048	981274624	536870912	19360034816	1481494528	1073741824	29212528640	210108416
334	1003167744	536870912	16975724544	1512521728	1073741824	38026498048	990126080	536870912	19360034816	1489190912	1073741824	29212528640	179630080
335	1020366848	536870912	16975724544	1511538688	1073741824	38026498048	997371904	536870912	19360034816	1496080384	1073741824	29212528640	160706560
336	1023242240	536870912	16975724544	1505599488	1073741824	38026498048	1005494272	536870912	19360034816	1503232000	1073741824	29212528640	180936704
337	1034964992	536870912	16975724544	1504018432	1073741824	38026498048	1011847168	536870912	19360034816	1509597184	1073741824	29212528640	171040768
338	1025671168	536870912	17234788352	1507799040	1073741824	38026498048	1017610240	536870912	19360034816	1514147840	1073741824	29212528640	181133312
339	1035776000	536870912	17234788352	1511821312	1073741824	38026498048	1025015808	536870912	19360034816	1520893952	1073741824	29212528640	165994496
340	1012297728	536870912	17620897792	1521541120	1073741824	38026498048	995614720	536870912	19501817856	1525534720	1073741824	29212528640	201576448
341	1027096576	536870912	17620897792	1528041472	1073741824	38026498048	1002561536	536870912	19501817856	1531580416	1073741824	29212528640	161722368
342	986673152	536870912	18126110720	1538174976	1073741824	38026498048	1007456256	536870912	19501817856	1535860736	1073741824	29212528640	180830208
343	998449152	536870912	18126110720	1536962560	1073741824	38026498048	982351872	536870912	19641556992	1534365696	1073741824	29333774336	210554880
344	1013379072	536870912	18126110720	1552560128	1073741824	38026498048	988913664	536870912	19641556992	1540591616	1073741824	29333774336	161968128
345	1005223936	536870912	18381127680	1550696448	1073741824	38026498048	995143680	536870912	19641556992	1546772480	1073741824	29333774336	186003456
346	1009479680	536870912	18504953856	1535262720	1073741824	38129123328	1001975808	536870912	19641556992	1553461248	1073741824	29333774336	196947968
347	1022910464	536870912	18538352640	1546227712	1073741824	38147956736	1008078848	536870912	19641556992	1558659072	1073741824	29333774336	157409280
348	1036070912	536870912	18629627904	1552654336	1073741824	38147956736	1012518912	536870912	19641556992	1507311616	1073741824	29488291840	180654080
349	1045491712	536870912	18629627904	1558589440	1073741824	38147956736	1018224640	536870912	19641556992	1513287680	1073741824	29488291840	182153216
350	1053245440	536870912	18629627904	1557929984	1073741824	38147956736	1023041536	536870912	19641556992	1517535232	1073741824	29488291840	167202816
351	931155968	536870912	19765952512	1464381440	1073741824	38963040256	940371968	536870912	20139745280	1455570944	1073741824	29721071616	147791872
352	823283712	536870912	20280180736	1366491136	1073741824	39809642496	826494976	536870912	20750450688	1356931072	1073741824	30047461376	162095104
353	785285120	536870912	20438798336	1321910272	1073741824	39973269504	765227008	536870912	20987133952	1283723264	1073741824	30189469696	178216960
354	785506304	536870912	20438798336	1322168320	1073741824	39973269504	765259776	536870912	20987133952	1283751936	1073741824	30189469696	176877568
355	792092672	536870912	20438798336	1327681536	1073741824	39973269504	766902272	536870912	20987133952	1284149248	1073741824	30189469696	176537600
356	779407360	536870912	20511551488	1329610752	1073741824	39973269504	767422464	536870912	20987133952	1284177920	1073741824	30190694400	187219968
357	780312576	536870912	20511551488	1329762304	1073741824	39973269504	767946752	536870912	20987133952	1284308992	1073741824	30190694400	185737216
358	789852160	536870912	20511551488	1328037888	1073741824	39973269504	772259840	536870912	20987133952	1285668864	1073741824	30190694400	181567488
359	803762176	536870912	20511551488	1327542272	1073741824	39973269504	778629120	536870912	20987133952	1289940992	1073741824	30190694400	174620672
360	784990208	536870912	20727316480	1340977152	1073741824	40039251968	784846848	536870912	20987133952	1294340096	1073741824	30190694400	164839424
361	794578944	536870912	20727316480	1318326272	1073741824	40252362752	788320256	536870912	20987133952	1296949248	1073741824	30190694400	169836544
362	790913024	536870912	20800684032	1321095168	1073741824	40314146816	794415104	536870912	20987133952	1300639744	1073741824	30190694400	173273088
363	796946432	536870912	20944003072	1327640576	1073741824	40314146816	782565376	536870912	21060825088	1303834624	1073741824	30190694400	166105088
364	788488192	536870912	21088604160	1329319936	1073741824	40379322368	789495808	536870912	21060825088	1308487680	1073741824	30190694400	175034368
365	799174656	536870912	21088604160	1319071744	1073741824	40455462912	789155840	536870912	21125636096	1312722944	1073741824	30190694400	182747136
366	779943936	536870912	21310455808	1329377280	1073741824	40455462912	795680768	536870912	21125636096	1317298176	1073741824	30190694400	176443392
367	792162304	536870912	21310455808	1323737088	1073741824	40523448320	779911168	536870912	21276209152	1320640512	1073741824	30190694400	176939008
368	806858752	536870912	21310455808	1323388928	1073741824	40523448320	785788928	536870912	21276209152	1323659264	1073741824	30190694400	167530496
369	816484352	536870912	21310455808	1317519360	1073741824	40523448320	793030656	536870912	21276209152	1327353856	1073741824	30190694400	178958336
370	830824448	536870912	21310455808	1317695488	1073741824	40523448320	800354304	536870912	21276209152	1332531200	1073741824	30190694400	163766272
371	829853696	536870912	21310455808	1314127872	1073741824	40523448320	801144832	536870912	21276209152	1332854784	1073741824	30190694400	183001088
372	791707648	536870912	21694468096	1336545280	1073741824	40523448320	803561472	536870912	21276209152	1333653504	1073741824	30190694400	192356352
373	802430976	536870912	21761679360	1337081856	1073741824	40674848768	791937024	536870912	21344866304	1335046144	1073741824	30190694400	189136896
374	801583104	536870912	21921267712	1344135168	1073741824	40681037824	795377664	536870912	21344866304	1336365056	1073741824	30190694400	175435776
375	816349184	536870912	21921267712	1342291968	1073741824	40744284160	797970432	536870912	21344866304	1337278464	1073741824	30190694400	170627072
376	828944384	536870912	21921267712	1343623168	1073741824	40744284160	802488320	536870912	21344866304	1338363904	1073741824	30190694400	179675136
377	826122240	536870912	22001307648	1345650688	1073741824	40817274880	807739392	536870912	21344866304	1341231104	1073741824	30190694400	183631872
378	839503872	536870912	22001307648	1351610368	1073741824	40817274880	814686208	536870912	21344866304	1344126976	1073741824	30190694400	178847744
379	839454720	536870912	22084468736	1357684736	1073741824	40817274880	811999232	536870912	21423046656	1347526656	1073741824	30190694400	182603776
380	827535360	536870912	22332735488	1355661312	1073741824	41036050432	818425856	536870912	21423046656	1350266880	1073741824	30190694400	175759360
381	787664896	536870912	22490968064	1318543360	1073741824	41253654528	801271808	536870912	21574008832	1345761280	1073741824	30262378496	186900480
382	691052544	536870912	23061000192	1223864320	1073741824	41637605376	684548096	536870912	21902524416	1210212352	1073741824	30601953280	153260032
383	599826432	536870912	23332372480	1131917312	1073741824	41894805504	605474816	536870912	22062563328	1128570880	1073741824	30744526848	176762880
384	599633920	536870912	23332372480	1131655168	1073741824	41894805504	585949184	536870912	22091464704	1128574976	1073741824	30744526848	197476352
385	605917184	536870912	23332372480	1133383680	1073741824	41894805504	587603968	536870912	22091464704	1128607744	1073741824	30744526848	187146240
386	621748224	536870912	23332372480	1132457984	1073741824	41894805504	591716352	536870912	22091464704	1129111552	1073741824	30744526848	178450432
387	632811520	536870912	23383699456	1134563328	1073741824	41894805504	596283392	536870912	22091464704	1130356736	1073741824	30744526848	170852352
388	651284480	536870912	23383699456	1135706112	1073741824	41894805504	602046464	536870912	22091464704	1131954176	1073741824	30744526848	165830656
389	665346048	536870912	23383699456	1134108672	1073741824	41894805504	606191616	536870912	22091464704	1132498944	1073741824	30744526848	160481280
390	645607424	536870912	23582138368	1135050752	1073741824	41894805504	609775616	536870912	22091464704	1133207552	1073741824	30744526848	185909248
391	634228736	536870912	23785705472	1142444032	1073741824	41894805504	613625856	536870912	22112063488	1135820800	1073741824	30744526848	185589760
392	624873472	536870912	23977517056	1150951424	1073741824	41894805504	617406464	536870912	22134489088	1138561024	1073741824	30744526848	179552256
393	621297664	536870912	24102060032	1160183808	1073741824	41894805504	609136640	536870912	22165504000	1140264960	1073741824	30744526848	181735424
394	632311808	536870912	24130121728	1160986624	1073741824	41918185472	616112128	536870912	22165504000	1143025664	1073741824	30744526848	166297600
395	647938048	536870912	24130121728	1162448896	1073741824	41918185472	623280128	536870912	22165504000	1145585664	1073741824	30744526848	175259648
396	648024064	536870912	24195293184	1163694080	1073741824	41918185472	628637696	536870912	22165504000	1147719680	1073741824	30744526848	177418240
397	648904704	536870912	24263864320	1168412672	1073741824	41918185472	635662336	536870912	22165504000	1150517248	1073741824	30744526848	170659840
398	635383808	536870912	24452247552	1172287488	1073741824	41946681344	641613824	536870912	22165504000	1152155648	1073741824	30744526848	176484352
399	641146880	536870912	24536219648	1177366528	1073741824	41946681344	633196544	536870912	22197690368	1153146880	1073741824	30744526848	170434560
400	638062592	536870912	24642371584	1177051136	1073741824	41979846656	638939136	536870912	22197690368	1155571712	1073741824	30744526848	163119104
401	646742016	536870912	24676745216	1170370560	1073741824	42013712384	631205888	536870912	22226452480	1158004736	1073741824	30744526848	179818496
402	657780736	536870912	24676745216	1175789568	1073741824	42013712384	637558784	536870912	22226452480	1160478720	1073741824	30744526848	173178880
403	661159936	536870912	24742903808	1184358400	1073741824	42013712384	644100096	536870912	22226452480	1162731520	1073741824	30744526848	161124352
404	657051648	536870912	24808681472	1186705408	1073741824	42013712384	650444800	536870912	22226452480	1165303808	1073741824	30744526848	187101184
405	656891904	536870912	24883036160	1195831296	1073741824	42013712384	657125376	536870912	22226452480	1168007168	1073741824	30744526848	178294784
406	654372864	536870912	24955568128	1191264256	1073741824	42051682304	661303296	536870912	22226452480	1169600512	1073741824	30744526848	176074752
407	657432576	536870912	24955568128	1193586688	1073741824	42051682304	662573056	536870912	22226452480	1170255872	1073741824	30744526848	169791488
408	666460160	536870912	24986845184	1197793280	1073741824	42051682304	648011776	536870912	22274551808	1171898368	1073741824	30744526848	178978816
409	671793152	536870912	25060970496	1197649920	1073741824	42051682304	650493952	536870912	22274551808	1171984384	1073741824	30744526848	181420032
410	683487232	536870912	25060970496	1200676864	1073741824	42051682304	654073856	536870912	22274551808	1172426752	1073741824	30744526848	160968704
411	670707712	536870912	25214988288	1197121536	1073741824	42051682304	657448960	536870912	22274551808	1172619264	1073741824	30744526848	185847808
412	615612416	536870912	25503571968	1140678656	1073741824	42323566592	605945856	536870912	22405046272	1108942848	1073741824	30842109952	164577280
413	534499328	536870912	25694224384	1068490752	1073741824	42423963648	540696576	536870912	22532345856	1035358208	1073741824	30933299200	142073856
414	498651136	536870912	25694224384	994795520	1073741824	42423963648	535179264	536870912	22539636736	1034330112	1073741824	30933299200	172650496
415	511586304	536870912	25694224384	995627008	1073741824	42423963648	540520448	536870912	22539636736	1034489856	1073741824	30933299200	173846528
416	519712768	536870912	25694224384	999763968	1073741824	42423963648	545951744	536870912	22539636736	1034989568	1073741824	30933299200	172175360
417	521404416	536870912	25694224384	999890944	1073741824	42423963648	546467840	536870912	22539636736	1035042816	1073741824	30933299200	169656320
418	532709376	536870912	25694224384	998473728	1073741824	42423963648	550154240	536870912	22539636736	1035104256	1073741824	30933299200	174444544
419	548941824	536870912	25694224384	999579648	1073741824	42423963648	554860544	536870912	22539636736	1035583488	1073741824	30933299200	167878656
420	556412928	536870912	25694224384	1006374912	1073741824	42423963648	561856512	536870912	22539636736	1038151680	1073741824	30933299200	161787904
421	557858816	536870912	25694224384	1008656384	1073741824	42423963648	569679872	536870912	22539636736	1039499264	1073741824	30933299200	185528320
422	563535872	536870912	25694224384	1018953728	1073741824	42423963648	573513728	536870912	22539636736	1039912960	1073741824	30933299200	162320384
423	564219904	536870912	25694224384	1016483840	1073741824	42423963648	576991232	536870912	22539636736	1040519168	1073741824	30933299200	179224576
424	567361536	536870912	25694224384	1025974272	1073741824	42423963648	585404416	536870912	22539636736	1043386368	1073741824	30933299200	169455616
425	563544064	536870912	25717231616	1038172160	1073741824	42423963648	562925568	536870912	22578020352	1046028288	1073741824	30933299200	178262016
426	559411200	536870912	25734664192	1051287552	1073741824	42423963648	549875712	536870912	22616985600	1049120768	1073741824	30933299200	178102272
427	548700160	536870912	25778233344	1058975744	1073741824	42423963648	536834048	536870912	22648025088	1050992640	1073741824	30933299200	197271552
428	553590784	536870912	25778233344	1067315200	1073741824	42423963648	541503488	536870912	22648025088	1052782592	1073741824	30933299200	176111616
429	556507136	536870912	25778233344	1077813248	1073741824	42423963648	549314560	536870912	22648025088	1055989760	1073741824	30933299200	167550976
430	559624192	536870912	25778233344	1086156800	1073741824	42423963648	556986368	536870912	22648025088	1059172352	1073741824	30933299200	161157120
431	554065920	536870912	25820016640	1098620928	1073741824	42423963648	553721856	536870912	22664056832	1062371328	1073741824	30933299200	159690752
432	556933120	536870912	25829478400	1091309568	1073741824	42465734656	560107520	536870912	22664056832	1064652800	1073741824	30933299200	161824768
433	547598336	536870912	25862938624	1084657664	1073741824	42516746240	548352000	536870912	22690066432	1067130880	1073741824	30933299200	187117568
434	551833600	536870912	25862938624	1084309504	1073741824	42562633728	538628096	536870912	22715723776	1070329856	1073741824	30933299200	195293184
435	558407680	536870912	25862938624	1100677120	1073741824	42562633728	545607680	536870912	22715723776	1073360896	1073741824	30933299200	158060544
436	558751744	536870912	25862938624	1104207872	1073741824	42562633728	553676800	536870912	22715723776	1075994624	1073741824	30933299200	177999872
437	562171904	536870912	25862938624	1110417408	1073741824	42562633728	560300032	536870912	22715723776	1078083584	1073741824	30933299200	174792704
438	565374976	536870912	25862938624	1122099200	1073741824	42562633728	567525376	536870912	22715723776	1081491456	1073741824	30933299200	163332096
439	569737216	536870912	25862938624	1108152320	1073741824	42651484160	554311680	536870912	22742646784	1083490304	1073741824	30933299200	184025088
440	572268544	536870912	25862938624	1122717696	1073741824	42651484160	559562752	536870912	22742646784	1085886464	1073741824	30933299200	175509504
441	571977728	536870912	25862938624	1109827584	1073741824	42758070272	563077120	536870912	22742646784	1087512576	1073741824	30933299200	175161344
442	570970112	536870912	25862938624	1106477056	1073741824	42788696064	565895168	536870912	22742646784	1088159744	1073741824	30933299200	173912064
443	565927936	536870912	25882513408	1099505664	1073741824	42819100672	546406400	536870912	22780968960	1088917504	1073741824	30933299200	195284992
444	565927936	536870912	25882513408	1109762048	1073741824	42819100672	548896768	536870912	22780968960	1090228224	1073741824	30933299200	330821632
445	565927936	536870912	25882513408	1115574272	1073741824	42819100672	550531072	536870912	22780968960	1090826240	1073741824	30933299200	2666524672
446	566046720	536870912	25882513408	1116872704	1073741824	42819100672	550793216	536870912	22780968960	1091088384	1073741824	30933299200	5306970112
447	565981184	536870912	25882513408	1129414656	1073741824	42819100672	553164800	536870912	22780968960	1092521984	1073741824	30933299200	7143202816
448	565981184	536870912	25882513408	1143635968	1073741824	42819100672	555794432	536870912	22780968960	1093939200	1073741824	30933299200	9128452096
449	565985280	536870912	25882513408	1156100096	1073741824	42819100672	558522368	536870912	22780968960	1095524352	1073741824	30933299200	9967296512
450	565985280	536870912	25882513408	1164574720	1073741824	42819100672	560209920	536870912	22780968960	1096290304	1073741824	30933299200	9954742272
451	565985280	536870912	25882513408	1172725760	1073741824	42819100672	560558080	536870912	22780968960	1096384512	1073741824	30933299200	9944743936
452	565985280	536870912	25882513408	1184653312	1073741824	42819100672	560807936	536870912	22780968960	1096511488	1073741824	30933299200	9930633216
453	565985280	536870912	25882513408	1195003904	1073741824	42819100672	561172480	536870912	22780968960	1096728576	1073741824	30933299200	9918058496
454	565985280	536870912	25882513408	1199534080	1073741824	42819100672	561262592	536870912	22780968960	1096691712	1073741824	30933299200	9912201216
455	565985280	536870912	25882513408	1201106944	1073741824	42819100672	561541120	536870912	22780968960	1096933376	1073741824	30933299200	9909428224
456	565985280	536870912	25882513408	1216884736	1073741824	42819100672	564080640	536870912	22780968960	487264256	1073741824	30933299200	10517446656
457	565985280	536870912	25882513408	1223258112	1073741824	42819100672	565288960	536870912	22780968960	488112128	1073741824	30933299200	10507177984
458	565985280	536870912	25882513408	1223286784	1073741824	42819100672	567156736	536870912	22780968960	489463808	1073741824	30933299200	10504024064
459	566013952	536870912	25882513408	1223286784	1073741824	42819100672	570335232	536870912	22780968960	491204608	1073741824	30933299200	10498256896
460	566013952	536870912	25882513408	1223286784	1073741824	42819100672	573718528	536870912	22780968960	493096960	1073741824	30933299200	10492407808
461	566013952	536870912	25882513408	1223286784	1073741824	42819100672	574214144	536870912	22780968960	493178880	1073741824	30933299200	10490712064
462	566013952	536870912	25882513408	1223286784	1073741824	42819100672	574271488	536870912	22780968960	493355008	1073741824	30933299200	10489704448
463	566013952	536870912	25882513408	1223286784	1073741824	42819100672	574779392	536870912	22780968960	493449216	1073741824	30933299200	10490212352
464	566013952	536870912	25882513408	1223286784	1073741824	42819100672	578277376	536870912	22780968960	495181824	1073741824	30933299200	10483130368
465	566013952	536870912	25882513408	1223286784	1073741824	42819100672	581304320	536870912	22780968960	497090560	1073741824	30933299200	10478129152
