1	1437413376	9223372036854771712	0	2792775680	9223372036854771712	0	1759113216	9223372036854771712	0	2707996672	9223372036854771712	0	2438242304
2	1437532160	9223372036854771712	0	2792775680	9223372036854771712	0	1759113216	9223372036854771712	0	2707996672	9223372036854771712	0	2437615616
3	1437532160	9223372036854771712	0	2792894464	9223372036854771712	0	1759244288	9223372036854771712	0	2707996672	9223372036854771712	0	2437824512
4	1437532160	9223372036854771712	0	2792894464	9223372036854771712	0	1759522816	9223372036854771712	0	2708127744	9223372036854771712	0	2436919296
5	1437614080	9223372036854771712	0	2793025536	9223372036854771712	0	1759522816	9223372036854771712	0	2708172800	9223372036854771712	0	2437550080
6	1476915200	9223372036854771712	0	2793209856	9223372036854771712	0	1759621120	9223372036854771712	0	2708262912	9223372036854771712	0	2399260672
7	1488478208	9223372036854771712	0	2834845696	9223372036854771712	0	1759662080	9223372036854771712	0	2708303872	9223372036854771712	0	2346065920
8	1488662528	9223372036854771712	0	2847203328	9223372036854771712	0	1759715328	9223372036854771712	0	2708348928	9223372036854771712	0	2332516352
9	1488814080	9223372036854771712	0	2847420416	9223372036854771712	0	1759752192	9223372036854771712	0	2708389888	9223372036854771712	0	2331435008
10	1489002496	9223372036854771712	0	2879434752	9223372036854771712	0	1759772672	9223372036854771712	0	2708426752	9223372036854771712	0	2299994112
11	1489199104	9223372036854771712	0	2879729664	9223372036854771712	0	1759825920	9223372036854771712	0	2708492288	9223372036854771712	0	2299244544
12	1500987392	9223372036854771712	0	2879836160	9223372036854771712	0	1759858688	9223372036854771712	0	2708537344	9223372036854771712	0	2286874624
13	1512161280	9223372036854771712	0	2880212992	9223372036854771712	0	1759895552	9223372036854771712	0	2708594688	9223372036854771712	0	2274062336
14	1512456192	9223372036854771712	0	2880516096	9223372036854771712	0	1759961088	9223372036854771712	0	2708623360	9223372036854771712	0	2273718272
15	1512869888	9223372036854771712	0	2880815104	9223372036854771712	0	1759993856	9223372036854771712	0	2708705280	9223372036854771712	0	2272735232
16	1513250816	9223372036854771712	0	2881056768	9223372036854771712	0	1760043008	9223372036854771712	0	2708762624	9223372036854771712	0	2272608256
17	1513807872	9223372036854771712	0	2881372160	9223372036854771712	0	1762185216	9223372036854771712	0	2708807680	9223372036854771712	0	2270240768
18	1514270720	9223372036854771712	0	2881835008	9223372036854771712	0	1762222080	9223372036854771712	0	2708844544	9223372036854771712	0	2268880896
19	1514758144	9223372036854771712	0	2882203648	9223372036854771712	0	1762226176	9223372036854771712	0	2708881408	9223372036854771712	0	2268532736
20	1515175936	9223372036854771712	0	2882686976	9223372036854771712	0	1955581952	9223372036854771712	0	2708938752	9223372036854771712	0	2071912448
21	1515585536	9223372036854771712	0	2883067904	9223372036854771712	0	2041741312	9223372036854771712	0	2708983808	9223372036854771712	0	1983266816
22	1516089344	9223372036854771712	0	2883551232	9223372036854771712	0	2087616512	9223372036854771712	0	2709069824	9223372036854771712	0	1936072704
23	1516576768	9223372036854771712	0	2884001792	9223372036854771712	0	2131263488	9223372036854771712	0	2709135360	9223372036854771712	0	1891954688
24	1517056000	9223372036854771712	0	2884292608	9223372036854771712	0	2147467264	9223372036854771712	0	2709188608	9223372036854771712	0	1873666048
25	1517465600	9223372036854771712	0	2884927488	9223372036854771712	0	2147483648	9223372036854771712	0	2709262336	9223372036854771712	0	1872584704
26	1517985792	9223372036854771712	0	2885328896	9223372036854771712	0	2147475456	9223372036854771712	0	2709323776	9223372036854771712	0	1871921152
27	1518497792	9223372036854771712	0	2977120256	9223372036854771712	0	2147475456	9223372036854771712	0	2709385216	9223372036854771712	0	1779367936
28	1518825472	9223372036854771712	0	2993831936	9223372036854771712	0	2147475456	9223372036854771712	0	2711560192	9223372036854771712	0	1759297536
29	1519386624	9223372036854771712	0	2994569216	9223372036854771712	0	2147483648	9223372036854771712	0	2711478272	9223372036854771712	0	1758584832
30	1519898624	9223372036854771712	0	2994941952	9223372036854771712	0	2147442688	9223372036854771712	0	2711478272	9223372036854771712	0	1757675520
31	1520455680	9223372036854771712	0	2995515392	9223372036854771712	0	2147454976	9223372036854771712	0	2711478272	9223372036854771712	0	1756721152
32	1520975872	9223372036854771712	0	2995937280	9223372036854771712	0	2147397632	9223372036854771712	0	2711609344	9223372036854771712	0	1755799552
33	1521565696	9223372036854771712	0	2996568064	9223372036854771712	0	2147323904	9223372036854771712	0	2711650304	9223372036854771712	0	1754644480
34	1522139136	9223372036854771712	0	2997088256	9223372036854771712	0	2147454976	9223372036854771712	0	2711691264	9223372036854771712	0	1754226688
35	1522507776	9223372036854771712	0	2997506048	9223372036854771712	0	2147332096	9223372036854771712	0	2711740416	9223372036854771712	0	1753006080
36	1523064832	9223372036854771712	0	2998042624	9223372036854771712	0	2147397632	9223372036854771712	0	2711764992	9223372036854771712	0	1752395776
37	1523699712	9223372036854771712	0	2998566912	9223372036854771712	0	2147336192	9223372036854771712	0	2711670784	9223372036854771712	0	1749975040
38	1524269056	9223372036854771712	0	2999222272	9223372036854771712	0	2147475456	9223372036854771712	0	2711670784	9223372036854771712	0	1750134784
39	1525084160	9223372036854771712	0	2999996416	9223372036854771712	0	2147438592	9223372036854771712	0	2711670784	9223372036854771712	0	1739931648
40	1525882880	9223372036854771712	0	3000856576	9223372036854771712	0	2147348480	9223372036854771712	0	2711670784	9223372036854771712	0	1737519104
41	1526632448	9223372036854771712	0	3001470976	9223372036854771712	0	2147483648	9223372036854771712	0	2711670784	9223372036854771712	0	1735888896
42	1527406592	9223372036854771712	0	3002228736	9223372036854771712	0	2147356672	9223372036854771712	0	2711670784	9223372036854771712	0	1734254592
43	1528041472	9223372036854771712	0	3003228160	9223372036854771712	0	2147405824	9223372036854771712	0	2711670784	9223372036854771712	0	1731817472
44	1528811520	9223372036854771712	0	3003879424	9223372036854771712	0	2147409920	9223372036854771712	0	2711670784	9223372036854771712	0	1731334144
45	1529765888	9223372036854771712	0	3004821504	9223372036854771712	0	2147360768	9223372036854771712	0	2711670784	9223372036854771712	0	1729036288
46	1530892288	9223372036854771712	0	3005743104	9223372036854771712	0	2147233792	9223372036854771712	0	2711670784	9223372036854771712	0	1727373312
47	1531764736	9223372036854771712	0	3006803968	9223372036854771712	0	2147364864	9223372036854771712	0	2711670784	9223372036854771712	0	1725624320
48	1532973056	9223372036854771712	0	3007836160	9223372036854771712	0	1552904192	9223372036854771712	0	2711670784	9223372036854771712	0	2319736832
49	1534009344	9223372036854771712	0	3008937984	9223372036854771712	0	1552928768	9223372036854771712	0	2711670784	9223372036854771712	0	2317860864
50	1535205376	9223372036854771712	0	3010002944	9223372036854771712	0	1552957440	9223372036854771712	0	2711670784	9223372036854771712	0	2316132352
51	1536561152	9223372036854771712	0	3011715072	9223372036854771712	0	1552998400	9223372036854771712	0	2711670784	9223372036854771712	0	2312798208
52	1537687552	9223372036854771712	0	3012796416	9223372036854771712	0	1553080320	9223372036854771712	0	2711670784	9223372036854771712	0	2310516736
53	1538891776	9223372036854771712	0	3014021120	9223372036854771712	0	1552953344	9223372036854771712	0	2711670784	9223372036854771712	0	2308358144
54	1539764224	9223372036854771712	0	3014848512	9223372036854771712	0	1552953344	9223372036854771712	0	2711670784	9223372036854771712	0	2306224128
55	1540878336	9223372036854771712	0	3015983104	9223372036854771712	0	1553084416	9223372036854771712	0	2711670784	9223372036854771712	0	2303877120
56	1542090752	9223372036854771712	0	3017211904	9223372036854771712	0	1553100800	9223372036854771712	0	3048787968	9223372036854771712	0	1962405888
57	1543155712	9223372036854771712	0	3018194944	9223372036854771712	0	1553113088	9223372036854771712	0	3326779392	9223372036854771712	0	1680396288
58	1544142848	9223372036854771712	0	3019132928	9223372036854771712	0	1553117184	9223372036854771712	0	3463467008	9223372036854771712	0	1541935104
59	1546539008	9223372036854771712	0	3020181504	9223372036854771712	0	1553006592	9223372036854771712	0	3549380608	9223372036854771712	0	1451540480
60	1547534336	9223372036854771712	0	3021111296	9223372036854771712	0	1553006592	9223372036854771712	0	3605573632	9223372036854771712	0	1390768128
61	1548742656	9223372036854771712	0	3022376960	9223372036854771712	0	1553006592	9223372036854771712	0	3655782400	9223372036854771712	0	1337212928
62	1549934592	9223372036854771712	0	3023368192	9223372036854771712	0	1553006592	9223372036854771712	0	3709140992	9223372036854771712	0	1280589824
63	1551142912	9223372036854771712	0	3024564224	9223372036854771712	0	1553014784	9223372036854771712	0	3760857088	9223372036854771712	0	1225895936
64	1552158720	9223372036854771712	0	3025612800	9223372036854771712	0	1553022976	9223372036854771712	0	3795746816	9223372036854771712	0	1188368384
65	1553330176	9223372036854771712	0	3026673664	9223372036854771712	0	1553027072	9223372036854771712	0	3822931968	9223372036854771712	0	1158995968
66	1554530304	9223372036854771712	0	3027771392	9223372036854771712	0	1553035264	9223372036854771712	0	3851694080	9223372036854771712	0	1126846464
67	1555689472	9223372036854771712	0	3028951040	9223372036854771712	0	1553043456	9223372036854771712	0	3899133952	9223372036854771712	0	1075240960
68	1556742144	9223372036854771712	0	3029987328	9223372036854771712	0	1553047552	9223372036854771712	0	3946610688	9223372036854771712	0	1024835584
69	1557913600	9223372036854771712	0	3031056384	9223372036854771712	0	1553055744	9223372036854771712	0	3994812416	9223372036854771712	0	974426112
70	1558994944	9223372036854771712	0	3032313856	9223372036854771712	0	1553059840	9223372036854771712	0	4043853824	9223372036854771712	0	917893120
71	1560129536	9223372036854771712	0	3033300992	9223372036854771712	0	1553063936	9223372036854771712	0	4094349312	9223372036854771712	0	865488896
72	1561165824	9223372036854771712	0	3034271744	9223372036854771712	0	1553076224	9223372036854771712	0	4143054848	9223372036854771712	0	815230976
73	1636368384	9223372036854771712	0	3035254784	9223372036854771712	0	1553084416	9223372036854771712	0	4192231424	9223372036854771712	0	689225728
74	1682886656	9223372036854771712	0	3036418048	9223372036854771712	0	1553092608	9223372036854771712	0	4241416192	9223372036854771712	0	589930496
75	1731272704	9223372036854771712	0	3037470720	9223372036854771712	0	1553092608	9223372036854771712	0	4291248128	9223372036854771712	0	488337408
76	1793286144	9223372036854771712	0	3038445568	9223372036854771712	0	1553092608	9223372036854771712	0	4294942720	9223372036854771712	0	418738176
77	1860251648	9223372036854771712	0	3039305728	9223372036854771712	0	1553096704	9223372036854771712	0	4294955008	9223372036854771712	0	347201536
78	1949605888	9223372036854771712	0	3040268288	9223372036854771712	0	1553100800	9223372036854771712	0	4294959104	9223372036854771712	0	257060864
79	2018279424	9223372036854771712	0	3041185792	9223372036854771712	0	1553100800	9223372036854771712	0	4294897664	9223372036854771712	0	185323520
80	2018738176	9223372036854771712	0	3041628160	9223372036854771712	0	1553104896	9223372036854771712	0	4294959104	9223372036854771712	0	191397888
81	2020048896	9223372036854771712	0	3042996224	9223372036854771712	0	1553104896	9223372036854771712	0	4294942720	9223372036854771712	0	189063168
82	2020982784	9223372036854771712	0	3044179968	9223372036854771712	0	1553104896	9223372036854771712	0	4294836224	9223372036854771712	0	188436480
83	2022158336	9223372036854771712	0	3045457920	9223372036854771712	0	1553108992	9223372036854771712	0	4294959104	9223372036854771712	0	185028608
84	2023456768	9223372036854771712	0	3046645760	9223372036854771712	0	1553108992	9223372036854771712	0	4294934528	9223372036854771712	0	185024512
85	2024554496	9223372036854771712	0	3047858176	9223372036854771712	0	1553108992	9223372036854771712	0	4294959104	9223372036854771712	0	183361536
86	2026053632	9223372036854771712	0	3049492480	9223372036854771712	0	1553108992	9223372036854771712	0	4294959104	9223372036854771712	0	179875840
87	2027503616	9223372036854771712	0	3051851776	9223372036854771712	0	1553113088	9223372036854771712	0	4294959104	9223372036854771712	0	176824320
88	2028331008	9223372036854771712	0	3053912064	9223372036854771712	0	1553117184	9223372036854771712	0	4294959104	9223372036854771712	0	172781568
89	2029113344	9223372036854771712	0	3082932224	9223372036854771712	0	1552928768	9223372036854771712	0	4294959104	9223372036854771712	0	686354432
90	2030055424	9223372036854771712	0	3132071936	9223372036854771712	0	1552945152	9223372036854771712	0	4294955008	9223372036854771712	0	635203584
91	2031177728	9223372036854771712	0	3204861952	9223372036854771712	0	1552961536	9223372036854771712	0	4294959104	9223372036854771712	0	561999872
92	2032513024	9223372036854771712	0	3284307968	9223372036854771712	0	1552965632	9223372036854771712	0	4294950912	9223372036854771712	0	481767424
93	2033328128	9223372036854771712	0	3373875200	9223372036854771712	0	1552965632	9223372036854771712	0	4294930432	9223372036854771712	0	388845568
94	2034720768	9223372036854771712	0	3450802176	9223372036854771712	0	1552982016	9223372036854771712	0	4294946816	9223372036854771712	0	309096448
95	2035585024	9223372036854771712	0	3532316672	9223372036854771712	0	1552990208	9223372036854771712	0	4294959104	9223372036854771712	0	223420416
96	2032361472	9223372036854771712	0	3619872768	9223372036854771712	0	1187479552	9223372036854771712	0	4293804032	9223372036854771712	0	520491008
97	2033106944	9223372036854771712	0	3636219904	9223372036854771712	0	1187487744	9223372036854771712	0	4294959104	9223372036854771712	0	499048448
98	2034110464	9223372036854771712	0	3637248000	9223372036854771712	0	1187491840	9223372036854771712	0	4294959104	9223372036854771712	0	497426432
99	2034909184	9223372036854771712	0	3638083584	9223372036854771712	0	1187500032	9223372036854771712	0	4294959104	9223372036854771712	0	494952448
100	2035777536	9223372036854771712	0	3639021568	9223372036854771712	0	1187508224	9223372036854771712	0	4294893568	9223372036854771712	0	492777472
101	2037207040	9223372036854771712	0	3640397824	9223372036854771712	0	1187508224	9223372036854771712	0	4294959104	9223372036854771712	0	490737664
102	2038411264	9223372036854771712	0	3641315328	9223372036854771712	0	1187508224	9223372036854771712	0	4294959104	9223372036854771712	0	488296448
103	2039476224	9223372036854771712	0	3642220544	9223372036854771712	0	1187524608	9223372036854771712	0	3071082496	9223372036854771712	0	1715474432
104	2040721408	9223372036854771712	0	3643555840	9223372036854771712	0	1187524608	9223372036854771712	0	3071082496	9223372036854771712	0	1709621248
105	2041741312	9223372036854771712	0	3644538880	9223372036854771712	0	1187532800	9223372036854771712	0	3071082496	9223372036854771712	0	1705152512
106	2042757120	9223372036854771712	0	3645722624	9223372036854771712	0	1189642240	9223372036854771712	0	3071082496	9223372036854771712	0	1703231488
107	2043920384	9223372036854771712	0	3647057920	9223372036854771712	0	1189654528	9223372036854771712	0	3071082496	9223372036854771712	0	1699741696
108	2045218816	9223372036854771712	0	3648212992	9223372036854771712	0	1189789696	9223372036854771712	0	3071082496	9223372036854771712	0	1698697216
109	2046517248	9223372036854771712	0	3649314816	9223372036854771712	0	1386790912	9223372036854771712	0	3071082496	9223372036854771712	0	1497264128
110	2047492096	9223372036854771712	0	3650445312	9223372036854771712	0	1468579840	9223372036854771712	0	3071082496	9223372036854771712	0	1414258688
111	2048544768	9223372036854771712	0	3651608576	9223372036854771712	0	1516421120	9223372036854771712	0	3071082496	9223372036854771712	0	1363030016
112	2049761280	9223372036854771712	0	3652534272	9223372036854771712	0	1560330240	9223372036854771712	0	3071082496	9223372036854771712	0	1317838848
113	2050723840	9223372036854771712	0	3653750784	9223372036854771712	0	1605681152	9223372036854771712	0	3071082496	9223372036854771712	0	1268662272
114	2051911680	9223372036854771712	0	3655110656	9223372036854771712	0	1649065984	9223372036854771712	0	3073179648	9223372036854771712	0	1220796416
115	2053042176	9223372036854771712	0	3656052736	9223372036854771712	0	1693368320	9223372036854771712	0	3073179648	9223372036854771712	0	1170743296
116	2054156288	9223372036854771712	0	3657187328	9223372036854771712	0	1735442432	9223372036854771712	0	3073179648	9223372036854771712	0	1129046016
117	2055766016	9223372036854771712	0	3658260480	9223372036854771712	0	1777647616	9223372036854771712	0	3073179648	9223372036854771712	0	1083510784
118	2056867840	9223372036854771712	0	3660484608	9223372036854771712	0	1817231360	9223372036854771712	0	3073179648	9223372036854771712	0	1040973824
119	2058063872	9223372036854771712	0	3661586432	9223372036854771712	0	1859960832	9223372036854771712	0	3073179648	9223372036854771712	0	993951744
120	2059177984	9223372036854771712	0	3662684160	9223372036854771712	0	1899020288	9223372036854771712	0	3073179648	9223372036854771712	0	952463360
121	2060308480	9223372036854771712	0	3663888384	9223372036854771712	0	1939128320	9223372036854771712	0	3073179648	9223372036854771712	0	908922880
122	2061307904	9223372036854771712	0	3664953344	9223372036854771712	0	1976483840	9223372036854771712	0	3073179648	9223372036854771712	0	866562048
123	2062475264	9223372036854771712	0	3666120704	9223372036854771712	0	2015412224	9223372036854771712	0	3073179648	9223372036854771712	0	825040896
124	2063560704	9223372036854771712	0	3667546112	9223372036854771712	0	2053947392	9223372036854771712	0	3073179648	9223372036854771712	0	784764928
125	2064760832	9223372036854771712	0	3668713472	9223372036854771712	0	2088812544	9223372036854771712	0	3073179648	9223372036854771712	0	743292928
126	2065915904	9223372036854771712	0	3669942272	9223372036854771712	0	2123939840	9223372036854771712	0	3073179648	9223372036854771712	0	708009984
127	2067046400	9223372036854771712	0	3670736896	9223372036854771712	0	2147348480	9223372036854771712	0	3073179648	9223372036854771712	0	679862272
128	2067517440	9223372036854771712	0	3671543808	9223372036854771712	0	2147356672	9223372036854771712	0	3073179648	9223372036854771712	0	680665088
129	2068533248	9223372036854771712	0	3672768512	9223372036854771712	0	2147360768	9223372036854771712	0	3073179648	9223372036854771712	0	676872192
130	2069696512	9223372036854771712	0	3673874432	9223372036854771712	0	2147360768	9223372036854771712	0	3073179648	9223372036854771712	0	675291136
131	2070564864	9223372036854771712	0	3675926528	9223372036854771712	0	2147373056	9223372036854771712	0	3073179648	9223372036854771712	0	673304576
132	2070994944	9223372036854771712	0	3676397568	9223372036854771712	0	2147463168	9223372036854771712	0	3073179648	9223372036854771712	0	671191040
133	2072051712	9223372036854771712	0	3677511680	9223372036854771712	0	2147360768	9223372036854771712	0	3073179648	9223372036854771712	0	670298112
134	2073382912	9223372036854771712	0	3678810112	9223372036854771712	0	2147270656	9223372036854771712	0	3073179648	9223372036854771712	0	667488256
135	2074599424	9223372036854771712	0	3679977472	9223372036854771712	0	2147270656	9223372036854771712	0	3073179648	9223372036854771712	0	665710592
136	2075799552	9223372036854771712	0	3681124352	9223372036854771712	0	2147270656	9223372036854771712	0	3073179648	9223372036854771712	0	662437888
137	2077048832	9223372036854771712	0	3682394112	9223372036854771712	0	2147270656	9223372036854771712	0	3073179648	9223372036854771712	0	659591168
138	2078220288	9223372036854771712	0	3683549184	9223372036854771712	0	2147364864	9223372036854771712	0	3073179648	9223372036854771712	0	656801792
139	2079371264	9223372036854771712	0	3684634624	9223372036854771712	0	2147459072	9223372036854771712	0	3073179648	9223372036854771712	0	655364096
140	2080337920	9223372036854771712	0	3685801984	9223372036854771712	0	2147368960	9223372036854771712	0	3073179648	9223372036854771712	0	653099008
141	2081603584	9223372036854771712	0	3687096320	9223372036854771712	0	2147373056	9223372036854771712	0	3073179648	9223372036854771712	0	651153408
142	2082934784	9223372036854771712	0	3688452096	9223372036854771712	0	2147373056	9223372036854771712	0	3073179648	9223372036854771712	0	649216000
143	2084118528	9223372036854771712	0	3689578496	9223372036854771712	0	2147381248	9223372036854771712	0	3073179648	9223372036854771712	0	646746112
144	2085163008	9223372036854771712	0	3691638784	9223372036854771712	0	2147303424	9223372036854771712	0	3073179648	9223372036854771712	0	634212352
145	2086277120	9223372036854771712	0	3692851200	9223372036854771712	0	2147479552	9223372036854771712	0	3073179648	9223372036854771712	0	631857152
146	2087358464	9223372036854771712	0	3693834240	9223372036854771712	0	2147409920	9223372036854771712	0	3073179648	9223372036854771712	0	630878208
147	2088132608	9223372036854771712	0	3695054848	9223372036854771712	0	1502580736	9223372036854771712	0	3073179648	9223372036854771712	0	1275052032
148	2089369600	9223372036854771712	0	3696316416	9223372036854771712	0	1502588928	9223372036854771712	0	3073179648	9223372036854771712	0	1273241600
149	2090803200	9223372036854771712	0	3697430528	9223372036854771712	0	1502593024	9223372036854771712	0	3073179648	9223372036854771712	0	1269489664
150	2092101632	9223372036854771712	0	3698581504	9223372036854771712	0	1502605312	9223372036854771712	0	3073183744	9223372036854771712	0	1266614272
151	2093793280	9223372036854771712	0	3699748864	9223372036854771712	0	1502617600	9223372036854771712	0	3073183744	9223372036854771712	0	1264078848
152	2095222784	9223372036854771712	0	3700965376	9223372036854771712	0	1502625792	9223372036854771712	0	3073183744	9223372036854771712	0	1261117440
153	2147463168	9223372036854771712	0	3701968896	9223372036854771712	0	1502638080	9223372036854771712	0	3073183744	9223372036854771712	0	1207033856
154	2147450880	9223372036854771712	0	3702996992	9223372036854771712	0	1502646272	9223372036854771712	0	3073183744	9223372036854771712	0	1205829632
155	2147397632	9223372036854771712	0	3703398400	9223372036854771712	0	1502654464	9223372036854771712	0	3073183744	9223372036854771712	0	1204912128
156	2147450880	9223372036854771712	0	3704565760	9223372036854771712	0	1502658560	9223372036854771712	0	3073183744	9223372036854771712	0	1203167232
157	2147450880	9223372036854771712	0	3705737216	9223372036854771712	0	1502658560	9223372036854771712	0	3075280896	9223372036854771712	0	1200635904
158	2147450880	9223372036854771712	0	3706986496	9223372036854771712	0	1502662656	9223372036854771712	0	3075280896	9223372036854771712	0	1199980544
159	2043039744	9223372036854771712	0	3708301312	9223372036854771712	0	1502670848	9223372036854771712	0	3075280896	9223372036854771712	0	1302376448
160	2043527168	9223372036854771712	0	3708645376	9223372036854771712	0	1502801920	9223372036854771712	0	3075280896	9223372036854771712	0	1301807104
161	2044485632	9223372036854771712	0	3709624320	9223372036854771712	0	1502674944	9223372036854771712	0	3075280896	9223372036854771712	0	1300934656
162	2045456384	9223372036854771712	0	3710849024	9223372036854771712	0	1502687232	9223372036854771712	0	3075280896	9223372036854771712	0	1297420288
163	2046685184	9223372036854771712	0	3712286720	9223372036854771712	0	1502695424	9223372036854771712	0	3075280896	9223372036854771712	0	1294561280
164	2047868928	9223372036854771712	0	3713536000	9223372036854771712	0	1502707712	9223372036854771712	0	3471511552	9223372036854771712	0	892719104
165	2049073152	9223372036854771712	0	3720617984	9223372036854771712	0	1502715904	9223372036854771712	0	3728707584	9223372036854771712	0	628092928
166	2050314240	9223372036854771712	0	3773886464	9223372036854771712	0	1502724096	9223372036854771712	0	3861336064	9223372036854771712	0	439873536
167	2051297280	9223372036854771712	0	3815792640	9223372036854771712	0	1502724096	9223372036854771712	0	3920723968	9223372036854771712	0	334548992
168	2051829760	9223372036854771712	0	3816427520	9223372036854771712	0	1502732288	9223372036854771712	0	3953328128	9223372036854771712	0	300163072
169	2052952064	9223372036854771712	0	3817537536	9223372036854771712	0	1502736384	9223372036854771712	0	4003569664	9223372036854771712	0	245960704
170	2053873664	9223372036854771712	0	3818627072	9223372036854771712	0	1502736384	9223372036854771712	0	4050903040	9223372036854771712	0	197816320
171	2052882432	9223372036854771712	0	3816034304	9223372036854771712	0	1190076416	9223372036854771712	0	4095606784	9223372036854771712	0	478150656
172	2054008832	9223372036854771712	0	3817107456	9223372036854771712	0	1190076416	9223372036854771712	0	4138848256	9223372036854771712	0	433426432
173	2054848512	9223372036854771712	0	3713298432	9223372036854771712	0	1190084608	9223372036854771712	0	4161499136	9223372036854771712	0	513093632
174	2055815168	9223372036854771712	0	3714404352	9223372036854771712	0	1190096896	9223372036854771712	0	4187914240	9223372036854771712	0	485568512
175	2057113600	9223372036854771712	0	3715416064	9223372036854771712	0	1190105088	9223372036854771712	0	4221087744	9223372036854771712	0	448811008
176	2058297344	9223372036854771712	0	3716558848	9223372036854771712	0	1190121472	9223372036854771712	0	4264759296	9223372036854771712	0	403812352
177	2059247616	9223372036854771712	0	3717529600	9223372036854771712	0	1190121472	9223372036854771712	0	4294938624	9223372036854771712	0	369381376
178	2060283904	9223372036854771712	0	3718414336	9223372036854771712	0	1190121472	9223372036854771712	0	4294959104	9223372036854771712	0	368824320
179	2061320192	9223372036854771712	0	3719532544	9223372036854771712	0	1190125568	9223372036854771712	0	4294942720	9223372036854771712	0	365846528
180	2067570688	9223372036854771712	0	3720404992	9223372036854771712	0	1190125568	9223372036854771712	0	4294967296	9223372036854771712	0	360525824
181	2069286912	9223372036854771712	0	3721224192	9223372036854771712	0	1190133760	9223372036854771712	0	4294918144	9223372036854771712	0	356229120
182	2070323200	9223372036854771712	0	3722362880	9223372036854771712	0	1190137856	9223372036854771712	0	4294836224	9223372036854771712	0	354660352
183	2071449600	9223372036854771712	0	3723292672	9223372036854771712	0	1190137856	9223372036854771712	0	4294950912	9223372036854771712	0	352145408
184	2072616960	9223372036854771712	0	3724431360	9223372036854771712	0	1190158336	9223372036854771712	0	4294942720	9223372036854771712	0	350011392
185	2073681920	9223372036854771712	0	3725455360	9223372036854771712	0	1190166528	9223372036854771712	0	4294955008	9223372036854771712	0	348372992
186	2074750976	9223372036854771712	0	3726368768	9223372036854771712	0	1190174720	9223372036854771712	0	4294873088	9223372036854771712	0	353574912
187	2075873280	9223372036854771712	0	3727417344	9223372036854771712	0	1190178816	9223372036854771712	0	4294938624	9223372036854771712	0	351842304
188	2077040640	9223372036854771712	0	3728502784	9223372036854771712	0	1190182912	9223372036854771712	0	4294860800	9223372036854771712	0	350576640
189	2078027776	9223372036854771712	0	3731156992	9223372036854771712	0	1190182912	9223372036854771712	0	4294938624	9223372036854771712	0	346288128
190	2078760960	9223372036854771712	0	3732082688	9223372036854771712	0	1190182912	9223372036854771712	0	4294938624	9223372036854771712	0	344731648
191	2079838208	9223372036854771712	0	3733204992	9223372036854771712	0	1190182912	9223372036854771712	0	4294963200	9223372036854771712	0	342925312
192	2080669696	9223372036854771712	0	3734212608	9223372036854771712	0	1190326272	9223372036854771712	0	4294926336	9223372036854771712	0	341147648
193	2081247232	9223372036854771712	0	3734482944	9223372036854771712	0	1190199296	9223372036854771712	0	4294938624	9223372036854771712	0	337035264
194	2082152448	9223372036854771712	0	3735429120	9223372036854771712	0	1190207488	9223372036854771712	0	4294938624	9223372036854771712	0	337657856
195	2083086336	9223372036854771712	0	3736391680	9223372036854771712	0	1190207488	9223372036854771712	0	4294942720	9223372036854771712	0	336973824
196	2083958784	9223372036854771712	0	3737673728	9223372036854771712	0	1190211584	9223372036854771712	0	4294942720	9223372036854771712	0	334143488
197	2085298176	9223372036854771712	0	3739119616	9223372036854771712	0	1190211584	9223372036854771712	0	4294836224	9223372036854771712	0	332271616
198	2086547456	9223372036854771712	0	3740495872	9223372036854771712	0	1190211584	9223372036854771712	0	4294946816	9223372036854771712	0	329146368
199	2087448576	9223372036854771712	0	3741384704	9223372036854771712	0	1190223872	9223372036854771712	0	4294942720	9223372036854771712	0	326799360
200	2088505344	9223372036854771712	0	3742457856	9223372036854771712	0	1190232064	9223372036854771712	0	4294942720	9223372036854771712	0	325259264
201	2089598976	9223372036854771712	0	3743379456	9223372036854771712	0	1190363136	9223372036854771712	0	4294942720	9223372036854771712	0	322621440
202	2090369024	9223372036854771712	0	3744399360	9223372036854771712	0	1190240256	9223372036854771712	0	4294942720	9223372036854771712	0	320589824
203	2091057152	9223372036854771712	0	3745087488	9223372036854771712	0	1190244352	9223372036854771712	0	4294942720	9223372036854771712	0	318050304
204	2092359680	9223372036854771712	0	3746316288	9223372036854771712	0	1190248448	9223372036854771712	0	4294946816	9223372036854771712	0	316018688
205	2093510656	9223372036854771712	0	3747352576	9223372036854771712	0	1190383616	9223372036854771712	0	4294946816	9223372036854771712	0	315174912
206	2094858240	9223372036854771712	0	3748601856	9223372036854771712	0	1190260736	9223372036854771712	0	4294946816	9223372036854771712	0	312336384
207	2096005120	9223372036854771712	0	3750096896	9223372036854771712	0	1190264832	9223372036854771712	0	4294967296	9223372036854771712	0	309481472
208	2084159488	9223372036854771712	0	3728297984	9223372036854771712	0	1401810944	9223372036854771712	0	4287344640	9223372036854771712	0	164728832
209	2065895424	9223372036854771712	0	3696926720	9223372036854771712	0	1480323072	9223372036854771712	0	4285788160	9223372036854771712	0	180822016
210	2046021632	9223372036854771712	0	3668791296	9223372036854771712	0	1611264000	9223372036854771712	0	3094855680	9223372036854771712	0	1342296064
211	2048331776	9223372036854771712	0	3670478848	9223372036854771712	0	1658318848	9223372036854771712	0	3094646784	9223372036854771712	0	1291763712
212	2050338816	9223372036854771712	0	3671777280	9223372036854771712	0	1702359040	9223372036854771712	0	3094646784	9223372036854771712	0	1243897856
213	2052288512	9223372036854771712	0	3673042944	9223372036854771712	0	1745612800	9223372036854771712	0	3094646784	9223372036854771712	0	1197170688
214	2054569984	9223372036854771712	0	3674804224	9223372036854771712	0	1788473344	9223372036854771712	0	3094646784	9223372036854771712	0	1150283776
215	2056945664	9223372036854771712	0	3676168192	9223372036854771712	0	1829367808	9223372036854771712	0	3094646784	9223372036854771712	0	1105244160
216	2059173888	9223372036854771712	0	3677577216	9223372036854771712	0	1868689408	9223372036854771712	0	3094646784	9223372036854771712	0	1062715392
217	2061651968	9223372036854771712	0	3679322112	9223372036854771712	0	1908404224	9223372036854771712	0	3094646784	9223372036854771712	0	1017507840
218	2073436160	9223372036854771712	0	3680575488	9223372036854771712	0	1947566080	9223372036854771712	0	3094646784	9223372036854771712	0	964141056
219	2076020736	9223372036854771712	0	3682017280	9223372036854771712	0	1986232320	9223372036854771712	0	3094646784	9223372036854771712	0	920330240
220	2077175808	9223372036854771712	0	3683135488	9223372036854771712	0	2014281728	9223372036854771712	0	3094646784	9223372036854771712	0	889466880
221	2078248960	9223372036854771712	0	3684155392	9223372036854771712	0	2046918656	9223372036854771712	0	3094646784	9223372036854771712	0	854577152
222	2079391744	9223372036854771712	0	3685314560	9223372036854771712	0	2080169984	9223372036854771712	0	3094646784	9223372036854771712	0	818110464
223	2081062912	9223372036854771712	0	3686719488	9223372036854771712	0	2112835584	9223372036854771712	0	3094646784	9223372036854771712	0	781393920
224	2082676736	9223372036854771712	0	3692240896	9223372036854771712	0	2147483648	9223372036854771712	0	3094646784	9223372036854771712	0	737951744
225	2085199872	9223372036854771712	0	3693506560	9223372036854771712	0	2147352576	9223372036854771712	0	3094646784	9223372036854771712	0	733634560
226	2090049536	9223372036854771712	0	3695083520	9223372036854771712	0	2147483648	9223372036854771712	0	3094646784	9223372036854771712	0	726859776
227	2091040768	9223372036854771712	0	3695931392	9223372036854771712	0	2147352576	9223372036854771712	0	3094646784	9223372036854771712	0	725377024
228	2091560960	9223372036854771712	0	3696599040	9223372036854771712	0	2147483648	9223372036854771712	0	3094646784	9223372036854771712	0	723079168
229	2092482560	9223372036854771712	0	3697598464	9223372036854771712	0	2147475456	9223372036854771712	0	3094646784	9223372036854771712	0	721645568
230	2093608960	9223372036854771712	0	3698597888	9223372036854771712	0	2147409920	9223372036854771712	0	3094646784	9223372036854771712	0	711471104
231	2094800896	9223372036854771712	0	3699990528	9223372036854771712	0	2147397632	9223372036854771712	0	3094646784	9223372036854771712	0	709529600
232	2096070656	9223372036854771712	0	3701633024	9223372036854771712	0	2147364864	9223372036854771712	0	3094646784	9223372036854771712	0	707264512
233	2097135616	9223372036854771712	0	3702628352	9223372036854771712	0	2147377152	9223372036854771712	0	3094646784	9223372036854771712	0	703840256
234	2098434048	9223372036854771712	0	3705454592	9223372036854771712	0	2147393536	9223372036854771712	0	3094646784	9223372036854771712	0	700919808
235	2099761152	9223372036854771712	0	3708260352	9223372036854771712	0	2147397632	9223372036854771712	0	3094646784	9223372036854771712	0	696504320
236	2101121024	9223372036854771712	0	3709722624	9223372036854771712	0	2147405824	9223372036854771712	0	3094646784	9223372036854771712	0	693522432
237	2102386688	9223372036854771712	0	3711291392	9223372036854771712	0	2147381248	9223372036854771712	0	3094646784	9223372036854771712	0	690769920
238	2103738368	9223372036854771712	0	3712618496	9223372036854771712	0	1516470272	9223372036854771712	0	3094646784	9223372036854771712	0	1320767488
239	2104815616	9223372036854771712	0	3713884160	9223372036854771712	0	1516523520	9223372036854771712	0	3094646784	9223372036854771712	0	1318920192
240	2001530880	9223372036854771712	0	3715538944	9223372036854771712	0	1516531712	9223372036854771712	0	3094646784	9223372036854771712	0	1420259328
241	2002657280	9223372036854771712	0	3717881856	9223372036854771712	0	1516539904	9223372036854771712	0	3094646784	9223372036854771712	0	1417695232
242	2003869696	9223372036854771712	0	3719974912	9223372036854771712	0	1516548096	9223372036854771712	0	3094646784	9223372036854771712	0	1415696384
243	2005196800	9223372036854771712	0	3722498048	9223372036854771712	0	1518649344	9223372036854771712	0	3094646784	9223372036854771712	0	1408995328
244	2006642688	9223372036854771712	0	3759333376	9223372036854771712	0	1518653440	9223372036854771712	0	3094646784	9223372036854771712	0	1370734592
245	2008219648	9223372036854771712	0	3773284352	9223372036854771712	0	1518661632	9223372036854771712	0	3094646784	9223372036854771712	0	1355452416
246	2014740480	9223372036854771712	0	3774201856	9223372036854771712	0	1518534656	9223372036854771712	0	3094646784	9223372036854771712	0	1348136960
247	2016829440	9223372036854771712	0	3775512576	9223372036854771712	0	1518534656	9223372036854771712	0	3094646784	9223372036854771712	0	1344327680
248	2018058240	9223372036854771712	0	3776831488	9223372036854771712	0	1518534656	9223372036854771712	0	3094646784	9223372036854771712	0	1342169088
249	2019303424	9223372036854771712	0	3778138112	9223372036854771712	0	1518534656	9223372036854771712	0	3094646784	9223372036854771712	0	1339011072
250	2020753408	9223372036854771712	0	3779407872	9223372036854771712	0	1518534656	9223372036854771712	0	3094646784	9223372036854771712	0	1336721408
251	2021883904	9223372036854771712	0	3675938816	9223372036854771712	0	1518665728	9223372036854771712	0	3096743936	9223372036854771712	0	1436626944
252	2023067648	9223372036854771712	0	3677048832	9223372036854771712	0	1518669824	9223372036854771712	0	3096743936	9223372036854771712	0	1434943488
253	2024308736	9223372036854771712	0	3678154752	9223372036854771712	0	1518673920	9223372036854771712	0	3096743936	9223372036854771712	0	1432891392
254	2025476096	9223372036854771712	0	3679227904	9223372036854771712	0	1518682112	9223372036854771712	0	3096743936	9223372036854771712	0	1431511040
255	2026553344	9223372036854771712	0	3680133120	9223372036854771712	0	1518686208	9223372036854771712	0	3096743936	9223372036854771712	0	1427779584
256	2027810816	9223372036854771712	0	3681398784	9223372036854771712	0	1518686208	9223372036854771712	0	3096743936	9223372036854771712	0	1426382848
257	2029080576	9223372036854771712	0	3682627584	9223372036854771712	0	1518694400	9223372036854771712	0	3096743936	9223372036854771712	0	1418977280
258	2032259072	9223372036854771712	0	3683807232	9223372036854771712	0	1518579712	9223372036854771712	0	3096743936	9223372036854771712	0	1418543104
259	2041221120	9223372036854771712	0	3685056512	9223372036854771712	0	1518587904	9223372036854771712	0	3096743936	9223372036854771712	0	1408008192
260	2042531840	9223372036854771712	0	3686367232	9223372036854771712	0	1518718976	9223372036854771712	0	3096743936	9223372036854771712	0	1403031552
261	2043748352	9223372036854771712	0	3687575552	9223372036854771712	0	1518727168	9223372036854771712	0	3096743936	9223372036854771712	0	1401171968
262	2045136896	9223372036854771712	0	3692683264	9223372036854771712	0	1518604288	9223372036854771712	0	3096743936	9223372036854771712	0	1396346880
263	2046705664	9223372036854771712	0	3702906880	9223372036854771712	0	1518735360	9223372036854771712	0	3096743936	9223372036854771712	0	1385390080
264	2047967232	9223372036854771712	0	3704086528	9223372036854771712	0	1518739456	9223372036854771712	0	3096743936	9223372036854771712	0	1381326848
265	2049384448	9223372036854771712	0	3705212928	9223372036854771712	0	1518624768	9223372036854771712	0	3096743936	9223372036854771712	0	1380069376
266	2050646016	9223372036854771712	0	3706314752	9223372036854771712	0	1518628864	9223372036854771712	0	3096743936	9223372036854771712	0	1375412224
267	2052079616	9223372036854771712	0	3707613184	9223372036854771712	0	1518632960	9223372036854771712	0	3096743936	9223372036854771712	0	1374384128
268	2053509120	9223372036854771712	0	3709054976	9223372036854771712	0	1518764032	9223372036854771712	0	3096743936	9223372036854771712	0	1369776128
269	2054545408	9223372036854771712	0	3710103552	9223372036854771712	0	1518641152	9223372036854771712	0	3096743936	9223372036854771712	0	1369751552
270	2055712768	9223372036854771712	0	3711414272	9223372036854771712	0	1518641152	9223372036854771712	0	3096743936	9223372036854771712	0	1367142400
271	2056855552	9223372036854771712	0	3712385024	9223372036854771712	0	1518645248	9223372036854771712	0	3475619840	9223372036854771712	0	979828736
272	2057744384	9223372036854771712	0	3713433600	9223372036854771712	0	1518645248	9223372036854771712	0	3747418112	9223372036854771712	0	705724416
273	2058735616	9223372036854771712	0	3714318336	9223372036854771712	0	1518649344	9223372036854771712	0	3874811904	9223372036854771712	0	576729088
274	2059943936	9223372036854771712	0	3715366912	9223372036854771712	0	1518653440	9223372036854771712	0	3942699008	9223372036854771712	0	506036224
275	2061025280	9223372036854771712	0	3716435968	9223372036854771712	0	1518661632	9223372036854771712	0	4001521664	9223372036854771712	0	441638912
276	2062508032	9223372036854771712	0	3717529600	9223372036854771712	0	1518669824	9223372036854771712	0	4053098496	9223372036854771712	0	388628480
277	2064461824	9223372036854771712	0	3718627328	9223372036854771712	0	1518669824	9223372036854771712	0	4102287360	9223372036854771712	0	333320192
278	2065719296	9223372036854771712	0	3719413760	9223372036854771712	0	1518669824	9223372036854771712	0	4144197632	9223372036854771712	0	291172352
279	2067410944	9223372036854771712	0	3720380416	9223372036854771712	0	1518669824	9223372036854771712	0	4179542016	9223372036854771712	0	251342848
280	2069364736	9223372036854771712	0	3721469952	9223372036854771712	0	1518669824	9223372036854771712	0	4206804992	9223372036854771712	0	221630464
281	2070990848	9223372036854771712	0	3722285056	9223372036854771712	0	1518669824	9223372036854771712	0	4231225344	9223372036854771712	0	192577536
282	2072129536	9223372036854771712	0	3721895936	9223372036854771712	0	1192742912	9223372036854771712	0	4270174208	9223372036854771712	0	485314560
283	2074050560	9223372036854771712	0	3724369920	9223372036854771712	0	1192747008	9223372036854771712	0	4294942720	9223372036854771712	0	456237056
284	2075930624	9223372036854771712	0	3734728704	9223372036854771712	0	1192747008	9223372036854771712	0	4294967296	9223372036854771712	0	443604992
285	2078019584	9223372036854771712	0	3735842816	9223372036854771712	0	1192755200	9223372036854771712	0	4294946816	9223372036854771712	0	442540032
286	2079678464	9223372036854771712	0	3736883200	9223372036854771712	0	1192759296	9223372036854771712	0	4294918144	9223372036854771712	0	438558720
287	2081542144	9223372036854771712	0	3737853952	9223372036854771712	0	1192890368	9223372036854771712	0	4294955008	9223372036854771712	0	435785728
288	2083495936	9223372036854771712	0	3738988544	9223372036854771712	0	1192763392	9223372036854771712	0	4294942720	9223372036854771712	0	433033216
289	2084814848	9223372036854771712	0	3739963392	9223372036854771712	0	1192894464	9223372036854771712	0	4294942720	9223372036854771712	0	432300032
290	2086649856	9223372036854771712	0	3741057024	9223372036854771712	0	1192771584	9223372036854771712	0	4294942720	9223372036854771712	0	428843008
291	2087915520	9223372036854771712	0	3741851648	9223372036854771712	0	1192771584	9223372036854771712	0	4294946816	9223372036854771712	0	430989312
292	2090037248	9223372036854771712	0	3743035392	9223372036854771712	0	1192775680	9223372036854771712	0	4294946816	9223372036854771712	0	427515904
293	2091802624	9223372036854771712	0	3743952896	9223372036854771712	0	1192775680	9223372036854771712	0	4294946816	9223372036854771712	0	426524672
294	2093473792	9223372036854771712	0	3745124352	9223372036854771712	0	1192775680	9223372036854771712	0	4294955008	9223372036854771712	0	420446208
295	2094194688	9223372036854771712	0	3745574912	9223372036854771712	0	1192775680	9223372036854771712	0	4294873088	9223372036854771712	0	422596608
296	2095763456	9223372036854771712	0	3746295808	9223372036854771712	0	1192775680	9223372036854771712	0	4294955008	9223372036854771712	0	420757504
297	2097426432	9223372036854771712	0	3747311616	9223372036854771712	0	1192775680	9223372036854771712	0	4294950912	9223372036854771712	0	417566720
298	2099257344	9223372036854771712	0	3748470784	9223372036854771712	0	1192779776	9223372036854771712	0	4294959104	9223372036854771712	0	414425088
299	2101301248	9223372036854771712	0	3749896192	9223372036854771712	0	1192779776	9223372036854771712	0	4294946816	9223372036854771712	0	411766784
300	2103095296	9223372036854771712	0	3751006208	9223372036854771712	0	1209487360	9223372036854771712	0	4294967296	9223372036854771712	0	389779456
301	2112520192	9223372036854771712	0	3751972864	9223372036854771712	0	1235365888	9223372036854771712	0	4294819840	9223372036854771712	0	353820672
302	2113425408	9223372036854771712	0	3753123840	9223372036854771712	0	1266585600	9223372036854771712	0	4294950912	9223372036854771712	0	320512000
303	2124554240	9223372036854771712	0	3755368448	9223372036854771712	0	1313509376	9223372036854771712	0	4294877184	9223372036854771712	0	260317184
304	2130440192	9223372036854771712	0	3763531776	9223372036854771712	0	1360171008	9223372036854771712	0	4294946816	9223372036854771712	0	199585792
305	2133962752	9223372036854771712	0	3757010944	9223372036854771712	0	1399623680	9223372036854771712	0	4292804608	9223372036854771712	0	173084672
306	2134392832	9223372036854771712	0	3738046464	9223372036854771712	0	1439985664	9223372036854771712	0	4294823936	9223372036854771712	0	173948928
307	2147446784	9223372036854771712	0	3719532544	9223372036854771712	0	1472860160	9223372036854771712	0	4294811648	9223372036854771712	0	167702528
308	2139029504	9223372036854771712	0	3704832000	9223372036854771712	0	1515556864	9223372036854771712	0	4294946816	9223372036854771712	0	166084608
309	2129944576	9223372036854771712	0	3688742912	9223372036854771712	0	1558384640	9223372036854771712	0	4294967296	9223372036854771712	0	166739968
310	2123890688	9223372036854771712	0	3677597696	9223372036854771712	0	1597472768	9223372036854771712	0	4294926336	9223372036854771712	0	158498816
311	2112012288	9223372036854771712	0	3656683520	9223372036854771712	0	1637781504	9223372036854771712	0	4292562944	9223372036854771712	0	175546368
312	2103869440	9223372036854771712	0	3642077184	9223372036854771712	0	1678233600	9223372036854771712	0	4292878336	9223372036854771712	0	176644096
313	2103238656	9223372036854771712	0	3639549952	9223372036854771712	0	1721188352	9223372036854771712	0	4294950912	9223372036854771712	0	139235328
314	2090631168	9223372036854771712	0	3617587200	9223372036854771712	0	1751040000	9223372036854771712	0	4293427200	9223372036854771712	0	168333312
315	2083872768	9223372036854771712	0	3605520384	9223372036854771712	0	1789505536	9223372036854771712	0	4294950912	9223372036854771712	0	162963456
316	2076446720	9223372036854771712	0	3592282112	9223372036854771712	0	1827479552	9223372036854771712	0	4294950912	9223372036854771712	0	163168256
317	2066149376	9223372036854771712	0	3574616064	9223372036854771712	0	1863372800	9223372036854771712	0	4293111808	9223372036854771712	0	176992256
318	2060066816	9223372036854771712	0	3564232704	9223372036854771712	0	1897517056	9223372036854771712	0	4293283840	9223372036854771712	0	173076480
319	1950244864	9223372036854771712	0	3557269504	9223372036854771712	0	1930813440	9223372036854771712	0	3060752384	9223372036854771712	0	1507418112
320	1951412224	9223372036854771712	0	3580690432	9223372036854771712	0	1967775744	9223372036854771712	0	3060752384	9223372036854771712	0	1444872192
321	1952411648	9223372036854771712	0	3593936896	9223372036854771712	0	2002247680	9223372036854771712	0	3060752384	9223372036854771712	0	1396736000
322	1953693696	9223372036854771712	0	3604164608	9223372036854771712	0	2038685696	9223372036854771712	0	3060752384	9223372036854771712	0	1347903488
323	1954992128	9223372036854771712	0	3616182272	9223372036854771712	0	2068652032	9223372036854771712	0	3060752384	9223372036854771712	0	1303322624
324	1955708928	9223372036854771712	0	3616751616	9223372036854771712	0	2083725312	9223372036854771712	0	3060752384	9223372036854771712	0	1286012928
325	1956978688	9223372036854771712	0	3618013184	9223372036854771712	0	2115444736	9223372036854771712	0	3060752384	9223372036854771712	0	1250861056
326	1958039552	9223372036854771712	0	3619225600	9223372036854771712	0	2128683008	9223372036854771712	0	3060752384	9223372036854771712	0	1235734528
327	1959186432	9223372036854771712	0	3515600896	9223372036854771712	0	2147446784	9223372036854771712	0	3060752384	9223372036854771712	0	1319165952
328	1959981056	9223372036854771712	0	3516649472	9223372036854771712	0	2147483648	9223372036854771712	0	3060752384	9223372036854771712	0	1315954688
329	1961074688	9223372036854771712	0	3517829120	9223372036854771712	0	2147483648	9223372036854771712	0	3060752384	9223372036854771712	0	1315467264
330	1962647552	9223372036854771712	0	3519295488	9223372036854771712	0	1740435456	9223372036854771712	0	3060752384	9223372036854771712	0	1721552896
331	1964208128	9223372036854771712	0	3520675840	9223372036854771712	0	1740435456	9223372036854771712	0	3060752384	9223372036854771712	0	1718857728
332	1966948352	9223372036854771712	0	3522019328	9223372036854771712	0	1740435456	9223372036854771712	0	3060752384	9223372036854771712	0	1714618368
333	1975586816	9223372036854771712	0	3523215360	9223372036854771712	0	1740435456	9223372036854771712	0	3060752384	9223372036854771712	0	1705086976
334	1988579328	9223372036854771712	0	3524628480	9223372036854771712	0	1740435456	9223372036854771712	0	3060752384	9223372036854771712	0	1689477120
335	1996562432	9223372036854771712	0	3526230016	9223372036854771712	0	1740435456	9223372036854771712	0	3060752384	9223372036854771712	0	1680699392
336	1998110720	9223372036854771712	0	3527647232	9223372036854771712	0	1740435456	9223372036854771712	0	3060752384	9223372036854771712	0	1677942784
337	1999409152	9223372036854771712	0	3529084928	9223372036854771712	0	1740435456	9223372036854771712	0	3060752384	9223372036854771712	0	1674846208
338	2001051648	9223372036854771712	0	3530592256	9223372036854771712	0	1740435456	9223372036854771712	0	3060752384	9223372036854771712	0	1671192576
339	2002575360	9223372036854771712	0	3532034048	9223372036854771712	0	1740435456	9223372036854771712	0	3060752384	9223372036854771712	0	1668517888
340	2003857408	9223372036854771712	0	3533422592	9223372036854771712	0	1740435456	9223372036854771712	0	3060752384	9223372036854771712	0	1665683456
341	2005417984	9223372036854771712	0	3540758528	9223372036854771712	0	1740435456	9223372036854771712	0	3060752384	9223372036854771712	0	1657167872
342	2006847488	9223372036854771712	0	3560235008	9223372036854771712	0	1740435456	9223372036854771712	0	3062849536	9223372036854771712	0	1634271232
343	2008408064	9223372036854771712	0	3576086528	9223372036854771712	0	1740435456	9223372036854771712	0	3062849536	9223372036854771712	0	1616424960
344	2009833472	9223372036854771712	0	3579219968	9223372036854771712	0	1740435456	9223372036854771712	0	3062849536	9223372036854771712	0	1612140544
345	2011230208	9223372036854771712	0	3580530688	9223372036854771712	0	1740550144	9223372036854771712	0	3062849536	9223372036854771712	0	1609322496
346	2012233728	9223372036854771712	0	3581579264	9223372036854771712	0	1740550144	9223372036854771712	0	3062849536	9223372036854771712	0	1606270976
347	2013417472	9223372036854771712	0	3582775296	9223372036854771712	0	1740435456	9223372036854771712	0	3062849536	9223372036854771712	0	1599774720
348	2014576640	9223372036854771712	0	3583905792	9223372036854771712	0	1740435456	9223372036854771712	0	3062849536	9223372036854771712	0	1601019904
349	2015473664	9223372036854771712	0	3584638976	9223372036854771712	0	1740435456	9223372036854771712	0	3062849536	9223372036854771712	0	1599692800
350	2016370688	9223372036854771712	0	3585683456	9223372036854771712	0	1740435456	9223372036854771712	0	3062849536	9223372036854771712	0	1598971904
351	2017148928	9223372036854771712	0	3586482176	9223372036854771712	0	1740435456	9223372036854771712	0	3062849536	9223372036854771712	0	1596170240
352	2018197504	9223372036854771712	0	3587391488	9223372036854771712	0	1740439552	9223372036854771712	0	3062849536	9223372036854771712	0	1593696256
353	2019364864	9223372036854771712	0	3588583424	9223372036854771712	0	1740439552	9223372036854771712	0	3062849536	9223372036854771712	0	1592414208
354	2020569088	9223372036854771712	0	3589779456	9223372036854771712	0	1740439552	9223372036854771712	0	3062849536	9223372036854771712	0	1589530624
355	2021617664	9223372036854771712	0	3590909952	9223372036854771712	0	1740443648	9223372036854771712	0	3062849536	9223372036854771712	0	1586098176
356	2022629376	9223372036854771712	0	3592056832	9223372036854771712	0	1740443648	9223372036854771712	0	3062849536	9223372036854771712	0	1585319936
357	2023796736	9223372036854771712	0	3593072640	9223372036854771712	0	1740447744	9223372036854771712	0	3062849536	9223372036854771712	0	1582592000
358	2024964096	9223372036854771712	0	3594256384	9223372036854771712	0	1740447744	9223372036854771712	0	3062849536	9223372036854771712	0	1579855872
359	2026119168	9223372036854771712	0	3595644928	9223372036854771712	0	1740460032	9223372036854771712	0	3062849536	9223372036854771712	0	1576730624
360	2027888640	9223372036854771712	0	3596689408	9223372036854771712	0	1740460032	9223372036854771712	0	3062849536	9223372036854771712	0	1574965248
361	2030026752	9223372036854771712	0	3597918208	9223372036854771712	0	1742557184	9223372036854771712	0	3062849536	9223372036854771712	0	1570152448
362	2031775744	9223372036854771712	0	3598979072	9223372036854771712	0	1742557184	9223372036854771712	0	3062849536	9223372036854771712	0	1567248384
363	2033983488	9223372036854771712	0	3600314368	9223372036854771712	0	1742565376	9223372036854771712	0	3062849536	9223372036854771712	0	1563820032
364	2035544064	9223372036854771712	0	3601096704	9223372036854771712	0	1742573568	9223372036854771712	0	3062849536	9223372036854771712	0	1560125440
365	2037489664	9223372036854771712	0	3602411520	9223372036854771712	0	1742573568	9223372036854771712	0	3062849536	9223372036854771712	0	1557458944
366	2039582720	9223372036854771712	0	3603566592	9223372036854771712	0	1742577664	9223372036854771712	0	3062849536	9223372036854771712	0	1554259968
367	2041913344	9223372036854771712	0	3604701184	9223372036854771712	0	1742581760	9223372036854771712	0	3062849536	9223372036854771712	0	1550987264
368	2044030976	9223372036854771712	0	3606007808	9223372036854771712	0	1742581760	9223372036854771712	0	3062849536	9223372036854771712	0	1548087296
369	2045804544	9223372036854771712	0	3607240704	9223372036854771712	0	1742581760	9223372036854771712	0	3062849536	9223372036854771712	0	1545342976
370	2047836160	9223372036854771712	0	3608223744	9223372036854771712	0	1742589952	9223372036854771712	0	3062849536	9223372036854771712	0	1541701632
371	2050326528	9223372036854771712	0	3609653248	9223372036854771712	0	1742602240	9223372036854771712	0	3062849536	9223372036854771712	0	1537536000
372	2052808704	9223372036854771712	0	3610705920	9223372036854771712	0	1742602240	9223372036854771712	0	3062849536	9223372036854771712	0	1531133952
373	2055020544	9223372036854771712	0	3612135424	9223372036854771712	0	1742606336	9223372036854771712	0	3062849536	9223372036854771712	0	1527869440
374	2057007104	9223372036854771712	0	3613458432	9223372036854771712	0	1742610432	9223372036854771712	0	3062849536	9223372036854771712	0	1524932608
375	2059227136	9223372036854771712	0	3614695424	9223372036854771712	0	1742610432	9223372036854771712	0	3062849536	9223372036854771712	0	1521627136
376	2061004800	9223372036854771712	0	3616010240	9223372036854771712	0	1742614528	9223372036854771712	0	3062849536	9223372036854771712	0	1518055424
377	2063093760	9223372036854771712	0	3617349632	9223372036854771712	0	1742618624	9223372036854771712	0	3062849536	9223372036854771712	0	1514397696
378	2065178624	9223372036854771712	0	3618721792	9223372036854771712	0	1742622720	9223372036854771712	0	3062849536	9223372036854771712	0	1511424000
379	2067263488	9223372036854771712	0	3620851712	9223372036854771712	0	1742622720	9223372036854771712	0	3062849536	9223372036854771712	0	1507692544
380	2084552704	9223372036854771712	0	3623014400	9223372036854771712	0	1742626816	9223372036854771712	0	3483590656	9223372036854771712	0	1063145472
381	2092142592	9223372036854771712	0	3625140224	9223372036854771712	0	1742761984	9223372036854771712	0	3784990720	9223372036854771712	0	751562752
382	2096586752	9223372036854771712	0	3627163648	9223372036854771712	0	1742639104	9223372036854771712	0	3882426368	9223372036854771712	0	647057408
383	2100637696	9223372036854771712	0	3629133824	9223372036854771712	0	1742643200	9223372036854771712	0	3938762752	9223372036854771712	0	583143424
384	2102067200	9223372036854771712	0	3631108096	9223372036854771712	0	1742655488	9223372036854771712	0	3984146432	9223372036854771712	0	532770816
385	2103234560	9223372036854771712	0	3633221632	9223372036854771712	0	1742659584	9223372036854771712	0	4033564672	9223372036854771712	0	479277056
386	2104541184	9223372036854771712	0	3635027968	9223372036854771712	0	1742659584	9223372036854771712	0	4082061312	9223372036854771712	0	426766336
387	2104832000	9223372036854771712	0	3635515392	9223372036854771712	0	1742659584	9223372036854771712	0	4103733248	9223372036854771712	0	405020672
388	2106368000	9223372036854771712	0	3636817920	9223372036854771712	0	1742659584	9223372036854771712	0	4154200064	9223372036854771712	0	350777344
389	2107465728	9223372036854771712	0	3665379328	9223372036854771712	0	1742659584	9223372036854771712	0	4184948736	9223372036854771712	0	289415168
390	2108608512	9223372036854771712	0	3666227200	9223372036854771712	0	1742659584	9223372036854771712	0	4212195328	9223372036854771712	0	258662400
391	2109702144	9223372036854771712	0	3673354240	9223372036854771712	0	1742659584	9223372036854771712	0	4243111936	9223372036854771712	0	219172864
392	2110607360	9223372036854771712	0	3678085120	9223372036854771712	0	1742659584	9223372036854771712	0	4289544192	9223372036854771712	0	166739968
393	2109665280	9223372036854771712	0	3681210368	9223372036854771712	0	1195454464	9223372036854771712	0	4294938624	9223372036854771712	0	712024064
394	2110713856	9223372036854771712	0	3682168832	9223372036854771712	0	1195327488	9223372036854771712	0	4294963200	9223372036854771712	0	710533120
395	2111361024	9223372036854771712	0	3683053568	9223372036854771712	0	1195327488	9223372036854771712	0	4294963200	9223372036854771712	0	709390336
396	2112442368	9223372036854771712	0	3691618304	9223372036854771712	0	1195327488	9223372036854771712	0	4294938624	9223372036854771712	0	700534784
397	2113130496	9223372036854771712	0	3695910912	9223372036854771712	0	1195327488	9223372036854771712	0	4294942720	9223372036854771712	0	695365632
398	2113998848	9223372036854771712	0	3704741888	9223372036854771712	0	1195327488	9223372036854771712	0	4294918144	9223372036854771712	0	678191104
399	2114584576	9223372036854771712	0	3705298944	9223372036854771712	0	1195327488	9223372036854771712	0	4294918144	9223372036854771712	0	676446208
400	2115428352	9223372036854771712	0	3706257408	9223372036854771712	0	1195327488	9223372036854771712	0	4294950912	9223372036854771712	0	674148352
401	2116374528	9223372036854771712	0	3707179008	9223372036854771712	0	1195331584	9223372036854771712	0	4294959104	9223372036854771712	0	671821824
402	2117427200	9223372036854771712	0	3708080128	9223372036854771712	0	1195331584	9223372036854771712	0	4294942720	9223372036854771712	0	670527488
403	2118533120	9223372036854771712	0	3709255680	9223372036854771712	0	1195331584	9223372036854771712	0	4294959104	9223372036854771712	0	668332032
404	2119155712	9223372036854771712	0	3710013440	9223372036854771712	0	1195331584	9223372036854771712	0	4294946816	9223372036854771712	0	666628096
405	2120130560	9223372036854771712	0	3710930944	9223372036854771712	0	1195335680	9223372036854771712	0	4294967296	9223372036854771712	0	664080384
406	2121760768	9223372036854771712	0	3712569344	9223372036854771712	0	1195335680	9223372036854771712	0	4294942720	9223372036854771712	0	661188608
407	2123091968	9223372036854771712	0	3713593344	9223372036854771712	0	1231695872	9223372036854771712	0	4294963200	9223372036854771712	0	617631744
408	2124185600	9223372036854771712	0	3714826240	9223372036854771712	0	1280000000	9223372036854771712	0	4294946816	9223372036854771712	0	567648256
409	2125455360	9223372036854771712	0	3716075520	9223372036854771712	0	1329709056	9223372036854771712	0	4294946816	9223372036854771712	0	515272704
410	2126540800	9223372036854771712	0	3717226496	9223372036854771712	0	1376968704	9223372036854771712	0	4294815744	9223372036854771712	0	470114304
411	2127900672	9223372036854771712	0	3718565888	9223372036854771712	0	1408393216	9223372036854771712	0	4294946816	9223372036854771712	0	435617792
412	2129526784	9223372036854771712	0	3720060928	9223372036854771712	0	1438449664	9223372036854771712	0	4294963200	9223372036854771712	0	402948096
413	2136715264	9223372036854771712	0	3721326592	9223372036854771712	0	1468911616	9223372036854771712	0	4294950912	9223372036854771712	0	365142016
414	2144993280	9223372036854771712	0	3722334208	9223372036854771712	0	1501286400	9223372036854771712	0	4294946816	9223372036854771712	0	323477504
415	2146324480	9223372036854771712	0	3723702272	9223372036854771712	0	1533009920	9223372036854771712	0	4294963200	9223372036854771712	0	290144256
416	2147385344	9223372036854771712	0	3724967936	9223372036854771712	0	1566412800	9223372036854771712	0	4294946816	9223372036854771712	0	253689856
417	2147352576	9223372036854771712	0	3725914112	9223372036854771712	0	1598918656	9223372036854771712	0	4294946816	9223372036854771712	0	220041216
418	2147446784	9223372036854771712	0	3727171584	9223372036854771712	0	1633390592	9223372036854771712	0	4294946816	9223372036854771712	0	184188928
419	2147385344	9223372036854771712	0	3728228352	9223372036854771712	0	1668911104	9223372036854771712	0	4294950912	9223372036854771712	0	146989056
420	2146656256	9223372036854771712	0	3729412096	9223372036854771712	0	1676484608	9223372036854771712	0	4294111232	9223372036854771712	0	139227136
421	2146291712	9223372036854771712	0	3729006592	9223372036854771712	0	1677795328	9223372036854771712	0	4293779456	9223372036854771712	0	139370496
422	2129158144	9223372036854771712	0	3725213696	9223372036854771712	0	1696047104	9223372036854771712	0	4294950912	9223372036854771712	0	170700800
423	2122801152	9223372036854771712	0	3713744896	9223372036854771712	0	1734066176	9223372036854771712	0	4294692864	9223372036854771712	0	161628160
424	2107678720	9223372036854771712	0	3700203520	9223372036854771712	0	1775984640	9223372036854771712	0	4292317184	9223372036854771712	0	179404800
425	2095079424	9223372036854771712	0	3689603072	9223372036854771712	0	1815822336	9223372036854771712	0	4291661824	9223372036854771712	0	168239104
426	2087645184	9223372036854771712	0	3681665024	9223372036854771712	0	1854627840	9223372036854771712	0	4290834432	9223372036854771712	0	164036608
427	2076741632	9223372036854771712	0	3666083840	9223372036854771712	0	1895616512	9223372036854771712	0	4292321280	9223372036854771712	0	170995712
428	2067247104	9223372036854771712	0	3657056256	9223372036854771712	0	1928200192	9223372036854771712	0	4290494464	9223372036854771712	0	176668672
429	2057457664	9223372036854771712	0	3647389696	9223372036854771712	0	1963405312	9223372036854771712	0	4292059136	9223372036854771712	0	179122176
430	2051325952	9223372036854771712	0	3649490944	9223372036854771712	0	1986142208	9223372036854771712	0	4294582272	9223372036854771712	0	169738240
431	2044522496	9223372036854771712	0	3649433600	9223372036854771712	0	2011594752	9223372036854771712	0	4294844416	9223372036854771712	0	163598336
432	2036830208	9223372036854771712	0	3641954304	9223372036854771712	0	2037280768	9223372036854771712	0	3052060672	9223372036854771712	0	1418391552
433	2038259712	9223372036854771712	0	3649413120	9223372036854771712	0	2056548352	9223372036854771712	0	3052060672	9223372036854771712	0	1390149632
434	2039558144	9223372036854771712	0	3660935168	9223372036854771712	0	2073718784	9223372036854771712	0	3052060672	9223372036854771712	0	1359847424
435	2040856576	9223372036854771712	0	3675918336	9223372036854771712	0	2084372480	9223372036854771712	0	3052060672	9223372036854771712	0	1331445760
436	2042048512	9223372036854771712	0	3574751232	9223372036854771712	0	1729478656	9223372036854771712	0	3052060672	9223372036854771712	0	1789321216
437	2043346944	9223372036854771712	0	3587792896	9223372036854771712	0	1729613824	9223372036854771712	0	3052060672	9223372036854771712	0	1775595520
438	2044739584	9223372036854771712	0	3596267520	9223372036854771712	0	1729486848	9223372036854771712	0	3052060672	9223372036854771712	0	1764839424
439	2045485056	9223372036854771712	0	3597123584	9223372036854771712	0	1729486848	9223372036854771712	0	3052060672	9223372036854771712	0	1762238464
440	2045415424	9223372036854771712	0	3597217792	9223372036854771712	0	1729617920	9223372036854771712	0	3052060672	9223372036854771712	0	1765679104
441	2045415424	9223372036854771712	0	3597094912	9223372036854771712	0	1729490944	9223372036854771712	0	3052060672	9223372036854771712	0	1790173184
442	2045415424	9223372036854771712	0	3597094912	9223372036854771712	0	1729490944	9223372036854771712	0	3052060672	9223372036854771712	0	1789706240
443	2045534208	9223372036854771712	0	3597094912	9223372036854771712	0	1729490944	9223372036854771712	0	3052060672	9223372036854771712	0	1789923328
444	2045415424	9223372036854771712	0	3597094912	9223372036854771712	0	1729490944	9223372036854771712	0	3052060672	9223372036854771712	0	1790197760
445	2045415424	9223372036854771712	0	3597094912	9223372036854771712	0	1729490944	9223372036854771712	0	3052060672	9223372036854771712	0	1790492672
446	2045419520	9223372036854771712	0	3597094912	9223372036854771712	0	1729490944	9223372036854771712	0	3052060672	9223372036854771712	0	1789517824
447	2045419520	9223372036854771712	0	3597094912	9223372036854771712	0	1729490944	9223372036854771712	0	3052060672	9223372036854771712	0	1789566976
448	2045419520	9223372036854771712	0	3597094912	9223372036854771712	0	1729490944	9223372036854771712	0	3052060672	9223372036854771712	0	1793376256
449	2045419520	9223372036854771712	0	3597094912	9223372036854771712	0	1729490944	9223372036854771712	0	3052060672	9223372036854771712	0	1793830912
450	2045419520	9223372036854771712	0	3597094912	9223372036854771712	0	1729490944	9223372036854771712	0	3052060672	9223372036854771712	0	1792598016
451	2045419520	9223372036854771712	0	3597094912	9223372036854771712	0	1729490944	9223372036854771712	0	3052060672	9223372036854771712	0	1792462848
452	2045538304	9223372036854771712	0	3597094912	9223372036854771712	0	1729490944	9223372036854771712	0	3052060672	9223372036854771712	0	1794080768
453	2045526016	9223372036854771712	0	3597094912	9223372036854771712	0	1729490944	9223372036854771712	0	3052060672	9223372036854771712	0	1793671168
454	2045419520	9223372036854771712	0	3597094912	9223372036854771712	0	1729490944	9223372036854771712	0	3052060672	9223372036854771712	0	1793867776
455	2045419520	9223372036854771712	0	3597094912	9223372036854771712	0	1729490944	9223372036854771712	0	3052060672	9223372036854771712	0	1793261568
456	2045534208	9223372036854771712	0	3597160448	9223372036854771712	0	1729490944	9223372036854771712	0	3052060672	9223372036854771712	0	1789730816
457	2073583616	9223372036854771712	0	3597160448	9223372036854771712	0	1729490944	9223372036854771712	0	3052060672	9223372036854771712	0	1762541568
458	2107105280	9223372036854771712	0	3597160448	9223372036854771712	0	1729490944	9223372036854771712	0	3052060672	9223372036854771712	0	1727070208
459	2147479552	9223372036854771712	0	3597160448	9223372036854771712	0	1729490944	9223372036854771712	0	3052060672	9223372036854771712	0	1686482944
460	2147368960	9223372036854771712	0	3597160448	9223372036854771712	0	1729490944	9223372036854771712	0	3052060672	9223372036854771712	0	1685090304
461	2147368960	9223372036854771712	0	3597160448	9223372036854771712	0	1729490944	9223372036854771712	0	3052060672	9223372036854771712	0	1686876160
462	2147274752	9223372036854771712	0	3597160448	9223372036854771712	0	1729490944	9223372036854771712	0	3052060672	9223372036854771712	0	1686691840
463	2147274752	9223372036854771712	0	3597160448	9223372036854771712	0	1729490944	9223372036854771712	0	3052060672	9223372036854771712	0	1686175744
464	0	9223372036854771712	0	3597160448	9223372036854771712	0	1729490944	9223372036854771712	0	3052060672	9223372036854771712	0	2740719616
465	0	9223372036854771712	0	3597402112	9223372036854771712	0	1729490944	9223372036854771712	0	3052060672	9223372036854771712	0	2739740672
466	0	9223372036854771712	0	3629477888	9223372036854771712	0	1729490944	9223372036854771712	0	3052060672	9223372036854771712	0	2709401600
467	0	9223372036854771712	0	3642572800	9223372036854771712	0	1729490944	9223372036854771712	0	3052060672	9223372036854771712	0	2695548928
468	0	9223372036854771712	0	3642503168	9223372036854771712	0	1729490944	9223372036854771712	0	3052060672	9223372036854771712	0	2694688768
469	0	9223372036854771712	0	3642503168	9223372036854771712	0	1729490944	9223372036854771712	0	3052060672	9223372036854771712	0	2695380992
470	0	9223372036854771712	0	3642503168	9223372036854771712	0	1729490944	9223372036854771712	0	3052060672	9223372036854771712	0	2695479296
471	0	9223372036854771712	0	0	9223372036854771712	0	1730670592	9223372036854771712	0	3052060672	9223372036854771712	0	4358868992
472	0	9223372036854771712	0	0	9223372036854771712	0	1757540352	9223372036854771712	0	3052060672	9223372036854771712	0	4332253184
473	0	9223372036854771712	0	0	9223372036854771712	0	1786638336	9223372036854771712	0	3052060672	9223372036854771712	0	4302823424
474	0	9223372036854771712	0	0	9223372036854771712	0	1819013120	9223372036854771712	0	3052060672	9223372036854771712	0	4269637632
475	0	9223372036854771712	0	0	9223372036854771712	0	1849159680	9223372036854771712	0	3052060672	9223372036854771712	0	4238626816
476	0	9223372036854771712	0	0	9223372036854771712	0	1879437312	9223372036854771712	0	3052060672	9223372036854771712	0	4207685632
477	0	9223372036854771712	0	0	9223372036854771712	0	1912074240	9223372036854771712	0	3052060672	9223372036854771712	0	4173348864
478	0	9223372036854771712	0	0	9223372036854771712	0	1945628672	9223372036854771712	0	3052060672	9223372036854771712	0	4139319296
479	0	9223372036854771712	0	0	9223372036854771712	0	1980887040	9223372036854771712	0	3052060672	9223372036854771712	0	4103700480
480	0	9223372036854771712	0	0	9223372036854771712	0	2016669696	9223372036854771712	0	3052060672	9223372036854771712	0	4066451456
481	0	9223372036854771712	0	0	9223372036854771712	0	1451614208	9223372036854771712	0	3052060672	9223372036854771712	0	4629749760
482	0	9223372036854771712	0	0	9223372036854771712	0	0	9223372036854771712	0	3067367424	9223372036854771712	0	5220270080
483	0	9223372036854771712	0	0	9223372036854771712	0	0	9223372036854771712	0	3092975616	9223372036854771712	0	5164904448
484	0	9223372036854771712	0	0	9223372036854771712	0	0	9223372036854771712	0	3123646464	9223372036854771712	0	5162061824
485	0	9223372036854771712	0	0	9223372036854771712	0	0	9223372036854771712	0	3156152320	9223372036854771712	0	5129121792
486	0	9223372036854771712	0	0	9223372036854771712	0	0	9223372036854771712	0	3191148544	9223372036854771712	0	5092868096
487	0	9223372036854771712	0	0	9223372036854771712	0	0	9223372036854771712	0	3226013696	9223372036854771712	0	5057232896
488	0	9223372036854771712	0	0	9223372036854771712	0	0	9223372036854771712	0	3262058496	9223372036854771712	0	5020291072
489	0	9223372036854771712	0	0	9223372036854771712	0	0	9223372036854771712	0	3297972224	9223372036854771712	0	4984242176
490	0	9223372036854771712	0	0	9223372036854771712	0	0	9223372036854771712	0	3311865856	9223372036854771712	0	4969787392
491	0	9223372036854771712	0	0	9223372036854771712	0	0	9223372036854771712	0	3324186624	9223372036854771712	0	4957229056
