1	1437016064	2147483648	0	2783477760	4294967296	0	1793708032	2147483648	0	2679439360	4294967296	0	3180646400
2	1437134848	2147483648	0	2783596544	4294967296	0	1793708032	2147483648	0	2679439360	4294967296	0	3180830720
3	1437253632	2147483648	0	2783596544	4294967296	0	1793839104	2147483648	0	2679439360	4294967296	0	3180494848
4	1465683968	2147483648	0	2783846400	4294967296	0	1793839104	2147483648	0	2679439360	4294967296	0	3151167488
5	1482579968	2147483648	0	2833580032	4294967296	0	1793970176	2147483648	0	2679439360	4294967296	0	3085737984
6	1493315584	2147483648	0	2852237312	4294967296	0	1793998848	2147483648	0	2679439360	4294967296	0	3056050176
7	1502347264	2147483648	0	2852622336	4294967296	0	1794015232	2147483648	0	2679439360	4294967296	0	3046416384
8	1502466048	2147483648	0	2860867584	4294967296	0	1794023424	2147483648	0	2679439360	4294967296	0	3036430336
9	1502715904	2147483648	0	2872090624	4294967296	0	1794023424	2147483648	0	2679439360	4294967296	0	3024543744
10	1502965760	2147483648	0	2872471552	4294967296	0	1794023424	2147483648	0	2679439360	4294967296	0	3023523840
11	1503338496	2147483648	0	2872844288	4294967296	0	1794236416	2147483648	0	2679439360	4294967296	0	3020541952
12	1503588352	2147483648	0	2873225216	4294967296	0	1794236416	2147483648	0	2679439360	4294967296	0	3019554816
13	1503969280	2147483648	0	2897412096	4294967296	0	1794109440	2147483648	0	2679439360	4294967296	0	2992201728
14	1504481280	2147483648	0	2910674944	4294967296	0	2006970368	2147483648	0	2679439360	4294967296	0	2764218368
15	1504862208	2147483648	0	2931814400	4294967296	0	2147479552	2147483648	0	2679439360	4294967296	0	2596040704
16	1505243136	2147483648	0	2932391936	4294967296	0	2147438592	2147483648	0	2679439360	4294967296	0	2594611200
17	1505730560	2147483648	0	2932862976	4294967296	0	2147323904	2147483648	0	2679439360	4294967296	0	2593853440
18	1506111488	2147483648	0	2933280768	4294967296	0	2147459072	2147483648	0	2679439360	4294967296	0	2592587776
19	1506521088	2147483648	0	2939432960	4294967296	0	2147463168	2147483648	0	2679439360	4294967296	0	2584891392
20	1506996224	2147483648	0	2985742336	4294967296	0	2147336192	2147483648	0	2679439360	4294967296	0	2537951232
21	1507500032	2147483648	0	2986319872	4294967296	0	2147475456	2147483648	0	2679439360	4294967296	0	2537439232
22	1508012032	2147483648	0	2986885120	4294967296	0	2147209216	2147483648	0	2679439360	4294967296	0	2535366656
23	1508524032	2147483648	0	2987487232	4294967296	0	2147373056	2147483648	0	2679439360	4294967296	0	2535452672
24	1509036032	2147483648	0	2988011520	4294967296	0	2147422208	2147483648	0	2679439360	4294967296	0	2535514112
25	1509548032	2147483648	0	2988630016	4294967296	0	2147385344	2147483648	0	2681536512	4294967296	0	2531753984
26	1510060032	2147483648	0	2989264896	4294967296	0	2147364864	2147483648	0	2681536512	4294967296	0	2530824192
27	1510703104	2147483648	0	2989944832	4294967296	0	2147389440	2147483648	0	2681536512	4294967296	0	2529759232
28	1511346176	2147483648	0	2990653440	4294967296	0	2147438592	2147483648	0	2681536512	4294967296	0	2527961088
29	1511989248	2147483648	0	2991378432	4294967296	0	2147336192	2147483648	0	2681536512	4294967296	0	2526556160
30	1512574976	2147483648	0	2991976448	4294967296	0	2124414976	2147483648	0	3126263808	4294967296	0	2098462720
31	1513467904	2147483648	0	2992869376	4294967296	0	2124939264	2147483648	0	3530227712	4294967296	0	1690419200
32	1514242048	2147483648	0	2993774592	4294967296	0	2127560704	2147483648	0	3890806784	4294967296	0	1327497216
33	1515016192	2147483648	0	2994679808	4294967296	0	2127560704	2147483648	0	4260167680	4294967296	0	956563456
34	1516027904	2147483648	0	2995978240	4294967296	0	2127691776	2147483648	0	4294930432	4294967296	0	918462464
35	1516859392	2147483648	0	2996883456	4294967296	0	2137391104	2147483648	0	4294864896	4294967296	0	906321920
36	1517748224	2147483648	0	2997587968	4294967296	0	2147454976	2147483648	0	4294868992	4294967296	0	885399552
37	1518653440	2147483648	0	2998595584	4294967296	0	2147381248	2147483648	0	4294864896	4294967296	0	884219904
38	1519308800	2147483648	0	2999488512	4294967296	0	2147385344	2147483648	0	4294914048	4294967296	0	881532928
39	1520082944	2147483648	0	3000455168	4294967296	0	2147385344	2147483648	0	4294873088	4294967296	0	879235072
40	1520701440	2147483648	0	3001036800	4294967296	0	2147434496	2147483648	0	4294893568	4294967296	0	876900352
41	1521446912	2147483648	0	3001872384	4294967296	0	2147397632	2147483648	0	4294942720	4294967296	0	874471424
42	1522483200	2147483648	0	3002814464	4294967296	0	2147459072	2147483648	0	4294926336	4294967296	0	872611840
43	1523060736	2147483648	0	3003453440	4294967296	0	2147409920	2147483648	0	4294922240	4294967296	0	863801344
44	1523867648	2147483648	0	3004235776	4294967296	0	2147446784	2147483648	0	4294942720	4294967296	0	861908992
45	1524641792	2147483648	0	3005239296	4294967296	0	2147397632	2147483648	0	4294901760	4294967296	0	861270016
46	1525665792	2147483648	0	3006242816	4294967296	0	2147422208	2147483648	0	4294955008	4294967296	0	858652672
47	1526779904	2147483648	0	3007287296	4294967296	0	2147274752	2147483648	0	4294938624	4294967296	0	856461312
48	1527820288	2147483648	0	3008323584	4294967296	0	2147291136	2147483648	0	4294909952	4294967296	0	855285760
49	1528856576	2147483648	0	3009380352	4294967296	0	2147311616	2147483648	0	4294914048	4294967296	0	852594688
50	1529880576	2147483648	0	3010465792	4294967296	0	1784799232	2147483648	0	4294922240	4294967296	0	1215328256
51	1531047936	2147483648	0	3011682304	4294967296	0	1784930304	2147483648	0	4294918144	4294967296	0	1213296640
52	1542438912	2147483648	0	3012792320	4294967296	0	1785036800	2147483648	0	4294926336	4294967296	0	1200349184
53	1586335744	2147483648	0	3013799936	4294967296	0	1785004032	2147483648	0	4294803456	4294967296	0	1154351104
54	1627217920	2147483648	0	3014991872	4294967296	0	1785044992	2147483648	0	4294914048	4294967296	0	1111674880
55	1667051520	2147483648	0	3016212480	4294967296	0	1785200640	2147483648	0	4294963200	4294967296	0	1069338624
56	1729691648	2147483648	0	3017154560	4294967296	0	1785212928	2147483648	0	4294938624	4294967296	0	1004179456
57	1797705728	2147483648	0	3018264576	4294967296	0	1785200640	2147483648	0	4294946816	4294967296	0	932884480
58	1854840832	2147483648	0	3019325440	4294967296	0	1785270272	2147483648	0	4294967296	4294967296	0	872648704
59	1873440768	2147483648	0	3020230656	4294967296	0	1785294848	2147483648	0	4294950912	4294967296	0	844427264
60	1874595840	2147483648	0	3021512704	4294967296	0	1785294848	2147483648	0	4294950912	4294967296	0	842031104
61	1876025344	2147483648	0	3027214336	4294967296	0	1785294848	2147483648	0	4294955008	4294967296	0	834220032
62	1877061632	2147483648	0	3041095680	4294967296	0	1785303040	2147483648	0	4294967296	4294967296	0	818958336
63	1877835776	2147483648	0	3048816640	4294967296	0	1785323520	2147483648	0	4294955008	4294967296	0	810393600
64	1879134208	2147483648	0	3057717248	4294967296	0	1785323520	2147483648	0	4294963200	4294967296	0	800296960
65	1880563712	2147483648	0	3063734272	4294967296	0	1785323520	2147483648	0	4294963200	4294967296	0	792330240
66	1882255360	2147483648	0	3067523072	4294967296	0	1785323520	2147483648	0	4294967296	4294967296	0	778473472
67	1883815936	2147483648	0	3069059072	4294967296	0	1785323520	2147483648	0	4294942720	4294967296	0	775172096
68	1885638656	2147483648	0	3070955520	4294967296	0	1785159680	2147483648	0	4294811648	4294967296	0	771977216
69	1887330304	2147483648	0	3072663552	4294967296	0	1785159680	2147483648	0	4294885376	4294967296	0	768036864
70	1889009664	2147483648	0	3074080768	4294967296	0	1785126912	2147483648	0	4294963200	4294967296	0	764645376
71	1890439168	2147483648	0	3075510272	4294967296	0	1784909824	2147483648	0	4294844416	4294967296	0	762425344
72	1891999744	2147483648	0	3076939776	4294967296	0	1784909824	2147483648	0	4294889472	4294967296	0	758738944
73	1893167104	2147483648	0	3078242304	4294967296	0	1784934400	2147483648	0	4294918144	4294967296	0	756822016
74	1894322176	2147483648	0	3079409664	4294967296	0	1785016320	2147483648	0	4294860800	4294967296	0	754733056
75	1895489536	2147483648	0	3080585216	4294967296	0	1785225216	2147483648	0	4294881280	4294967296	0	752058368
76	1896583168	2147483648	0	3081490432	4294967296	0	1785253888	2147483648	0	4294950912	4294967296	0	749543424
77	1904828416	2147483648	0	3082739712	4294967296	0	1785253888	2147483648	0	4294885376	4294967296	0	739774464
78	1905717248	2147483648	0	3083689984	4294967296	0	1785253888	2147483648	0	4294918144	4294967296	0	737320960
79	1908850688	2147483648	0	3084939264	4294967296	0	1785384960	2147483648	0	4294950912	4294967296	0	733073408
80	1910001664	2147483648	0	3085811712	4294967296	0	1785384960	2147483648	0	4294897664	4294967296	0	730394624
81	1910906880	2147483648	0	3086848000	4294967296	0	1785516032	2147483648	0	4294946816	4294967296	0	728530944
82	1911943168	2147483648	0	3153608704	4294967296	0	1785516032	2147483648	0	4294959104	4294967296	0	658636800
83	1912848384	2147483648	0	3229077504	4294967296	0	1785454592	2147483648	0	4294938624	4294967296	0	579420160
84	1914015744	2147483648	0	3296215040	4294967296	0	1785602048	2147483648	0	4294942720	4294967296	0	509480960
85	1915314176	2147483648	0	3314552832	4294967296	0	1785573376	2147483648	0	4294787072	4294967296	0	489639936
86	1916481536	2147483648	0	3333021696	4294967296	0	1785749504	2147483648	0	2655465472	4294967296	0	2113486848
87	1917911040	2147483648	0	3382030336	4294967296	0	1785749504	2147483648	0	2655465472	4294967296	0	2061553664
88	1919078400	2147483648	0	3456860160	4294967296	0	1785880576	2147483648	0	2655465472	4294967296	0	1982984192
89	1920376832	2147483648	0	3550040064	4294967296	0	1785880576	2147483648	0	2655465472	4294967296	0	1885609984
90	1921396736	2147483648	0	3625897984	4294967296	0	1786011648	2147483648	0	2655465472	4294967296	0	1806553088
91	1922039808	2147483648	0	3653562368	4294967296	0	1786011648	2147483648	0	2655465472	4294967296	0	1777545216
92	1923338240	2147483648	0	3654991872	4294967296	0	1786011648	2147483648	0	2655465472	4294967296	0	1774927872
93	1924374528	2147483648	0	3656290304	4294967296	0	1786011648	2147483648	0	2655465472	4294967296	0	1772613632
94	1925672960	2147483648	0	3657588736	4294967296	0	1786011648	2147483648	0	2655465472	4294967296	0	1769918464
95	1926971392	2147483648	0	3658747904	4294967296	0	1786011648	2147483648	0	2655465472	4294967296	0	1767182336
96	1928925184	2147483648	0	3659784192	4294967296	0	1786142720	2147483648	0	2655395840	4294967296	0	1763880960
97	1930485760	2147483648	0	3660689408	4294967296	0	1786142720	2147483648	0	2655395840	4294967296	0	1761488896
98	1932308480	2147483648	0	3661725696	4294967296	0	1786142720	2147483648	0	2655395840	4294967296	0	1758425088
99	1933869056	2147483648	0	3662630912	4294967296	0	1786273792	2147483648	0	2655395840	4294967296	0	1755430912
100	1935544320	2147483648	0	3663507456	4294967296	0	1786273792	2147483648	0	2655395840	4294967296	0	1751986176
101	1937252352	2147483648	0	3664408576	4294967296	0	1786400768	2147483648	0	2655395840	4294967296	0	1745227776
102	1938288640	2147483648	0	3665096704	4294967296	0	1786400768	2147483648	0	2655395840	4294967296	0	1644007424
103	1939193856	2147483648	0	3665739776	4294967296	0	1786437632	2147483648	0	2655395840	4294967296	0	1288798208
104	1940361216	2147483648	0	3666776064	4294967296	0	1786437632	2147483648	0	2655395840	4294967296	0	867762176
105	1941659648	2147483648	0	3667812352	4294967296	0	1786437632	2147483648	0	2655395840	4294967296	0	478384128
106	1943089152	2147483648	0	3668848640	4294967296	0	1786437632	2147483648	0	2655395840	4294967296	0	283439104
107	1944780800	2147483648	0	3669884928	4294967296	0	1786568704	2147483648	0	2655395840	4294967296	0	280719360
108	1946210304	2147483648	0	3670790144	4294967296	0	1786568704	2147483648	0	2655395840	4294967296	0	278306816
109	1948164096	2147483648	0	3671826432	4294967296	0	1786568704	2147483648	0	2655395840	4294967296	0	274997248
110	1949839360	2147483648	0	3672842240	4294967296	0	1800069120	2147483648	0	2655395840	4294967296	0	256696320
111	1950085120	2147483648	0	3672449024	4294967296	0	1746657280	2147483648	0	2654072832	4294967296	0	335503360
112	1951514624	2147483648	0	3673616384	4294967296	0	1851777024	2147483648	0	2654072832	4294967296	0	228495360
113	1953337344	2147483648	0	3674521600	4294967296	0	1890050048	2147483648	0	2654072832	4294967296	0	187019264
114	1951023104	2147483648	0	3668828160	4294967296	0	1920860160	2147483648	0	2545528832	4294967296	0	281829376
115	1952714752	2147483648	0	3669864448	4294967296	0	1957429248	2147483648	0	2545528832	4294967296	0	243884032
116	1954406400	2147483648	0	3670769664	4294967296	0	1997930496	2147483648	0	2545528832	4294967296	0	201326592
117	1952456704	2147483648	0	3665494016	4294967296	0	2040791040	2147483648	0	2545528832	4294967296	0	173862912
118	1948364800	2147483648	0	3656585216	4294967296	0	2081914880	2147483648	0	2545442816	4294967296	0	163893248
119	1938386944	2147483648	0	3636826112	4294967296	0	2125299712	2147483648	0	2544791552	4294967296	0	181243904
120	1931522048	2147483648	0	3622879232	4294967296	0	2147475456	2147483648	0	2544361472	4294967296	0	199196672
121	1933082624	2147483648	0	3623628800	4294967296	0	2147483648	2147483648	0	2544361472	4294967296	0	196829184
122	1934774272	2147483648	0	3624820736	4294967296	0	2147483648	2147483648	0	2544361472	4294967296	0	194355200
123	1937121280	2147483648	0	3626156032	4294967296	0	2147373056	2147483648	0	2544517120	4294967296	0	181157888
124	1940647936	2147483648	0	3627847680	4294967296	0	2147373056	2147483648	0	2544648192	4294967296	0	175439872
125	1944436736	2147483648	0	3637534720	4294967296	0	2147373056	2147483648	0	2544648192	4294967296	0	163364864
126	1947570176	2147483648	0	3639623680	4294967296	0	2147467264	2147483648	0	2544558080	4294967296	0	157929472
127	1940803584	2147483648	0	3625168896	4294967296	0	2147377152	2147483648	0	2544246784	4294967296	0	200421376
128	1943019520	2147483648	0	3626344448	4294967296	0	2147389440	2147483648	0	2544291840	4294967296	0	196079616
129	1944711168	2147483648	0	3627417600	4294967296	0	2147405824	2147483648	0	2544340992	4294967296	0	193785856
130	1946513408	2147483648	0	3628322816	4294967296	0	2147434496	2147483648	0	2544381952	4294967296	0	190279680
131	1948184576	2147483648	0	3629158400	4294967296	0	2147430400	2147483648	0	2544304128	4294967296	0	186658816
132	1949876224	2147483648	0	3630075904	4294967296	0	2147446784	2147483648	0	2544308224	4294967296	0	176943104
133	1951830016	2147483648	0	3631235072	4294967296	0	2147463168	2147483648	0	2544308224	4294967296	0	173408256
134	1973399552	2147483648	0	3616313344	4294967296	0	2147471360	2147483648	0	2543808512	4294967296	0	179564544
135	1974829056	2147483648	0	3617472512	4294967296	0	2147483648	2147483648	0	2543841280	4294967296	0	176406528
136	1975996416	2147483648	0	3618549760	4294967296	0	2147332096	2147483648	0	2544021504	4294967296	0	172560384
137	1982275584	2147483648	0	3619749888	4294967296	0	2147340288	2147483648	0	2543980544	4294967296	0	163942400
138	1983479808	2147483648	0	3618439168	4294967296	0	2147233792	2147483648	0	2543996928	4294967296	0	169439232
139	1980780544	2147483648	0	3618279424	4294967296	0	2147450880	2147483648	0	2543624192	4294967296	0	184709120
140	1990447104	2147483648	0	3619348480	4294967296	0	2147422208	2147483648	0	2543669248	4294967296	0	181346304
141	1999085568	2147483648	0	3620265984	4294967296	0	2147422208	2147483648	0	2543824896	4294967296	0	172138496
142	2046689280	2147483648	0	3606413312	4294967296	0	2147418112	2147483648	0	2543345664	4294967296	0	156233728
143	2082041856	2147483648	0	3577696256	4294967296	0	2147393536	2147483648	0	2542624768	4294967296	0	184860672
144	2121175040	2147483648	0	3562758144	4294967296	0	2147463168	2147483648	0	2542198784	4294967296	0	180195328
145	2147434496	2147483648	0	3549458432	4294967296	0	2147442688	2147483648	0	2541662208	4294967296	0	182579200
146	2147434496	2147483648	0	3551150080	4294967296	0	2147459072	2147483648	0	2541666304	4294967296	0	180703232
147	2043580416	2147483648	0	3552120832	4294967296	0	2147385344	2147483648	0	2586836992	4294967296	0	236498944
148	1963212800	2147483648	0	3413454848	4294967296	0	2142384128	2147483648	0	3051876352	4294967296	0	165851136
149	1887821824	2147483648	0	3287986176	4294967296	0	2147319808	2147483648	0	3366928384	4294967296	0	177754112
150	1860034560	2147483648	0	3237888000	4294967296	0	2073665536	2147483648	0	3612561408	4294967296	0	172302336
151	1814405120	2147483648	0	3168870400	4294967296	0	2095611904	2147483648	0	3791167488	4294967296	0	183209984
152	1771094016	2147483648	0	3098615808	4294967296	0	2118664192	2147483648	0	3963715584	4294967296	0	189988864
153	1736884224	2147483648	0	3052036096	4294967296	0	2145181696	2147483648	0	4105023488	4294967296	0	171339776
154	1729384448	2147483648	0	3042992128	4294967296	0	2147467264	2147483648	0	4126875648	4294967296	0	181129216
155	1731076096	2147483648	0	3059363840	4294967296	0	2147479552	2147483648	0	4127408128	4294967296	0	163737600
156	1706614784	2147483648	0	3062140928	4294967296	0	2146824192	2147483648	0	4181856256	4294967296	0	176570368
157	1691070464	2147483648	0	3096100864	4294967296	0	2144460800	2147483648	0	4197609472	4294967296	0	180269056
158	1682501632	2147483648	0	3147415552	4294967296	0	1586130944	2147483648	0	4214939648	4294967296	0	698667008
159	1682903040	2147483648	0	3187040256	4294967296	0	1586450432	2147483648	0	4231372800	4294967296	0	633753600
160	1684197376	2147483648	0	3188187136	4294967296	0	1586491392	2147483648	0	4235911168	4294967296	0	637014016
161	1685610496	2147483648	0	3189157888	4294967296	0	1586491392	2147483648	0	4235911168	4294967296	0	634191872
162	1686876160	2147483648	0	3189870592	4294967296	0	1586491392	2147483648	0	4235911168	4294967296	0	632397824
163	1688567808	2147483648	0	3190251520	4294967296	0	1586622464	2147483648	0	4235911168	4294967296	0	630669312
164	1690259456	2147483648	0	3190214656	4294967296	0	1586622464	2147483648	0	4235911168	4294967296	0	628043776
165	1691295744	2147483648	0	3190988800	4294967296	0	1586769920	2147483648	0	4251770880	4294967296	0	610738176
166	1697574912	2147483648	0	3192025088	4294967296	0	1589129216	2147483648	0	4277895168	4294967296	0	573984768
167	1708494848	2147483648	0	3193008128	4294967296	0	1589129216	2147483648	0	4294914048	4294967296	0	540770304
168	1721327616	2147483648	0	3194683392	4294967296	0	1589129216	2147483648	0	4294950912	4294967296	0	525266944
169	1736650752	2147483648	0	3196899328	4294967296	0	1589129216	2147483648	0	4294950912	4294967296	0	507801600
170	1746530304	2147483648	0	3093020672	4294967296	0	1589305344	2147483648	0	4294762496	4294967296	0	515035136
171	1752301568	2147483648	0	3092549632	4294967296	0	1479106560	2147483648	0	4294868992	4294967296	0	166342656
172	1676767232	2147483648	0	2952712192	4294967296	0	1339002880	2147483648	0	4278697984	4294967296	0	219172864
173	1679839232	2147483648	0	2953584640	4294967296	0	1338986496	2147483648	0	4294905856	4294967296	0	162459648
174	1674964992	2147483648	0	2944851968	4294967296	0	1338822656	2147483648	0	4294909952	4294967296	0	186015744
175	1676107776	2147483648	0	2945921024	4294967296	0	1339068416	2147483648	0	4294901760	4294967296	0	184119296
176	1677119488	2147483648	0	2947129344	4294967296	0	1339305984	2147483648	0	4294885376	4294967296	0	180572160
177	1678061568	2147483648	0	2947796992	4294967296	0	1339203584	2147483648	0	4294893568	4294967296	0	178688000
178	1679085568	2147483648	0	2948640768	4294967296	0	1339527168	2147483648	0	4294721536	4294967296	0	176250880
179	1680187392	2147483648	0	2949705728	4294967296	0	1339592704	2147483648	0	4294946816	4294967296	0	174026752
180	1681068032	2147483648	0	2950463488	4294967296	0	1339711488	2147483648	0	4294934528	4294967296	0	170995712
181	1682239488	2147483648	0	2951430144	4294967296	0	1340055552	2147483648	0	4294942720	4294967296	0	161054720
182	1677340672	2147483648	0	2942566400	4294967296	0	1339916288	2147483648	0	4294930432	4294967296	0	185040896
183	1678192640	2147483648	0	2943311872	4294967296	0	1339973632	2147483648	0	4294930432	4294967296	0	182886400
184	1679077376	2147483648	0	2944278528	4294967296	0	1340178432	2147483648	0	4294942720	4294967296	0	180076544
185	1680326656	2147483648	0	2956365824	4294967296	0	1340301312	2147483648	0	4294852608	4294967296	0	166899712
186	1675423744	2147483648	0	2958557184	4294967296	0	1339990016	2147483648	0	4294959104	4294967296	0	179572736
187	1675968512	2147483648	0	2962362368	4294967296	0	1339998208	2147483648	0	4294963200	4294967296	0	176066560
188	1676918784	2147483648	0	2972413952	4294967296	0	1340309504	2147483648	0	4294959104	4294967296	0	164503552
189	1672314880	2147483648	0	2970148864	4294967296	0	1340321792	2147483648	0	4294893568	4294967296	0	180740096
190	1666568192	2147483648	0	2973093888	4294967296	0	1340186624	2147483648	0	4294914048	4294967296	0	180903936
191	1667809280	2147483648	0	2985447424	4294967296	0	1340133376	2147483648	0	4294848512	4294967296	0	167182336
192	1663217664	2147483648	0	2988642304	4294967296	0	1340125184	2147483648	0	4294860800	4294967296	0	177852416
193	1664512000	2147483648	0	3002769408	4294967296	0	1340346368	2147483648	0	4294860800	4294967296	0	167583744
194	1580568576	2147483648	0	2861654016	4294967296	0	1337004032	2147483648	0	4294348800	4294967296	0	190869504
195	1545170944	2147483648	0	2786852864	4294967296	0	1334931456	2147483648	0	4294918144	4294967296	0	186413056
196	1546559488	2147483648	0	2800754688	4294967296	0	1334931456	2147483648	0	4294746112	4294967296	0	170586112
197	1543163904	2147483648	0	2812170240	4294967296	0	1334882304	2147483648	0	4294889472	4294967296	0	173178880
198	1543999488	2147483648	0	2821677056	4294967296	0	1334956032	2147483648	0	4294905856	4294967296	0	178950144
199	1544904704	2147483648	0	2832109568	4294967296	0	1335226368	2147483648	0	4294963200	4294967296	0	169910272
200	1545695232	2147483648	0	2840526848	4294967296	0	1335296000	2147483648	0	4294897664	4294967296	0	159510528
201	1541533696	2147483648	0	2836287488	4294967296	0	1335160832	2147483648	0	4294938624	4294967296	0	178622464
202	1542832128	2147483648	0	2847879168	4294967296	0	1335283712	2147483648	0	4294967296	4294967296	0	164794368
203	1538760704	2147483648	0	2842263552	4294967296	0	1334996992	2147483648	0	4294873088	4294967296	0	184143872
204	1539850240	2147483648	0	2843099136	4294967296	0	1335267328	2147483648	0	4294860800	4294967296	0	181719040
205	1540804608	2147483648	0	2843992064	4294967296	0	1335259136	2147483648	0	4294918144	4294967296	0	178749440
206	1541791744	2147483648	0	2844942336	4294967296	0	1335410688	2147483648	0	4294795264	4294967296	0	176529408
207	1576374272	2147483648	0	2828578816	4294967296	0	1335529472	2147483648	0	4294823936	4294967296	0	173928448
208	1610280960	2147483648	0	2811555840	4294967296	0	1334710272	2147483648	0	4294705152	4294967296	0	181649408
209	1641168896	2147483648	0	2807603200	4294967296	0	1334583296	2147483648	0	4294914048	4294967296	0	171483136
210	1659920384	2147483648	0	2797584384	4294967296	0	1333874688	2147483648	0	4294664192	4294967296	0	186408960
211	1680912384	2147483648	0	2806599680	4294967296	0	1333841920	2147483648	0	4294967296	4294967296	0	157519872
212	1699020800	2147483648	0	2794233856	4294967296	0	1333673984	2147483648	0	4294942720	4294967296	0	166498304
213	1714032640	2147483648	0	2786111488	4294967296	0	1333321728	2147483648	0	4294230016	4294967296	0	178126848
214	1737928704	2147483648	0	2786611200	4294967296	0	1333207040	2147483648	0	4294967296	4294967296	0	167600128
215	1768497152	2147483648	0	2770432000	4294967296	0	1332670464	2147483648	0	4294594560	4294967296	0	178147328
216	1787834368	2147483648	0	2759696384	4294967296	0	1332326400	2147483648	0	4294475776	4294967296	0	193691648
217	1793589248	2147483648	0	2774917120	4294967296	0	1332355072	2147483648	0	4294963200	4294967296	0	171360256
218	1794887680	2147483648	0	2780651520	4294967296	0	1332228096	2147483648	0	4294860800	4294967296	0	163631104
219	1789644800	2147483648	0	2778914816	4294967296	0	1332150272	2147483648	0	4294569984	4294967296	0	178151424
220	1669390336	2147483648	0	2760048640	4294967296	0	1484644352	2147483648	0	4294918144	4294967296	0	181432320
221	1670873088	2147483648	0	2762063872	4294967296	0	1484570624	2147483648	0	4294807552	4294967296	0	176779264
222	1666420736	2147483648	0	2754514944	4294967296	0	1506222080	2147483648	0	4294823936	4294967296	0	175960064
223	1650581504	2147483648	0	2729889792	4294967296	0	1567911936	2147483648	0	4294885376	4294967296	0	171659264
224	1646395392	2147483648	0	2722643968	4294967296	0	1580924928	2147483648	0	4294946816	4294967296	0	171880448
225	1647554560	2147483648	0	2724155392	4294967296	0	1594298368	2147483648	0	4294950912	4294967296	0	157298688
226	1637449728	2147483648	0	2715234304	4294967296	0	1614688256	2147483648	0	4294946816	4294967296	0	169291776
227	1638526976	2147483648	0	2723893248	4294967296	0	1621299200	2147483648	0	4294885376	4294967296	0	158711808
228	1536540672	2147483648	0	2576904192	4294967296	0	1516285952	2147483648	0	4252438528	4294967296	0	180801536
229	1537851392	2147483648	0	2586021888	4294967296	0	1516285952	2147483648	0	4252438528	4294967296	0	170803200
230	1539051520	2147483648	0	2593693696	4294967296	0	1517727744	2147483648	0	4253491200	4294967296	0	160788480
231	1521156096	2147483648	0	2607030272	4294967296	0	1532547072	2147483648	0	4263755776	4294967296	0	167301120
232	1503838208	2147483648	0	2607742976	4294967296	0	1547554816	2147483648	0	4277719040	4294967296	0	177729536
233	1496100864	2147483648	0	2626326528	4294967296	0	1553928192	2147483648	0	4278239232	4294967296	0	171769856
234	1479966720	2147483648	0	2636967936	4294967296	0	1568894976	2147483648	0	4284792832	4294967296	0	179924992
235	1464090624	2147483648	0	2641559552	4294967296	0	1587564544	2147483648	0	4294393856	4294967296	0	184434688
236	1448579072	2147483648	0	2675675136	4294967296	0	1598603264	2147483648	0	4294172672	4294967296	0	179023872
237	1452339200	2147483648	0	2682789888	4294967296	0	1602486272	2147483648	0	4294905856	4294967296	0	163045376
238	1462374400	2147483648	0	2676097024	4294967296	0	1602191360	2147483648	0	4294336512	4294967296	0	165367808
239	1469685760	2147483648	0	2677645312	4294967296	0	1602191360	2147483648	0	4294336512	4294967296	0	157065216
240	1482530816	2147483648	0	2678935552	4294967296	0	1602191360	2147483648	0	4294336512	4294967296	0	142868480
241	1490739200	2147483648	0	2679279616	4294967296	0	1602174976	2147483648	0	4294287360	4294967296	0	138706944
242	1493041152	2147483648	0	2677911552	4294967296	0	1602117632	2147483648	0	4294139904	4294967296	0	140304384
243	1493692416	2147483648	0	2677776384	4294967296	0	1602080768	2147483648	0	4294053888	4294967296	0	139120640
244	1494863872	2147483648	0	2678636544	4294967296	0	1602072576	2147483648	0	4294029312	4294967296	0	138817536
245	1495515136	2147483648	0	2678382592	4294967296	0	1602068480	2147483648	0	4294017024	4294967296	0	138649600
246	1495363584	2147483648	0	2678128640	4294967296	0	1602064384	2147483648	0	4294004736	4294967296	0	139235328
247	1495363584	2147483648	0	2678128640	4294967296	0	1602064384	2147483648	0	4294004736	4294967296	0	139677696
248	1495363584	2147483648	0	2678128640	4294967296	0	1602064384	2147483648	0	4294004736	4294967296	0	139612160
249	1495363584	2147483648	0	2678128640	4294967296	0	1602064384	2147483648	0	4294004736	4294967296	0	139513856
250	1512353792	2147483648	0	2653286400	4294967296	0	1601110016	2147483648	0	4292550656	4294967296	0	163545088
251	1509642240	2147483648	0	2636935168	4294967296	0	1604513792	2147483648	0	4294856704	4294967296	0	190758912
252	1511059456	2147483648	0	2545098752	4294967296	0	1620627456	2147483648	0	4294926336	4294967296	0	264306688
253	1515909120	2147483648	0	2545909760	4294967296	0	1637634048	2147483648	0	4294889472	4294967296	0	232542208
254	1517731840	2147483648	0	2546888704	4294967296	0	1658707968	2147483648	0	4294856704	4294967296	0	209563648
255	1523879936	2147483648	0	2547752960	4294967296	0	1679974400	2147483648	0	4294967296	4294967296	0	180957184
256	1522892800	2147483648	0	2534375424	4294967296	0	1700667392	2147483648	0	4294938624	4294967296	0	185286656
257	1531113472	2147483648	0	2535616512	4294967296	0	1704366080	2147483648	0	4294660096	4294967296	0	172527616
258	1530368000	2147483648	0	2522726400	4294967296	0	1721872384	2147483648	0	4294782976	4294967296	0	170471424
259	1526358016	2147483648	0	2509762560	4294967296	0	1744781312	2147483648	0	4294930432	4294967296	0	173891584
260	1519456256	2147483648	0	2502975488	4294967296	0	1755947008	2147483648	0	4293992448	4294967296	0	187662336
261	1520406528	2147483648	0	2511929344	4294967296	0	1773187072	2147483648	0	4294963200	4294967296	0	158109696
262	1512300544	2147483648	0	2503950336	4294967296	0	1787633664	2147483648	0	4294938624	4294967296	0	180908032
263	1476644864	2147483648	0	2462818304	4294967296	0	1790844928	2147483648	0	4288540672	4294967296	0	193146880
264	1382649856	2147483648	0	2322464768	4294967296	0	1781071872	2147483648	0	4287926272	4294967296	0	159555584
265	1372913664	2147483648	0	2315923456	4294967296	0	1799217152	2147483648	0	4294946816	4294967296	0	165335040
266	1366724608	2147483648	0	2308829184	4294967296	0	1817157632	2147483648	0	4294889472	4294967296	0	172773376
267	1360531456	2147483648	0	2310000640	4294967296	0	1834127360	2147483648	0	4294967296	4294967296	0	170975232
268	1354653696	2147483648	0	2308542464	4294967296	0	1835749376	2147483648	0	4293971968	4294967296	0	188780544
269	1355616256	2147483648	0	2323439616	4294967296	0	1844854784	2147483648	0	4294770688	4294967296	0	162021376
270	1347162112	2147483648	0	2319810560	4294967296	0	1858412544	2147483648	0	4294885376	4294967296	0	176259072
271	1341005824	2147483648	0	2319114240	4294967296	0	1871708160	2147483648	0	4294115328	4294967296	0	182226944
272	1335779328	2147483648	0	2323075072	4294967296	0	1883267072	2147483648	0	4294164480	4294967296	0	182677504
273	1330503680	2147483648	0	2323755008	4294967296	0	1902997504	2147483648	0	4294881280	4294967296	0	177188864
274	1325215744	2147483648	0	2316709888	4294967296	0	1925222400	2147483648	0	4294918144	4294967296	0	176898048
275	1319809024	2147483648	0	2312626176	4294967296	0	1946173440	2147483648	0	4294959104	4294967296	0	174485504
276	1314664448	2147483648	0	2311553024	4294967296	0	1963876352	2147483648	0	4294959104	4294967296	0	165863424
277	1309794304	2147483648	0	2309611520	4294967296	0	1980919808	2147483648	0	4294967296	4294967296	0	166473728
278	1303093248	2147483648	0	2309279744	4294967296	0	2003202048	2147483648	0	4294602752	4294967296	0	163852288
279	1300434944	2147483648	0	2316070912	4294967296	0	2011951104	2147483648	0	4294135808	4294967296	0	159272960
280	1337909248	2147483648	0	2296561664	4294967296	0	2003226624	2147483648	0	4291563520	4294967296	0	185913344
281	1368473600	2147483648	0	2289823744	4294967296	0	2014085120	2147483648	0	4294696960	4294967296	0	172269568
282	1381818368	2147483648	0	2280513536	4294967296	0	2027180032	2147483648	0	4294799360	4294967296	0	174235648
283	1412476928	2147483648	0	2271719424	4294967296	0	2030227456	2147483648	0	4293787648	4294967296	0	170479616
284	1449480192	2147483648	0	2260713472	4294967296	0	2036740096	2147483648	0	4292792320	4294967296	0	156880896
285	1463332864	2147483648	0	2245173248	4294967296	0	2043330560	2147483648	0	4294598656	4294967296	0	181157888
286	1496174592	2147483648	0	2229178368	4294967296	0	2053029888	2147483648	0	4294918144	4294967296	0	180199424
287	1522249728	2147483648	0	2215182336	4294967296	0	2067771392	2147483648	0	4294967296	4294967296	0	179486720
288	1526464512	2147483648	0	2217947136	4294967296	0	2069585920	2147483648	0	4294332416	4294967296	0	178601984
289	1518141440	2147483648	0	2220724224	4294967296	0	2089807872	2147483648	0	4294037504	4294967296	0	174309376
290	1518616576	2147483648	0	2222993408	4294967296	0	2105331712	2147483648	0	4294008832	4294967296	0	156745728
291	1509105664	2147483648	0	2223284224	4294967296	0	2108952576	2147483648	0	4294881280	4294967296	0	171741184
292	1500721152	2147483648	0	2227118080	4294967296	0	2119569408	2147483648	0	4294942720	4294967296	0	164827136
293	1484386304	2147483648	0	2222010368	4294967296	0	2136997888	2147483648	0	4294230016	4294967296	0	185749504
294	1477582848	2147483648	0	2230095872	4294967296	0	2147414016	2147483648	0	4293533696	4294967296	0	182497280
295	1479016448	2147483648	0	2248421376	4294967296	0	2147422208	2147483648	0	4293533696	4294967296	0	163053568
296	1471901696	2147483648	0	2253582336	4294967296	0	2147037184	2147483648	0	4294946816	4294967296	0	173682688
297	1472811008	2147483648	0	2257846272	4294967296	0	2147446784	2147483648	0	4294848512	4294967296	0	162791424
298	1465344000	2147483648	0	2259013632	4294967296	0	2147422208	2147483648	0	4294967296	4294967296	0	187953152
299	1465884672	2147483648	0	2267176960	4294967296	0	1538244608	2147483648	0	4294967296	4294967296	0	570224640
300	1466732544	2147483648	0	2273562624	4294967296	0	1538252800	2147483648	0	4294823936	4294967296	0	261210112
301	1467891712	2147483648	0	2286551040	4294967296	0	1538256896	2147483648	0	4294955008	4294967296	0	245166080
302	1468747776	2147483648	0	2297806848	4294967296	0	1538260992	2147483648	0	4294914048	4294967296	0	232685568
303	1470119936	2147483648	0	2311081984	4294967296	0	1538260992	2147483648	0	4294930432	4294967296	0	216752128
304	1471107072	2147483648	0	2321723392	4294967296	0	1538260992	2147483648	0	4294959104	4294967296	0	204201984
305	1471897600	2147483648	0	2325155840	4294967296	0	1538260992	2147483648	0	4294922240	4294967296	0	199217152
306	1472925696	2147483648	0	2333339648	4294967296	0	1538396160	2147483648	0	4294967296	4294967296	0	188649472
307	1473744896	2147483648	0	2344525824	4294967296	0	1538269184	2147483648	0	4294942720	4294967296	0	175308800
308	1475006464	2147483648	0	2355392512	4294967296	0	1538273280	2147483648	0	4294942720	4294967296	0	164380672
309	1477144576	2147483648	0	2368376832	4294967296	0	1258221568	2147483648	0	4294832128	4294967296	0	429314048
310	1488453632	2147483648	0	2375868416	4294967296	0	1258352640	2147483648	0	4294832128	4294967296	0	411598848
311	1498783744	2147483648	0	2375868416	4294967296	0	1258233856	2147483648	0	4294889472	4294967296	0	400871424
312	1499676672	2147483648	0	2394456064	4294967296	0	1258369024	2147483648	0	4294959104	4294967296	0	381587456
313	1500581888	2147483648	0	2431889408	4294967296	0	1258242048	2147483648	0	4294950912	4294967296	0	343703552
314	1501552640	2147483648	0	2489872384	4294967296	0	1258246144	2147483648	0	4294959104	4294967296	0	283938816
315	1502240768	2147483648	0	2558431232	4294967296	0	1258377216	2147483648	0	4294930432	4294967296	0	213544960
316	1491759104	2147483648	0	2608631808	4294967296	0	1258250240	2147483648	0	4294754304	4294967296	0	183762944
317	1492836352	2147483648	0	2609651712	4294967296	0	1258254336	2147483648	0	4294930432	4294967296	0	181104640
318	1493966848	2147483648	0	2610688000	4294967296	0	1258385408	2147483648	0	4294901760	4294967296	0	178253824
319	1495138304	2147483648	0	2611757056	4294967296	0	1258262528	2147483648	0	4294877184	4294967296	0	175325184
320	1496350720	2147483648	0	2613055488	4294967296	0	1258262528	2147483648	0	4294877184	4294967296	0	172445696
321	1497468928	2147483648	0	2614173696	4294967296	0	1258262528	2147483648	0	4294877184	4294967296	0	171356160
322	1498624000	2147483648	0	2542292992	4294967296	0	1258393600	2147483648	0	2528129024	4294967296	0	2013437952
323	1499987968	2147483648	0	2543403008	4294967296	0	1258266624	2147483648	0	2529079296	4294967296	0	2009550848
324	1501188096	2147483648	0	2544513024	4294967296	0	1258266624	2147483648	0	2530045952	4294967296	0	2006167552
325	1502404608	2147483648	0	2545483776	4294967296	0	1258397696	2147483648	0	2530963456	4294967296	0	2002055168
326	1503584256	2147483648	0	2546520064	4294967296	0	1258270720	2147483648	0	2531696640	4294967296	0	1999155200
327	1504784384	2147483648	0	2547818496	4294967296	0	1258401792	2147483648	0	2532913152	4294967296	0	1995812864
328	1506144256	2147483648	0	2548854784	4294967296	0	1258274816	2147483648	0	2533625856	4294967296	0	1990025216
329	1507528704	2147483648	0	2549653504	4294967296	0	1258278912	2147483648	0	2534572032	4294967296	0	1954103296
330	1508909056	2147483648	0	2550411264	4294967296	0	1258278912	2147483648	0	2534940672	4294967296	0	1461075968
331	1510559744	2147483648	0	2551373824	4294967296	0	1258278912	2147483648	0	2535759872	4294967296	0	1456783360
332	1512349696	2147483648	0	2552426496	4294967296	0	1258278912	2147483648	0	2536591360	4294967296	0	1453264896
333	1514147840	2147483648	0	2553331712	4294967296	0	1258278912	2147483648	0	2537390080	4294967296	0	1449287680
334	1516134400	2147483648	0	2554265600	4294967296	0	1258283008	2147483648	0	2538258432	4294967296	0	1446219776
335	1517735936	2147483648	0	2555256832	4294967296	0	1258283008	2147483648	0	2539110400	4294967296	0	1441546240
336	1519742976	2147483648	0	2556493824	4294967296	0	1258283008	2147483648	0	2539966464	4294967296	0	1436979200
337	1521737728	2147483648	0	2557407232	4294967296	0	1258283008	2147483648	0	2540810240	4294967296	0	1433387008
338	1523822592	2147483648	0	2558431232	4294967296	0	1258283008	2147483648	0	2541674496	4294967296	0	1429712896
339	1525776384	2147483648	0	2566467584	4294967296	0	1258283008	2147483648	0	2542460928	4294967296	0	1417637888
340	1527582720	2147483648	0	2582593536	4294967296	0	1258414080	2147483648	0	2543218688	4294967296	0	1399173120
341	1529520128	2147483648	0	2598543360	4294967296	0	1258418176	2147483648	0	2543960064	4294967296	0	1380687872
342	1531281408	2147483648	0	2612551680	4294967296	0	1258291200	2147483648	0	2544652288	4294967296	0	1363144704
343	1533165568	2147483648	0	2625458176	4294967296	0	1258291200	2147483648	0	2545336320	4294967296	0	1347039232
344	1535082496	2147483648	0	2639974400	4294967296	0	1258291200	2147483648	0	2548281344	4294967296	0	1326505984
345	1536786432	2147483648	0	2642178048	4294967296	0	1258422272	2147483648	0	2548858880	4294967296	0	1321304064
346	1538494464	2147483648	0	2652209152	4294967296	0	1260392448	2147483648	0	2549415936	4294967296	0	1305829376
347	1540579328	2147483648	0	2664816640	4294967296	0	1260523520	2147483648	0	2549919744	4294967296	0	1290543104
348	1542148096	2147483648	0	2678509568	4294967296	0	1260396544	2147483648	0	2550710272	4294967296	0	1272606720
349	1543933952	2147483648	0	2691280896	4294967296	0	1260396544	2147483648	0	2551099392	4294967296	0	1257504768
350	1545805824	2147483648	0	2706305024	4294967296	0	1260396544	2147483648	0	2551820288	4294967296	0	1239031808
351	1560457216	2147483648	0	2721038336	4294967296	0	1260400640	2147483648	0	2552492032	4294967296	0	1207193600
352	1625587712	2147483648	0	2736807936	4294967296	0	1260404736	2147483648	0	2552897536	4294967296	0	1121722368
353	1672249344	2147483648	0	2742243328	4294967296	0	1260404736	2147483648	0	2553434112	4294967296	0	1069707264
354	1725976576	2147483648	0	2746777600	4294967296	0	1260404736	2147483648	0	2554036224	4294967296	0	1008635904
355	1776951296	2147483648	0	2760286208	4294967296	0	1260404736	2147483648	0	2554298368	4294967296	0	942456832
356	1837363200	2147483648	0	2769784832	4294967296	0	1260404736	2147483648	0	2554548224	4294967296	0	870146048
357	1897906176	2147483648	0	2779340800	4294967296	0	1260404736	2147483648	0	2554793984	4294967296	0	796938240
358	1948749824	2147483648	0	2784784384	4294967296	0	1260404736	2147483648	0	2554798080	4294967296	0	739463168
359	1996972032	2147483648	0	2794905600	4294967296	0	1301671936	2147483648	0	2554798080	4294967296	0	623271936
360	2056335360	2147483648	0	2795245568	4294967296	0	1319768064	2147483648	0	2554810368	4294967296	0	316096512
361	1991794688	2147483648	0	2738462720	4294967296	0	1371725824	2147483648	0	2510782464	4294967296	0	176779264
362	1972944896	2147483648	0	2730954752	4294967296	0	1409613824	2147483648	0	2510032896	4294967296	0	176271360
363	1917513728	2147483648	0	2729615360	4294967296	0	1444958208	2147483648	0	2510356480	4294967296	0	200474624
364	1903624192	2147483648	0	2721837056	4294967296	0	1485942784	2147483648	0	2510405632	4294967296	0	184152064
365	1889804288	2147483648	0	2716536832	4294967296	0	1526665216	2147483648	0	2510737408	4294967296	0	174325760
366	1876070400	2147483648	0	2711367680	4294967296	0	1566588928	2147483648	0	2510716928	4294967296	0	161697792
367	1848705024	2147483648	0	2690494464	4294967296	0	1607745536	2147483648	0	2509512704	4294967296	0	184901632
368	1835548672	2147483648	0	2685702144	4294967296	0	1646051328	2147483648	0	2509291520	4294967296	0	172838912
369	1822679040	2147483648	0	2681049088	4294967296	0	1688154112	2147483648	0	2508926976	4294967296	0	155561984
370	1797210112	2147483648	0	2663092224	4294967296	0	1726455808	2147483648	0	2508394496	4294967296	0	179552256
371	1785012224	2147483648	0	2656096256	4294967296	0	1761312768	2147483648	0	2508156928	4294967296	0	171454464
372	1772990464	2147483648	0	2642661376	4294967296	0	1792831488	2147483648	0	2508234752	4294967296	0	171741184
373	1761013760	2147483648	0	2634874880	4294967296	0	1827049472	2147483648	0	2507956224	4294967296	0	163532800
374	1737166848	2147483648	0	2614865920	4294967296	0	1859698688	2147483648	0	2507329536	4294967296	0	192630784
375	1726377984	2147483648	0	2616242176	4294967296	0	1901142016	2147483648	0	2506858496	4294967296	0	168452096
376	1703686144	2147483648	0	2604134400	4294967296	0	1934659584	2147483648	0	2505953280	4294967296	0	185061376
377	1693151232	2147483648	0	2602119168	4294967296	0	1972748288	2147483648	0	2505527296	4294967296	0	168071168
378	1671462912	2147483648	0	2586476544	4294967296	0	2001883136	2147483648	0	2504667136	4294967296	0	190427136
379	1661890560	2147483648	0	2581426176	4294967296	0	2038255616	2147483648	0	2504187904	4294967296	0	177029120
380	1652260864	2147483648	0	2576211968	4294967296	0	2075824128	2147483648	0	2503684096	4294967296	0	160153600
381	1651154944	2147483648	0	2588233728	4294967296	0	2090553344	2147483648	0	2503462912	4294967296	0	138436608
382	1637920768	2147483648	0	2570096640	4294967296	0	2105356288	2147483648	0	2503516160	4294967296	0	163237888
383	1611665408	2147483648	0	2576314368	4294967296	0	2115117056	2147483648	0	2523262976	4294967296	0	159600640
384	1588416512	2147483648	0	2606440448	4294967296	0	2131480576	2147483648	0	2524934144	4294967296	0	156151808
385	1562636288	2147483648	0	2634973184	4294967296	0	2118930432	2147483648	0	2531004416	4294967296	0	181301248
386	1553788928	2147483648	0	2671865856	4294967296	0	2106580992	2147483648	0	2535051264	4294967296	0	173629440
387	1558388736	2147483648	0	2672582656	4294967296	0	2117910528	2147483648	0	2534993920	4294967296	0	157753344
388	1554804736	2147483648	0	2657816576	4294967296	0	2123558912	2147483648	0	2534899712	4294967296	0	177319936
389	1559781376	2147483648	0	2643632128	4294967296	0	2130321408	2147483648	0	2534727680	4294967296	0	186052608
390	1568550912	2147483648	0	2645139456	4294967296	0	2141196288	2147483648	0	2534727680	4294967296	0	161615872
391	1572253696	2147483648	0	2630799360	4294967296	0	2146037760	2147483648	0	2534551552	4294967296	0	176316416
392	1584717824	2147483648	0	2632085504	4294967296	0	2147467264	2147483648	0	2534551552	4294967296	0	160894976
393	1584369664	2147483648	0	2618175488	4294967296	0	2141376512	2147483648	0	2534375424	4294967296	0	188104704
394	1589121024	2147483648	0	2619678720	4294967296	0	2141376512	2147483648	0	2534375424	4294967296	0	176742400
395	1599528960	2147483648	0	2620981248	4294967296	0	2141376512	2147483648	0	2534375424	4294967296	0	169332736
396	1603088384	2147483648	0	2622271488	4294967296	0	2141376512	2147483648	0	2534375424	4294967296	0	164933632
397	1604419584	2147483648	0	2623389696	4294967296	0	2141376512	2147483648	0	2534375424	4294967296	0	163119104
398	1605718016	2147483648	0	2624798720	4294967296	0	2141376512	2147483648	0	2534375424	4294967296	0	160071680
399	1607155712	2147483648	0	2626183168	4294967296	0	2141376512	2147483648	0	2534375424	4294967296	0	157200384
400	1588039680	2147483648	0	2596691968	4294967296	0	2136367104	2147483648	0	2569863168	4294967296	0	176459776
401	1578901504	2147483648	0	2582614016	4294967296	0	1631285248	2147483648	0	2621059072	4294967296	0	618176512
402	1578373120	2147483648	0	2581671936	4294967296	0	1593864192	2147483648	0	2653700096	4294967296	0	194011136
403	1579180032	2147483648	0	2582351872	4294967296	0	1267802112	2147483648	0	2704556032	4294967296	0	429260800
404	1580163072	2147483648	0	2583322624	4294967296	0	1267802112	2147483648	0	2741825536	4294967296	0	391028736
405	1580896256	2147483648	0	2584109056	4294967296	0	1267802112	2147483648	0	2774052864	4294967296	0	354131968
406	1581707264	2147483648	0	2585038848	4294967296	0	1267802112	2147483648	0	2802171904	4294967296	0	324796416
407	1582764032	2147483648	0	2591674368	4294967296	0	1267802112	2147483648	0	2829922304	4294967296	0	287371264
408	1583747072	2147483648	0	2604634112	4294967296	0	1267802112	2147483648	0	2858668032	4294967296	0	245067776
409	1584754688	2147483648	0	2614267904	4294967296	0	1267806208	2147483648	0	2887987200	4294967296	0	203919360
410	1584160768	2147483648	0	2621571072	4294967296	0	1267806208	2147483648	0	2918068224	4294967296	0	169254912
411	1565675520	2147483648	0	2603831296	4294967296	0	1267609600	2147483648	0	2947182592	4294967296	0	185475072
412	1556963328	2147483648	0	2597609472	4294967296	0	1267474432	2147483648	0	2975465472	4294967296	0	178348032
413	1548406784	2147483648	0	2594009088	4294967296	0	1267023872	2147483648	0	2988732416	4294967296	0	183582720
414	1540091904	2147483648	0	2586882048	4294967296	0	1266409472	2147483648	0	3020140544	4294967296	0	174878720
415	1531916288	2147483648	0	2577428480	4294967296	0	1265766400	2147483648	0	3049332736	4294967296	0	170262528
416	1523920896	2147483648	0	2574082048	4294967296	0	1265197056	2147483648	0	3048456192	4294967296	0	188104704
417	1525297152	2147483648	0	2587308032	4294967296	0	1265201152	2147483648	0	3058712576	4294967296	0	163880960
418	1508507648	2147483648	0	2573389824	4294967296	0	1263955968	2147483648	0	3082330112	4294967296	0	184651776
419	1500880896	2147483648	0	2569138176	4294967296	0	1263312896	2147483648	0	3111247872	4294967296	0	174129152
420	1493028864	2147483648	0	2566901760	4294967296	0	1262989312	2147483648	0	3129225216	4294967296	0	170721280
421	1492975616	2147483648	0	2573402112	4294967296	0	1262895104	2147483648	0	3128881152	4294967296	0	167825408
422	1482952704	2147483648	0	2573148160	4294967296	0	1262600192	2147483648	0	3136598016	4294967296	0	176562176
423	1506328576	2147483648	0	2557227008	4294967296	0	1262411776	2147483648	0	3156344832	4294967296	0	158588928
424	1512103936	2147483648	0	2524217344	4294967296	0	1261785088	2147483648	0	3176521728	4294967296	0	181915648
425	1532784640	2147483648	0	2501898240	4294967296	0	1261240320	2147483648	0	3200765952	4294967296	0	175661056
426	1550249984	2147483648	0	2487590912	4294967296	0	1260838912	2147483648	0	3207077888	4294967296	0	174301184
427	1544032256	2147483648	0	2489921536	4294967296	0	1260720128	2147483648	0	3207913472	4294967296	0	185225216
428	1559142400	2147483648	0	2491047936	4294967296	0	1260343296	2147483648	0	3221049344	4294967296	0	162295808
429	1575976960	2147483648	0	2477805568	4294967296	0	1259700224	2147483648	0	3217895424	4294967296	0	171229184
430	1602969600	2147483648	0	2471256064	4294967296	0	1259483136	2147483648	0	3214299136	4294967296	0	162181120
431	1623445504	2147483648	0	2455662592	4294967296	0	1259028480	2147483648	0	3209162752	4294967296	0	170778624
432	1648623616	2147483648	0	2451329024	4294967296	0	1258541056	2147483648	0	3204890624	4294967296	0	161411072
433	1669447680	2147483648	0	2444390400	4294967296	0	1258070016	2147483648	0	3200036864	4294967296	0	160014336
434	1688285184	2147483648	0	2435104768	4294967296	0	1257533440	2147483648	0	3195322368	4294967296	0	165564416
435	1684680704	2147483648	0	2439725056	4294967296	0	1257349120	2147483648	0	3193061376	4294967296	0	171757568
436	1667522560	2147483648	0	2431733760	4294967296	0	1256960000	2147483648	0	3199516672	4294967296	0	187101184
437	1628483584	2147483648	0	2391728128	4294967296	0	1256140800	2147483648	0	3199160320	4294967296	0	157679616
438	1486172160	2147483648	0	2236678144	4294967296	0	1252892672	2147483648	0	3177500672	4294967296	0	157163520
439	1476956160	2147483648	0	2230149120	4294967296	0	1252290560	2147483648	0	3185909760	4294967296	0	172351488
440	1444872192	2147483648	0	2226581504	4294967296	0	1252028416	2147483648	0	3187548160	4294967296	0	212504576
441	1444917248	2147483648	0	2237308928	4294967296	0	1252028416	2147483648	0	3187548160	4294967296	0	204255232
442	1444917248	2147483648	0	2237308928	4294967296	0	1252028416	2147483648	0	3187548160	4294967296	0	203829248
443	1444794368	2147483648	0	2237186048	4294967296	0	1252032512	2147483648	0	3195023360	4294967296	0	200568832
444	1444794368	2147483648	0	2237186048	4294967296	0	1252032512	2147483648	0	3212062720	4294967296	0	183529472
445	1444794368	2147483648	0	2237186048	4294967296	0	1252032512	2147483648	0	3229102080	4294967296	0	167870464
446	1437069312	2147483648	0	2227798016	4294967296	0	1251692544	2147483648	0	3246190592	4294967296	0	173760512
447	1437069312	2147483648	0	2227814400	4294967296	0	1251692544	2147483648	0	3255758848	4294967296	0	163934208
448	1429483520	2147483648	0	2218582016	4294967296	0	1251459072	2147483648	0	3271901184	4294967296	0	170016768
449	1422008320	2147483648	0	2209484800	4294967296	0	1251246080	2147483648	0	3284049920	4294967296	0	177451008
450	1422008320	2147483648	0	2209484800	4294967296	0	1251246080	2147483648	0	3301482496	4294967296	0	172228608
451	1414656000	2147483648	0	2200539136	4294967296	0	1251127296	2147483648	0	3317739520	4294967296	0	176828416
452	1414656000	2147483648	0	2200539136	4294967296	0	1251127296	2147483648	0	3329429504	4294967296	0	165027840
453	1414656000	2147483648	0	2200539136	4294967296	0	1251127296	2147483648	0	3329429504	4294967296	0	163643392
454	1407410176	2147483648	0	2191716352	4294967296	0	1250979840	2147483648	0	3338932224	4294967296	0	174936064
455	1400270848	2147483648	0	2183159808	4294967296	0	1250869248	2147483648	0	3355467776	4294967296	0	178524160
456	1400270848	2147483648	0	2183041024	4294967296	0	1250869248	2147483648	0	3378536448	4294967296	0	156233728
457	1390305280	2147483648	0	2170929152	4294967296	0	1250414592	2147483648	0	3394592768	4294967296	0	168255488
458	1381511168	2147483648	0	2160226304	4294967296	0	1250127872	2147483648	0	3412320256	4294967296	0	175898624
459	1374756864	2147483648	0	2152144896	4294967296	0	1249640448	2147483648	0	3431198720	4294967296	0	176201728
460	1361428480	2147483648	0	2135810048	4294967296	0	1249288192	2147483648	0	3444207616	4294967296	0	199475200
461	1361428480	2147483648	0	2135810048	4294967296	0	1249288192	2147483648	0	3467931648	4294967296	0	177221632
462	1343569920	2147483648	0	2173411328	4294967296	0	1252757504	2147483648	0	3457040384	4294967296	0	171040768
463	1322172416	2147483648	0	2215137280	4294967296	0	1256714240	2147483648	0	3441856512	4294967296	0	174456832
464	1297092608	2147483648	0	2254352384	4294967296	0	1265913856	2147483648	0	3426381824	4294967296	0	181039104
465	1274773504	2147483648	0	2289770496	4294967296	0	1273925632	2147483648	0	3420975104	4294967296	0	178216960
466	1273561088	2147483648	0	2287255552	4294967296	0	1273856000	2147483648	0	3421622272	4294967296	0	181964800
467	1273561088	2147483648	0	2287255552	4294967296	0	1273856000	2147483648	0	3421622272	4294967296	0	180137984
468	1273561088	2147483648	0	2287374336	4294967296	0	1273856000	2147483648	0	3421622272	4294967296	0	180293632
469	1273561088	2147483648	0	2275880960	4294967296	0	1274380288	2147483648	0	3424505856	4294967296	0	190001152
470	1273561088	2147483648	0	2275880960	4294967296	0	1282994176	2147483648	0	3442855936	4294967296	0	162508800
471	1263226880	2147483648	0	2255564800	4294967296	0	1290452992	2147483648	0	3453476864	4294967296	0	180613120
472	1261477888	2147483648	0	2252201984	4294967296	0	1291063296	2147483648	0	3474878464	4294967296	0	165199872
473	1256574976	2147483648	0	2242592768	4294967296	0	1291427840	2147483648	0	3491205120	4294967296	0	165253120
474	1248550912	2147483648	0	2226802688	4294967296	0	1292406784	2147483648	0	3506237440	4294967296	0	178028544
475	1246199808	2147483648	0	2222141440	4294967296	0	1294012416	2147483648	0	3529998336	4294967296	0	161435648
476	1236275200	2147483648	0	2202673152	4294967296	0	1301065728	2147483648	0	3541827584	4294967296	0	178343936
477	1232560128	2147483648	0	2195423232	4294967296	0	1312686080	2147483648	0	3563515904	4294967296	0	158420992
478	1219883008	2147483648	0	2170531840	4294967296	0	1321848832	2147483648	0	3569094656	4294967296	0	177123328
479	1212194816	2147483648	0	2155433984	4294967296	0	1333993472	2147483648	0	3578417152	4294967296	0	170020864
480	1212194816	2147483648	0	2155433984	4294967296	0	1334124544	2147483648	0	3578335232	4294967296	0	169910272
481	1205846016	2147483648	0	2142994432	4294967296	0	1344233472	2147483648	0	3582386176	4294967296	0	181276672
482	1201790976	2147483648	0	2135060480	4294967296	0	1359151104	2147483648	0	3598184448	4294967296	0	161312768
483	1191780352	2147483648	0	2115559424	4294967296	0	1374924800	2147483648	0	3601403904	4294967296	0	178561024
484	1185046528	2147483648	0	2102534144	4294967296	0	1390903296	2147483648	0	3608875008	4294967296	0	178827264
485	1185046528	2147483648	0	2102534144	4294967296	0	1390792704	2147483648	0	3608809472	4294967296	0	179392512
486	1185046528	2147483648	0	2102534144	4294967296	0	1403404288	2147483648	0	3612336128	4294967296	0	164048896
487	1179103232	2147483648	0	2090790912	4294967296	0	1421787136	2147483648	0	3607908352	4294967296	0	173174784
488	1175457792	2147483648	0	2083643392	4294967296	0	1441964032	2147483648	0	3608481792	4294967296	0	167448576
489	1171476480	2147483648	0	2075848704	4294967296	0	1449349120	2147483648	0	3606720512	4294967296	0	176234496
490	1171476480	2147483648	0	2075967488	4294967296	0	1449308160	2147483648	0	3606720512	4294967296	0	175128576
491	1164693504	2147483648	0	2062512128	4294967296	0	1466961920	2147483648	0	3602284544	4294967296	0	179298304
492	1160474624	2147483648	0	2054234112	4294967296	0	1487937536	2147483648	0	3602878464	4294967296	0	156516352
493	1151840256	2147483648	0	2037354496	4294967296	0	1503563776	2147483648	0	3601555456	4294967296	0	177782784
494	1145217024	2147483648	0	2024378368	4294967296	0	1521963008	2147483648	0	3608301568	4294967296	0	180654080
495	1144881152	2147483648	0	2023706624	4294967296	0	1522995200	2147483648	0	3618189312	4294967296	0	170151936
496	1141747712	2147483648	0	2017595392	4294967296	0	1529602048	2147483648	0	3619930112	4294967296	0	175525888
497	1135775744	2147483648	0	2005876736	4294967296	0	1546067968	2147483648	0	3624423424	4294967296	0	175968256
498	1129750528	2147483648	0	1994063872	4294967296	0	1561923584	2147483648	0	3628081152	4294967296	0	180359168
499	1125629952	2147483648	0	1985990656	4294967296	0	1584123904	2147483648	0	3640487936	4294967296	0	159924224
500	1171218432	2147483648	0	1961316352	4294967296	0	1567055872	2147483648	0	3626512384	4294967296	0	180875264
501	1238937600	2147483648	0	1938747392	4294967296	0	1555116032	2147483648	0	3613749248	4294967296	0	172552192
502	1292947456	2147483648	0	1918193664	4294967296	0	1537429504	2147483648	0	3601436672	4294967296	0	177643520
503	1287155712	2147483648	0	1913454592	4294967296	0	1546661888	2147483648	0	3605594112	4294967296	0	179044352
504	1281851392	2147483648	0	1909039104	4294967296	0	1566842880	2147483648	0	3597955072	4294967296	0	178249728
505	1278656512	2147483648	0	1906507776	4294967296	0	1595555840	2147483648	0	3076726784	4294967296	0	681472000
506	1278656512	2147483648	0	1906495488	4294967296	0	1628585984	2147483648	0	3076726784	4294967296	0	648044544
507	1278656512	2147483648	0	1906388992	4294967296	0	1661616128	2147483648	0	3076726784	4294967296	0	614473728
508	1278656512	2147483648	0	1906388992	4294967296	0	1694515200	2147483648	0	3076726784	4294967296	0	581046272
509	1278656512	2147483648	0	1906388992	4294967296	0	1719820288	2147483648	0	3076726784	4294967296	0	554905600
510	1278656512	2147483648	0	1906388992	4294967296	0	1719820288	2147483648	0	3076726784	4294967296	0	555364352
511	1278660608	2147483648	0	1906388992	4294967296	0	1719750656	2147483648	0	3076726784	4294967296	0	554807296
512	1278660608	2147483648	0	1906388992	4294967296	0	1719750656	2147483648	0	3076726784	4294967296	0	554360832
513	1278660608	2147483648	0	1906388992	4294967296	0	1719750656	2147483648	0	3076726784	4294967296	0	553897984
514	0	2147483648	0	1906388992	4294967296	0	1702019072	2147483648	0	3076726784	4294967296	0	1503543296
515	0	2147483648	0	0	4294967296	0	1702019072	2147483648	0	3076726784	4294967296	0	3126902784
516	0	2147483648	0	0	4294967296	0	1726537728	2147483648	0	3076726784	4294967296	0	3102785536
517	0	2147483648	0	0	4294967296	0	1739784192	2147483648	0	3076726784	4294967296	0	3089100800
518	0	2147483648	0	0	4294967296	0	1763639296	2147483648	0	3076726784	4294967296	0	3063877632
519	0	2147483648	0	0	4294967296	0	1798897664	2147483648	0	3076726784	4294967296	0	3027861504
520	0	2147483648	0	0	4294967296	0	1834811392	2147483648	0	3076726784	4294967296	0	2991382528
521	0	2147483648	0	0	4294967296	0	1869938688	2147483648	0	3076726784	4294967296	0	2955321344
522	0	2147483648	0	0	4294967296	0	1906376704	2147483648	0	3076726784	4294967296	0	2917191680
523	0	2147483648	0	0	4294967296	0	1942814720	2147483648	0	3076726784	4294967296	0	2879574016
524	0	2147483648	0	0	4294967296	0	1978597376	2147483648	0	3076726784	4294967296	0	2843099136
525	0	2147483648	0	0	4294967296	0	2013986816	2147483648	0	3076726784	4294967296	0	2807242752
526	0	2147483648	0	0	4294967296	0	0	2147483648	0	3087163392	4294967296	0	4073385984
527	0	2147483648	0	0	4294967296	0	0	2147483648	0	3110494208	4294967296	0	4049342464
528	0	2147483648	0	0	4294967296	0	0	2147483648	0	3136446464	4294967296	0	4022853632
529	0	2147483648	0	0	4294967296	0	0	2147483648	0	3164364800	4294967296	0	3993731072
530	0	2147483648	0	0	4294967296	0	0	2147483648	0	3193331712	4294967296	0	3964293120
531	0	2147483648	0	0	4294967296	0	0	2147483648	0	3220856832	4294967296	0	3930284032
532	0	2147483648	0	0	4294967296	0	0	2147483648	0	3247333376	4294967296	0	3906150400
533	0	2147483648	0	0	4294967296	0	0	2147483648	0	3272499200	4294967296	0	3880464384
534	0	2147483648	0	0	4294967296	0	0	2147483648	0	3296616448	4294967296	0	3855724544
535	0	2147483648	0	0	4294967296	0	0	2147483648	0	3322699776	4294967296	0	3827847168
