1	507293696	536870912	0	144044032	536870912	0	53743616	536870912	0	53841920	536870912	0	53882880	536870912	0	9446817792
2	1077719040	536870912	0	689303552	536870912	0	448028672	536870912	0	288854016	536870912	0	77045760	536870912	0	7674564608
3	1151512576	536870912	0	1125511168	536870912	0	947150848	536870912	0	735547392	536870912	0	508948480	536870912	0	5783523328
4	1179168768	536870912	0	1154084864	536870912	0	1141530624	536870912	0	1132191744	536870912	0	1014362112	536870912	0	4627144704
5	1213640704	536870912	0	1187377152	536870912	0	1174822912	536870912	0	1163386880	536870912	0	1154347008	536870912	0	4351246336
6	1248899072	536870912	0	1220669440	536870912	0	1208180736	536870912	0	1197596672	536870912	0	1187377152	536870912	0	4177494016
7	1283362816	536870912	0	1252782080	536870912	0	1240875008	536870912	0	1231675392	536870912	0	1219883008	536870912	0	4002381824
8	1318227968	536870912	0	1283846144	536870912	0	1274142720	536870912	0	1264574464	536870912	0	1251471360	536870912	0	3836784640
9	1352044544	536870912	0	1315041280	536870912	0	1306386432	536870912	0	1296031744	536870912	0	1283137536	536870912	0	3671760896
10	1380225024	536870912	0	1338265600	536870912	0	1327226880	536870912	0	1320144896	536870912	0	1308696576	536870912	0	3546906624
11	1406832640	536870912	0	1365696512	536870912	0	1337118720	536870912	0	1350684672	536870912	0	1333338112	536870912	0	3423559680
12	1440387072	536870912	0	1398333440	536870912	0	1369190400	536870912	0	1382535168	536870912	0	1365319680	536870912	0	3258105856
13	1475514368	536870912	0	1431232512	536870912	0	1405579264	536870912	0	1415565312	536870912	0	1398874112	536870912	0	3081826304
14	1509593088	536870912	0	1463083008	536870912	0	1440051200	536870912	0	1447809024	536870912	0	1431248896	536870912	0	2913009664
15	1541312512	536870912	0	1492697088	536870912	0	1472557056	536870912	0	1478086656	536870912	0	1462575104	536870912	0	2753445888
16	1569755136	536870912	0	1520533504	536870912	0	1502834688	536870912	0	1507840000	536870912	0	1493377024	536870912	0	2603581440
17	1599246336	536870912	0	1548976128	536870912	0	1532850176	536870912	0	1536806912	536870912	0	1523523584	536870912	0	2450513920
18	1627557888	536870912	0	1575714816	536870912	0	1560506368	536870912	0	1563676672	536870912	0	1550655488	536870912	0	2312032256
19	1656393728	536870912	0	1604550656	536870912	0	1590128640	536870912	0	1591070720	536870912	0	1579360256	536870912	0	2163740672
20	1686278144	536870912	0	1630302208	536870912	0	1619705856	536870912	0	1620037632	536870912	0	1607151616	536870912	0	2017230848
21	1716948992	536870912	0	1659793408	536870912	0	1650245632	536870912	0	1648975872	536870912	0	1633783808	536870912	0	1663627264
22	1741320192	536870912	0	1683918848	536870912	0	1674485760	536870912	0	1671380992	536870912	0	1632673792	536870912	0	160108544
23	1741320192	536870912	0	1698729984	536870912	0	1674485760	536870912	0	1671380992	536870912	0	1640538112	536870912	0	139067392
24	1741320192	536870912	0	1698729984	536870912	0	1674485760	536870912	0	1671380992	536870912	0	1640538112	536870912	0	139067392
25	1732812800	536870912	33673216	1690857472	536870912	17526784	1668964352	536870912	16031744	1669537792	536870912	2424832	1630502912	536870912	28221440	229810176
26	1710833664	536870912	152838144	1661861888	536870912	108302336	1648865280	536870912	123568128	1664397312	536870912	20733952	1571221504	536870912	430993408	364281856
27	1680433152	536870912	408809472	1615470592	536870912	472190976	1632591872	536870912	295661568	1645965312	536870912	108617728	1529528320	536870912	897318912	521490432
28	1574866944	536870912	1817063424	1526669312	536870912	1452974080	1523826688	536870912	1263230976	1556647936	536870912	1100115968	1532854272	536870912	897318912	255119360
29	1445576704	536870912	2896859136	1519206400	536870912	1559412736	1500413952	536870912	1674805248	1523785728	536870912	1481555968	1513402368	536870912	1168941056	141398016
30	1447550976	536870912	2896859136	1475837952	536870912	1972023296	1443962880	536870912	2180468736	1457631232	536870912	2085584896	1436200960	536870912	1689481216	259407872
31	1447854080	536870912	2896859136	1476329472	536870912	1972023296	1422348288	536870912	2404122624	1455288320	536870912	2110365696	1422835712	536870912	1857392640	294158336
32	1448271872	536870912	2896859136	1477115904	536870912	1972023296	1422061568	536870912	2441240576	1452679168	536870912	2194399232	1422970880	536870912	1870999552	297189376
33	1448665088	536870912	2896859136	1477378048	536870912	1972023296	1422143488	536870912	2441240576	1436532736	536870912	2340405248	1422602240	536870912	1885261824	312438784
34	1449046016	536870912	2896859136	1478225920	536870912	1972023296	1423364096	536870912	2441240576	1435553792	536870912	2419953664	1421512704	536870912	1915916288	1934966784
35	1449304064	536870912	2896859136	1479512064	536870912	1972023296	1423749120	536870912	2441240576	1433341952	536870912	2472988672	1421737984	536870912	1915916288	499265536
36	1444155392	536870912	2916814848	1427050496	536870912	2391216128	1416654848	536870912	2502754304	1433989120	536870912	2488029184	1422757888	536870912	1915916288	198582272
37	1429225472	536870912	3150471168	1394503680	536870912	2686304256	1416622080	536870912	2533998592	1434120192	536870912	2488029184	1423192064	536870912	1915916288	185204736
38	1428480000	536870912	3157454848	1395183616	536870912	2686304256	1416974336	536870912	2542137344	1434968064	536870912	2488029184	1423708160	536870912	1915916288	184770560
39	1341480960	536870912	4047785984	1400475648	536870912	2696519680	1383063552	536870912	3044679680	1388347392	536870912	2972512256	1374912512	536870912	2392526848	220409856
40	1341374464	536870912	4047785984	1379737600	536870912	2799345664	1373511680	536870912	3113033728	1363025920	536870912	3167768576	1357279232	536870912	2608742400	294207488
41	1305509888	536870912	4335353856	1278251008	536870912	3800522752	1344479232	536870912	3442765824	1325617152	536870912	3565424640	1326071808	536870912	2945454080	223502336
42	1304264704	536870912	4416016384	1278439424	536870912	3800522752	1333649408	536870912	3606081536	1323012096	536870912	3612737536	1320013824	536870912	3026149376	138629120
43	1295028224	536870912	4468711424	1249615872	536870912	4011163648	1316900864	536870912	3653681152	1311911936	536870912	3744460800	1315479552	536870912	3077525504	209182720
44	1290952704	536870912	4476805120	1249652736	536870912	4011163648	1306705920	536870912	3711467520	1303433216	536870912	3795546112	1306132480	536870912	3110940672	241152000
45	1288204288	536870912	4487262208	1232474112	536870912	4202307584	1294995456	536870912	3866296320	1298649088	536870912	3858870272	1302220800	536870912	3116367872	281993216
46	1275572224	536870912	4593401856	1232130048	536870912	4202307584	1259425792	536870912	4165574656	1291153408	536870912	3883986944	1269809152	536870912	3463254016	373051392
47	1270501376	536870912	4657324032	1232261120	536870912	4202307584	1258778624	536870912	4165574656	1288556544	536870912	3914977280	1270013952	536870912	3463254016	380403712
48	1263558656	536870912	4778749952	1231908864	536870912	4202307584	1242177536	536870912	4321828864	1282777088	536870912	3924815872	1233940480	536870912	3682697216	187125760
49	1261797376	536870912	4843888640	1232285696	536870912	4202307584	1218605056	536870912	4611522560	1266253824	536870912	4039569408	1225572352	536870912	3807895552	236699648
50	1262063616	536870912	4843888640	1232592896	536870912	4202307584	1217806336	536870912	4611522560	1259151360	536870912	4088311808	1224155136	536870912	3850096640	2014801920
51	1262440448	536870912	4843888640	1233129472	536870912	4202307584	1207934976	536870912	4715393024	1239261184	536870912	4369940480	1224675328	536870912	3850096640	2043842560
52	1253376000	536870912	4920774656	1233514496	536870912	4202307584	1204371456	536870912	4809035776	1227382784	536870912	4502134784	1225003008	536870912	3850096640	1281576960
53	1224351744	536870912	5413896192	1236103168	536870912	4202307584	1207660544	536870912	4809035776	1214173184	536870912	4667809792	1228140544	536870912	3850096640	2468937728
54	1234792448	536870912	5413896192	1246339072	536870912	4202307584	1218228224	536870912	4809035776	1224155136	536870912	4667809792	1236582400	536870912	3850096640	1192726528
55	1216643072	536870912	5618823168	1230766080	536870912	4532453376	1235083264	536870912	4809035776	1216581632	536870912	4768014336	1232044032	536870912	3965288448	218198016
56	1159421952	536870912	6144851968	1188974592	536870912	4958683136	1148727296	536870912	5539995648	1169281024	536870912	5212274688	1140584448	536870912	4776857600	221302784
57	1144066048	536870912	6296408064	1118695424	536870912	5536468992	1136377856	536870912	5704601600	1133584384	536870912	5539729408	1120186368	536870912	5116964864	233267200
58	1104543744	536870912	6719799296	1110523904	536870912	5624578048	1095622656	536870912	6019616768	1118474240	536870912	5742706688	1121185792	536870912	5116964864	2785288192
59	1114304512	536870912	6794018816	1129275392	536870912	5624578048	1111613440	536870912	6019616768	1126105088	536870912	5857038336	1129041920	536870912	5266259968	4679426048
60	1140662272	536870912	6794018816	1154965504	536870912	5624578048	1137434624	536870912	6019616768	1150287872	536870912	5857038336	1154940928	536870912	5266259968	4534149120
61	1167450112	536870912	6794018816	1181970432	536870912	5624578048	1164173312	536870912	6019616768	1175732224	536870912	5857038336	1182359552	536870912	5266259968	4384305152
62	1175052288	536870912	6794018816	1197043712	536870912	5624578048	1191587840	536870912	6019616768	1203912704	536870912	5857038336	1209069568	536870912	5266259968	4263792640
63	0	536870912	6794018816	0	536870912	5624578048	1201385472	536870912	6019616768	1213587456	536870912	5857038336	1219497984	536870912	5266259968	5545504768
