1	1435033600	2147483648	0	2799226880	4294967296	0	1768660992	2147483648	0	3521544192	4294967296	0	3135221760
2	1435152384	2147483648	0	2799226880	4294967296	0	1768792064	2147483648	0	3521544192	4294967296	0	3136892928
3	1435279360	2147483648	0	2799276032	4294967296	0	1768820736	2147483648	0	3521544192	4294967296	0	3135414272
4	1472212992	2147483648	0	2799562752	4294967296	0	1768845312	2147483648	0	3521703936	4294967296	0	3097649152
5	1481043968	2147483648	0	2807885824	4294967296	0	1768886272	2147483648	0	3521622016	4294967296	0	3082862592
6	1486905344	2147483648	0	2833604608	4294967296	0	1768947712	2147483648	0	3521773568	4294967296	0	3049009152
7	1487060992	2147483648	0	2834305024	4294967296	0	1768976384	2147483648	0	3521810432	4294967296	0	3045851136
8	1487261696	2147483648	0	2834620416	4294967296	0	1769005056	2147483648	0	3521847296	4294967296	0	3045265408
9	1487515648	2147483648	0	2834841600	4294967296	0	1769025536	2147483648	0	3521875968	4294967296	0	3044704256
10	1487765504	2147483648	0	2835152896	4294967296	0	1768927232	2147483648	0	3521916928	4294967296	0	3045527552
11	1488035840	2147483648	0	2835480576	4294967296	0	1769205760	2147483648	0	3521822720	4294967296	0	3044360192
12	1488519168	2147483648	0	2835812352	4294967296	0	1769095168	2147483648	0	3521986560	4294967296	0	3043520512
13	1488891904	2147483648	0	2836291584	4294967296	0	1805180928	2147483648	0	3522027520	4294967296	0	3004772352
14	1489207296	2147483648	0	2836598784	4294967296	0	1862004736	2147483648	0	3522068480	4294967296	0	2947993600
15	1489629184	2147483648	0	2837127168	4294967296	0	1900216320	2147483648	0	3742404608	4294967296	0	2683121664
16	1490100224	2147483648	0	2837422080	4294967296	0	1941725184	2147483648	0	3853025280	4294967296	0	2530340864
17	1490481152	2147483648	0	2837958656	4294967296	0	1986899968	2147483648	0	3932839936	4294967296	0	2404208640
18	1490833408	2147483648	0	2838409216	4294967296	0	2031050752	2147483648	0	3980967936	4294967296	0	2311114752
19	1491230720	2147483648	0	2838921216	4294967296	0	2077929472	2147483648	0	4025901056	4294967296	0	2216472576
20	1508753408	2147483648	0	2839375872	4294967296	0	2128404480	2147483648	0	4077576192	4294967296	0	2095263744
21	1553367040	2147483648	0	2839732224	4294967296	0	2147438592	2147483648	0	4118417408	4294967296	0	1987239936
22	1573339136	2147483648	0	2840363008	4294967296	0	2147340288	2147483648	0	4155559936	4294967296	0	1927704576
23	1573699584	2147483648	0	2840985600	4294967296	0	2147463168	2147483648	0	4200939520	4294967296	0	1879040000
24	1574084608	2147483648	0	2841505792	4294967296	0	2147463168	2147483648	0	4243709952	4294967296	0	1835159552
25	1574707200	2147483648	0	2842341376	4294967296	0	2147463168	2147483648	0	4288675840	4294967296	0	1778163712
26	1575165952	2147483648	0	2842992640	4294967296	0	2147463168	2147483648	0	4294914048	4294967296	0	1771151360
27	1575858176	2147483648	0	2843762688	4294967296	0	2147479552	2147483648	0	4294926336	4294967296	0	1769775104
28	1576648704	2147483648	0	2844413952	4294967296	0	2147483648	2147483648	0	4294918144	4294967296	0	1769058304
29	1577287680	2147483648	0	2845216768	4294967296	0	2147467264	2147483648	0	4294918144	4294967296	0	1767878656
30	1578057728	2147483648	0	2846707712	4294967296	0	2147471360	2147483648	0	4294926336	4294967296	0	1765715968
31	1578713088	2147483648	0	2848374784	4294967296	0	2147475456	2147483648	0	4294922240	4294967296	0	1763942400
32	1579380736	2147483648	0	2849959936	4294967296	0	2147475456	2147483648	0	4294926336	4294967296	0	1760595968
33	1580154880	2147483648	0	2851401728	4294967296	0	2147483648	2147483648	0	4294934528	4294967296	0	1760116736
34	1580634112	2147483648	0	2852892672	4294967296	0	2147483648	2147483648	0	4294955008	4294967296	0	1757995008
35	1581297664	2147483648	0	2854326272	4294967296	0	2147418112	2147483648	0	4294926336	4294967296	0	1756569600
36	1582125056	2147483648	0	2856251392	4294967296	0	2147434496	2147483648	0	4294836224	4294967296	0	1753808896
37	1582673920	2147483648	0	2857861120	4294967296	0	2147446784	2147483648	0	4294930432	4294967296	0	1751810048
38	1583403008	2147483648	0	2859839488	4294967296	0	2147319808	2147483648	0	4294934528	4294967296	0	1749102592
39	1584021504	2147483648	0	2860855296	4294967296	0	2147471360	2147483648	0	4294963200	4294967296	0	1748217856
40	1584881664	2147483648	0	2862665728	4294967296	0	2147323904	2147483648	0	4294963200	4294967296	0	1737113600
41	1585295360	2147483648	0	2863493120	4294967296	0	2147323904	2147483648	0	4294955008	4294967296	0	1736269824
42	1586024448	2147483648	0	2865491968	4294967296	0	2147450880	2147483648	0	4294950912	4294967296	0	1734807552
43	1586909184	2147483648	0	2866974720	4294967296	0	2147442688	2147483648	0	4294934528	4294967296	0	1732104192
44	1587781632	2147483648	0	2868592640	4294967296	0	2147295232	2147483648	0	4294938624	4294967296	0	1729024000
45	1588916224	2147483648	0	2870272000	4294967296	0	2147475456	2147483648	0	4294823936	4294967296	0	1727320064
46	1590099968	2147483648	0	2872324096	4294967296	0	2147397632	2147483648	0	4294963200	4294967296	0	1724739584
47	1591164928	2147483648	0	2874318848	4294967296	0	2147389440	2147483648	0	4294938624	4294967296	0	1721470976
48	1592459264	2147483648	0	2876059648	4294967296	0	2147311616	2147483648	0	4294938624	4294967296	0	1717616640
49	1593712640	2147483648	0	2878074880	4294967296	0	1626980352	2147483648	0	4294807552	4294967296	0	2228969472
50	1594871808	2147483648	0	2879995904	4294967296	0	1627013120	2147483648	0	4294938624	4294967296	0	2226348032
51	1595842560	2147483648	0	2976129024	4294967296	0	1627172864	2147483648	0	4294938624	4294967296	0	2130022400
52	1597149184	2147483648	0	3067170816	4294967296	0	1627205632	2147483648	0	4294967296	4294967296	0	2036039680
53	1598398464	2147483648	0	3149430784	4294967296	0	1627115520	2147483648	0	4294942720	4294967296	0	1949720576
54	1599438848	2147483648	0	3204460544	4294967296	0	1627267072	2147483648	0	4294946816	4294967296	0	1893421056
55	1600454656	2147483648	0	3256152064	4294967296	0	1629401088	2147483648	0	4294918144	4294967296	0	1836040192
56	1601540096	2147483648	0	3332300800	4294967296	0	1629290496	2147483648	0	4294942720	4294967296	0	1756450816
57	1602260992	2147483648	0	3373518848	4294967296	0	1629290496	2147483648	0	4294942720	4294967296	0	1714507776
58	1603313664	2147483648	0	3374575616	4294967296	0	1629290496	2147483648	0	4294942720	4294967296	0	1712185344
59	1604218880	2147483648	0	3375480832	4294967296	0	1629290496	2147483648	0	4294955008	4294967296	0	1709502464
60	1605001216	2147483648	0	3376222208	4294967296	0	1629290496	2147483648	0	4294942720	4294967296	0	1708822528
61	1606021120	2147483648	0	3377287168	4294967296	0	1629290496	2147483648	0	4294942720	4294967296	0	1706139648
62	1607319552	2147483648	0	3378520064	4294967296	0	1629290496	2147483648	0	4294942720	4294967296	0	1704251392
63	1608368128	2147483648	0	3379720192	4294967296	0	1629290496	2147483648	0	4294942720	4294967296	0	1702662144
64	1609625600	2147483648	0	3380891648	4294967296	0	1629442048	2147483648	0	4294946816	4294967296	0	1698017280
65	1610723328	2147483648	0	3382140928	4294967296	0	1629474816	2147483648	0	4294950912	4294967296	0	1696301056
66	1611878400	2147483648	0	3383312384	4294967296	0	1629511680	2147483648	0	4294946816	4294967296	0	1694273536
67	1613070336	2147483648	0	3384512512	4294967296	0	1629405184	2147483648	0	3309449216	4294967296	0	2683342848
68	1614069760	2147483648	0	3385585664	4294967296	0	1629405184	2147483648	0	3311665152	4294967296	0	2678099968
69	1615155200	2147483648	0	3386728448	4294967296	0	1629405184	2147483648	0	3311702016	4294967296	0	2676187136
70	1616269312	2147483648	0	3387777024	4294967296	0	1629405184	2147483648	0	3311591424	4294967296	0	2673258496
71	1617391616	2147483648	0	3388985344	4294967296	0	1629405184	2147483648	0	3311591424	4294967296	0	2672283648
72	1618604032	2147483648	0	3390148608	4294967296	0	1629405184	2147483648	0	3311591424	4294967296	0	2669735936
73	1619656704	2147483648	0	3391213568	4294967296	0	1629405184	2147483648	0	3311591424	4294967296	0	2665758720
74	1620807680	2147483648	0	3392237568	4294967296	0	1629405184	2147483648	0	3311722496	4294967296	0	2663608320
75	1622106112	2147483648	0	3393388544	4294967296	0	1629405184	2147483648	0	3311771648	4294967296	0	2660585472
76	1623261184	2147483648	0	3394572288	4294967296	0	1629405184	2147483648	0	3311820800	4294967296	0	2657968128
77	1624530944	2147483648	0	3395981312	4294967296	0	1629405184	2147483648	0	3311849472	4294967296	0	2654724096
78	1625866240	2147483648	0	3397152768	4294967296	0	1629405184	2147483648	0	3311849472	4294967296	0	2653192192
79	1627820032	2147483648	0	3398197248	4294967296	0	1629405184	2147483648	0	3311730688	4294967296	0	2649886720
80	1629773824	2147483648	0	3399270400	4294967296	0	1629405184	2147483648	0	3311730688	4294967296	0	2646278144
81	1631756288	2147483648	0	3400282112	4294967296	0	1629405184	2147483648	0	3311730688	4294967296	0	2643267584
82	1633579008	2147483648	0	3401441280	4294967296	0	1629405184	2147483648	0	3311730688	4294967296	0	2639425536
83	1679966208	2147483648	0	3402530816	4294967296	0	1629405184	2147483648	0	3311730688	4294967296	0	2592350208
84	1731469312	2147483648	0	3403800576	4294967296	0	1629405184	2147483648	0	3311730688	4294967296	0	2537402368
85	1753673728	2147483648	0	3405086720	4294967296	0	1629405184	2147483648	0	3311730688	4294967296	0	2514235392
86	1799262208	2147483648	0	3406168064	4294967296	0	1629405184	2147483648	0	3311730688	4294967296	0	2465775616
87	1837522944	2147483648	0	3407155200	4294967296	0	1629405184	2147483648	0	3311730688	4294967296	0	2425180160
88	1885876224	2147483648	0	3408195584	4294967296	0	1629405184	2147483648	0	3311730688	4294967296	0	2374021120
89	1951006720	2147483648	0	3409649664	4294967296	0	1629405184	2147483648	0	3311730688	4294967296	0	2306506752
90	2005127168	2147483648	0	3410710528	4294967296	0	1629405184	2147483648	0	3311730688	4294967296	0	2249748480
91	2058199040	2147483648	0	3412127744	4294967296	0	1629405184	2147483648	0	3311730688	4294967296	0	2193612800
92	2073964544	2147483648	0	3412889600	4294967296	0	1629405184	2147483648	0	3311730688	4294967296	0	2175950848
93	2075054080	2147483648	0	3413864448	4294967296	0	1629405184	2147483648	0	3311730688	4294967296	0	2173247488
94	2075959296	2147483648	0	3414925312	4294967296	0	1629405184	2147483648	0	3311730688	4294967296	0	2172346368
95	2077257728	2147483648	0	3416092672	4294967296	0	1629405184	2147483648	0	3311730688	4294967296	0	2169552896
96	2078543872	2147483648	0	3417206784	4294967296	0	1629405184	2147483648	0	3311730688	4294967296	0	2167685120
97	2079842304	2147483648	0	3418505216	4294967296	0	1629405184	2147483648	0	3311730688	4294967296	0	2164871168
98	2081271808	2147483648	0	3419803648	4294967296	0	1629405184	2147483648	0	3311730688	4294967296	0	2161668096
99	2082566144	2147483648	0	3420934144	4294967296	0	1629405184	2147483648	0	3311730688	4294967296	0	2159046656
100	2083733504	2147483648	0	3422048256	4294967296	0	1629405184	2147483648	0	3311730688	4294967296	0	2155548672
101	2084876288	2147483648	0	3423207424	4294967296	0	1629405184	2147483648	0	3311730688	4294967296	0	2140250112
102	2085625856	2147483648	0	3423920128	4294967296	0	1629405184	2147483648	0	3311730688	4294967296	0	2018062336
103	2086391808	2147483648	0	3424776192	4294967296	0	1629405184	2147483648	0	3311730688	4294967296	0	869998592
104	2075959296	2147483648	0	3412070400	4294967296	0	1625014272	2147483648	0	3302682624	4294967296	0	181833728
105	1998872576	2147483648	0	3322081280	4294967296	0	1596551168	2147483648	0	3240505344	4294967296	0	184205312
106	1999986688	2147483648	0	3323023360	4294967296	0	1596551168	2147483648	0	3240505344	4294967296	0	181006336
107	2001154048	2147483648	0	3324157952	4294967296	0	1596551168	2147483648	0	3240505344	4294967296	0	179154944
108	2002042880	2147483648	0	3325124608	4294967296	0	1596551168	2147483648	0	3240505344	4294967296	0	177561600
109	2003189760	2147483648	0	3326267392	4294967296	0	1596551168	2147483648	0	3240505344	4294967296	0	175091712
110	1996111872	2147483648	0	3318001664	4294967296	0	1617125376	2147483648	0	3233959936	4294967296	0	191709184
111	1990512640	2147483648	0	3309416448	4294967296	0	1668489216	2147483648	0	3227688960	4294967296	0	177672192
112	1988538368	2147483648	0	3300270080	4294967296	0	1713414144	2147483648	0	3220668416	4294967296	0	169238528
113	1985482752	2147483648	0	3294576640	4294967296	0	1741193216	2147483648	0	3217563648	4294967296	0	161902592
114	1975353344	2147483648	0	3276959744	4294967296	0	1789595648	2147483648	0	3208171520	4294967296	0	175460352
115	1966424064	2147483648	0	3261616128	4294967296	0	1834930176	2147483648	0	3199885312	4294967296	0	184467456
116	1959477248	2147483648	0	3249524736	4294967296	0	1880567808	2147483648	0	3193286656	4294967296	0	180989952
117	1952878592	2147483648	0	3238150144	4294967296	0	1925017600	2147483648	0	3186987008	4294967296	0	176746496
118	1946488832	2147483648	0	3227127808	4294967296	0	1969020928	2147483648	0	3180961792	4294967296	0	172920832
119	1941553152	2147483648	0	3215560704	4294967296	0	2001510400	2147483648	0	3176464384	4294967296	0	177643520
120	1945268224	2147483648	0	3211677696	4294967296	0	2028703744	2147483648	0	3173953536	4294967296	0	159301632
121	1943072768	2147483648	0	3194986496	4294967296	0	2065600512	2147483648	0	3165024256	4294967296	0	173203456
122	1936494592	2147483648	0	3182198784	4294967296	0	2107412480	2147483648	0	3158016000	4294967296	0	174723072
123	1930358784	2147483648	0	3169796096	4294967296	0	2147467264	2147483648	0	3151196160	4294967296	0	175136768
124	1930952704	2147483648	0	3170213888	4294967296	0	2147463168	2147483648	0	3151011840	4294967296	0	175296512
125	1931939840	2147483648	0	3171205120	4294967296	0	2147467264	2147483648	0	3151011840	4294967296	0	173518848
126	1932800000	2147483648	0	3172139008	4294967296	0	2147467264	2147483648	0	3151011840	4294967296	0	171978752
127	1924677632	2147483648	0	3171135488	4294967296	0	2145267712	2147483648	0	3181420544	4294967296	0	169922560
128	1908006912	2147483648	0	3150266368	4294967296	0	2147446784	2147483648	0	3243696128	4294967296	0	168566784
129	1890623488	2147483648	0	3176173568	4294967296	0	2147364864	2147483648	0	3271802880	4294967296	0	161234944
130	1877045248	2147483648	0	3175251968	4294967296	0	2147475456	2147483648	0	3296063488	4294967296	0	178012160
131	1861263360	2147483648	0	3194744832	4294967296	0	2147479552	2147483648	0	3320836096	4294967296	0	181760000
132	1847537664	2147483648	0	3209117696	4294967296	0	2143760384	2147483648	0	3342811136	4294967296	0	189587456
133	1827942400	2147483648	0	3242602496	4294967296	0	2140971008	2147483648	0	3362349056	4294967296	0	192282624
134	1815351296	2147483648	0	3281014784	4294967296	0	2144079872	2147483648	0	3396653056	4294967296	0	156434432
135	1793204224	2147483648	0	3306094592	4294967296	0	2141519872	2147483648	0	3420291072	4294967296	0	176766976
136	1784496128	2147483648	0	3313102848	4294967296	0	2146443264	2147483648	0	3458617344	4294967296	0	166301696
137	1782669312	2147483648	0	3307454464	4294967296	0	1726615552	2147483648	0	3489513472	4294967296	0	569544704
138	1790947328	2147483648	0	3308175360	4294967296	0	1726615552	2147483648	0	3536490496	4294967296	0	511512576
139	1796415488	2147483648	0	3308679168	4294967296	0	1726615552	2147483648	0	3582259200	4294967296	0	458076160
140	1801056256	2147483648	0	3308580864	4294967296	0	1726615552	2147483648	0	3634061312	4294967296	0	401375232
141	1811255296	2147483648	0	3308580864	4294967296	0	1726615552	2147483648	0	3689222144	4294967296	0	334254080
142	1813241856	2147483648	0	3204616192	4294967296	0	1726615552	2147483648	0	3740762112	4294967296	0	384716800
143	1818673152	2147483648	0	3205435392	4294967296	0	1726615552	2147483648	0	3777884160	4294967296	0	346955776
144	1796911104	2147483648	0	3165073408	4294967296	0	1714855936	2147483648	0	3778854912	4294967296	0	170541056
145	1723600896	2147483648	0	3032842240	4294967296	0	1669877760	2147483648	0	3717660672	4294967296	0	164319232
146	1648967680	2147483648	0	2896547840	4294967296	0	1623412736	2147483648	0	3647942656	4294967296	0	172380160
147	1584615424	2147483648	0	2765295616	4294967296	0	1578651648	2147483648	0	3571748864	4294967296	0	154009600
148	1521487872	2147483648	0	2648465408	4294967296	0	1538838528	2147483648	0	3509784576	4294967296	0	161632256
149	1524334592	2147483648	0	2641776640	4294967296	0	1536163840	2147483648	0	3527593984	4294967296	0	159416320
150	1522954240	2147483648	0	2635329536	4294967296	0	1533628416	2147483648	0	3544363008	4294967296	0	160366592
151	1525141504	2147483648	0	2628870144	4294967296	0	1531117568	2147483648	0	3563556864	4294967296	0	156532736
152	1517969408	2147483648	0	2615287808	4294967296	0	1526124544	2147483648	0	3582631936	4294967296	0	180215808
153	1518465024	2147483648	0	2604634112	4294967296	0	1522257920	2147483648	0	3607027712	4294967296	0	182202368
154	1520136192	2147483648	0	2598297600	4294967296	0	1519820800	2147483648	0	3633528832	4294967296	0	170356736
155	1534238720	2147483648	0	2586943488	4294967296	0	1515704320	2147483648	0	3657666560	4294967296	0	161779712
156	1525612544	2147483648	0	2573651968	4294967296	0	1510940672	2147483648	0	3679354880	4294967296	0	180998144
157	1521754112	2147483648	0	2567696384	4294967296	0	1508589568	2147483648	0	3708358656	4294967296	0	172658688
158	1518194688	2147483648	0	2561646592	4294967296	0	1506254848	2147483648	0	3741720576	4294967296	0	159059968
159	1523589120	2147483648	0	2548752384	4294967296	0	1501663232	2147483648	0	3761647616	4294967296	0	165257216
160	1548582912	2147483648	0	2540359680	4294967296	0	1498669056	2147483648	0	3788361728	4294967296	0	139128832
161	1566498816	2147483648	0	2520244224	4294967296	0	1491599360	2147483648	0	3800637440	4294967296	0	158498816
162	1588015104	2147483648	0	2498097152	4294967296	0	1483980800	2147483648	0	3820908544	4294967296	0	171257856
163	1604849664	2147483648	0	2476388352	4294967296	0	1476784128	2147483648	0	3842195456	4294967296	0	175853568
164	1625526272	2147483648	0	2459291648	4294967296	0	1471094784	2147483648	0	3864600576	4294967296	0	175099904
165	1666347008	2147483648	0	2437754880	4294967296	0	1463648256	2147483648	0	3879964672	4294967296	0	173719552
166	1701568512	2147483648	0	2417504256	4294967296	0	1456635904	2147483648	0	3895488512	4294967296	0	172314624
167	1715445760	2147483648	0	2406928384	4294967296	0	1452949504	2147483648	0	3914919936	4294967296	0	164515840
168	1704415232	2147483648	0	2396340224	4294967296	0	1449164800	2147483648	0	3943084032	4294967296	0	174084096
169	1693409280	2147483648	0	2390663168	4294967296	0	1445425152	2147483648	0	3973378048	4294967296	0	177090560
170	1662939136	2147483648	0	2395742208	4294967296	0	1444380672	2147483648	0	4010139648	4294967296	0	173297664
171	1652621312	2147483648	0	2397368320	4294967296	0	1440288768	2147483648	0	4033286144	4294967296	0	173588480
172	1642217472	2147483648	0	2393292800	4294967296	0	1436581888	2147483648	0	4058636288	4294967296	0	178896896
173	1630875648	2147483648	0	2394439680	4294967296	0	1432657920	2147483648	0	4083814400	4294967296	0	180367360
174	1621688320	2147483648	0	2395115520	4294967296	0	1429417984	2147483648	0	4110938112	4294967296	0	175824896
175	1617174528	2147483648	0	2390372352	4294967296	0	1427677184	2147483648	0	4142247936	4294967296	0	159494144
176	1609580544	2147483648	0	2382770176	4294967296	0	1424908288	2147483648	0	4168835072	4294967296	0	155803648
177	1597288448	2147483648	0	2369765376	4294967296	0	1420673024	2147483648	0	4190941184	4294967296	0	176447488
178	1591398400	2147483648	0	2363523072	4294967296	0	1418530816	2147483648	0	4209872896	4294967296	0	179830784
179	1587326976	2147483648	0	2358054912	4294967296	0	1416876032	2147483648	0	4235239424	4294967296	0	170582016
180	1588609024	2147483648	0	2358607872	4294967296	0	1416876032	2147483648	0	4246949888	4294967296	0	157016064
181	1584828416	2147483648	0	2353860608	4294967296	0	1415237632	2147483648	0	4250873856	4294967296	0	168361984
182	1581129728	2147483648	0	2348552192	4294967296	0	1413599232	2147483648	0	4255608832	4294967296	0	179793920
183	1582407680	2147483648	0	2349535232	4294967296	0	1413599232	2147483648	0	3402498048	4294967296	0	1030729728
184	1583337472	2147483648	0	2350157824	4294967296	0	1413599232	2147483648	0	3402489856	4294967296	0	981884928
185	1584029696	2147483648	0	2350624768	4294967296	0	1413599232	2147483648	0	3402645504	4294967296	0	620875776
186	1584795648	2147483648	0	2351058944	4294967296	0	1413599232	2147483648	0	3402543104	4294967296	0	210853888
187	1498296320	2147483648	0	2259922944	4294967296	0	1385742336	2147483648	0	3270815744	4294967296	0	170594304
188	1417129984	2147483648	0	2157416448	4294967296	0	1354452992	2147483648	0	3120132096	4294967296	0	171229184
189	1355743232	2147483648	0	2095648768	4294967296	0	1335377920	2147483648	0	3029442560	4294967296	0	179044352
190	1356910592	2147483648	0	2096660480	4294967296	0	1335377920	2147483648	0	3029442560	4294967296	0	177160192
191	1358106624	2147483648	0	2098143232	4294967296	0	1335377920	2147483648	0	3029442560	4294967296	0	173854720
192	1367269376	2147483648	0	2099220480	4294967296	0	1335377920	2147483648	0	3029442560	4294967296	0	162721792
193	1368190976	2147483648	0	2093477888	4294967296	0	1333293056	2147483648	0	3019448320	4294967296	0	189521920
194	1374003200	2147483648	0	2094411776	4294967296	0	1333293056	2147483648	0	3019448320	4294967296	0	183148544
195	1375211520	2147483648	0	2095448064	4294967296	0	1333293056	2147483648	0	3019448320	4294967296	0	180244480
196	1376579584	2147483648	0	2096545792	4294967296	0	1333293056	2147483648	0	3019448320	4294967296	0	177811456
197	1370497024	2147483648	0	2090823680	4294967296	0	1365155840	2147483648	0	3009609728	4294967296	0	174415872
198	1360891904	2147483648	0	2081947648	4294967296	0	1411002368	2147483648	0	2995441664	4294967296	0	176594944
199	1350778880	2147483648	0	2072096768	4294967296	0	1452314624	2147483648	0	2980376576	4294967296	0	185032704
200	1345044480	2147483648	0	2066599936	4294967296	0	1494646784	2147483648	0	2971140096	4294967296	0	173776896
201	1339482112	2147483648	0	2061377536	4294967296	0	1540399104	2147483648	0	2962010112	4294967296	0	157855744
202	1319669760	2147483648	0	2087460864	4294967296	0	1575772160	2147483648	0	2933669888	4294967296	0	176332800
203	1302810624	2147483648	0	2120953856	4294967296	0	1612722176	2147483648	0	2909351936	4294967296	0	174718976
204	1285861376	2147483648	0	2160017408	4294967296	0	1639157760	2147483648	0	2885619712	4294967296	0	177266688
205	1269329920	2147483648	0	2207760384	4294967296	0	1663418368	2147483648	0	2862100480	4294967296	0	173588480
206	1260920832	2147483648	0	2210951168	4294967296	0	1698050048	2147483648	0	2849402880	4294967296	0	172888064
207	1242394624	2147483648	0	2261671936	4294967296	0	1711747072	2147483648	0	2823532544	4294967296	0	185126912
208	1227980800	2147483648	0	2317471744	4294967296	0	1720008704	2147483648	0	2803290112	4294967296	0	181972992
209	1213046784	2147483648	0	2380341248	4294967296	0	1730433024	2147483648	0	2782523392	4294967296	0	172113920
210	1198006272	2147483648	0	2403557376	4294967296	0	1757282304	2147483648	0	2761121792	4294967296	0	187506688
211	1194614784	2147483648	0	2393026560	4294967296	0	1795420160	2147483648	0	2755215360	4294967296	0	176697344
212	1191407616	2147483648	0	2382745600	4294967296	0	1825771520	2147483648	0	2749411328	4294967296	0	174075904
213	1188028416	2147483648	0	2372616192	4294967296	0	1860726784	2147483648	0	2743697408	4294967296	0	165232640
214	1180536832	2147483648	0	2351472640	4294967296	0	1887879168	2147483648	0	2732527616	4294967296	0	187191296
215	1177391104	2147483648	0	2341855232	4294967296	0	1921810432	2147483648	0	2727084032	4294967296	0	178974720
216	1174220800	2147483648	0	2332291072	4294967296	0	1959002112	2147483648	0	2721714176	4294967296	0	167550976
217	1171300352	2147483648	0	2322862080	4294967296	0	1994223616	2147483648	0	2716430336	4294967296	0	156340224
218	1164341248	2147483648	0	2303332352	4294967296	0	2021036032	2147483648	0	2706063360	4294967296	0	181612544
219	1161531392	2147483648	0	2294259712	4294967296	0	2056228864	2147483648	0	2701012992	4294967296	0	170852352
220	1158889472	2147483648	0	2284912640	4294967296	0	2095267840	2147483648	0	2696024064	4294967296	0	158560256
221	1154048000	2147483648	0	2271379456	4294967296	0	2118230016	2147483648	0	2688729088	4294967296	0	171409408
222	1154387968	2147483648	0	2267672576	4294967296	0	2127364096	2147483648	0	2686279680	4294967296	0	172032000
223	1156390912	2147483648	0	2268315648	4294967296	0	2138738688	2147483648	0	2686279680	4294967296	0	158101504
224	1155047424	2147483648	0	2258694144	4294967296	0	2147336192	2147483648	0	2681524224	4294967296	0	171139072
225	1156976640	2147483648	0	2259955712	4294967296	0	1687470080	2147483648	0	2681524224	4294967296	0	628789248
226	1158864896	2147483648	0	2261004288	4294967296	0	1687470080	2147483648	0	2681524224	4294967296	0	626380800
227	1160544256	2147483648	0	2262011904	4294967296	0	1687470080	2147483648	0	2681524224	4294967296	0	631226368
228	1162534912	2147483648	0	2263134208	4294967296	0	1687470080	2147483648	0	2681524224	4294967296	0	629047296
229	1163730944	2147483648	0	2263859200	4294967296	0	1687470080	2147483648	0	2681524224	4294967296	0	507015168
230	1176014848	2147483648	0	2238914560	4294967296	0	1667141632	2147483648	0	2668769280	4294967296	0	165191680
231	1144107008	2147483648	0	2095427584	4294967296	0	1553469440	2147483648	0	2597478400	4294967296	0	177188864
232	1159061504	2147483648	0	2072530944	4294967296	0	1534644224	2147483648	0	2585530368	4294967296	0	179527680
233	1185280000	2147483648	0	2065543168	4294967296	0	1528303616	2147483648	0	2583666688	4294967296	0	175149056
234	1212620800	2147483648	0	2057216000	4294967296	0	1520869376	2147483648	0	2578968576	4294967296	0	177045504
235	1238974464	2147483648	0	2055307264	4294967296	0	1511985152	2147483648	0	2573406208	4294967296	0	177426432
236	1271861248	2147483648	0	2057129984	4294967296	0	1502089216	2147483648	0	2567262208	4294967296	0	171053056
237	1299251200	2147483648	0	2052972544	4294967296	0	1495220224	2147483648	0	2562957312	4294967296	0	166969344
238	1330372608	2147483648	0	2047209472	4294967296	0	1484775424	2147483648	0	2556452864	4294967296	0	171372544
239	1357111296	2147483648	0	2049327104	4294967296	0	1475428352	2147483648	0	2550620160	4294967296	0	169906176
240	1386221568	2147483648	0	2041577472	4294967296	0	1465651200	2147483648	0	2544467968	4294967296	0	177094656
241	1414561792	2147483648	0	2036269056	4294967296	0	1457307648	2147483648	0	2539184128	4294967296	0	178307072
242	1440124928	2147483648	0	2037071872	4294967296	0	1447436288	2147483648	0	2532945920	4294967296	0	180719616
243	1438535680	2147483648	0	2037551104	4294967296	0	1439813632	2147483648	0	2568749056	4294967296	0	161013760
244	1414230016	2147483648	0	2032316416	4294967296	0	1429852160	2147483648	0	2627403776	4294967296	0	156270592
245	1394544640	2147483648	0	2022998016	4294967296	0	1420201984	2147483648	0	2664796160	4294967296	0	170999808
246	1377583104	2147483648	0	2022260736	4294967296	0	1411948544	2147483648	0	2701488128	4294967296	0	171614208
247	1364606976	2147483648	0	2024718336	4294967296	0	1405562880	2147483648	0	2739818496	4294967296	0	160178176
248	1348030464	2147483648	0	2022682624	4294967296	0	1397592064	2147483648	0	2771865600	4294967296	0	165777408
249	1332776960	2147483648	0	2021380096	4294967296	0	1390206976	2147483648	0	2807160832	4294967296	0	165462016
250	1312780288	2147483648	0	2019053568	4294967296	0	1380696064	2147483648	0	2841567232	4294967296	0	177065984
251	1299447808	2147483648	0	2013515776	4294967296	0	1374244864	2147483648	0	2886676480	4294967296	0	168366080
252	1282867200	2147483648	0	2002583552	4294967296	0	1366331392	2147483648	0	2926288896	4294967296	0	175443968
253	1270550528	2147483648	0	1998241792	4294967296	0	1360420864	2147483648	0	2959364096	4294967296	0	175214592
254	1253965824	2147483648	0	1995907072	4294967296	0	1352478720	2147483648	0	2997891072	4294967296	0	177078272
255	1242300416	2147483648	0	1997897728	4294967296	0	1346813952	2147483648	0	3039211520	4294967296	0	159793152
256	1226354688	2147483648	0	1990836224	4294967296	0	1339228160	2147483648	0	3070693376	4294967296	0	173395968
257	1215422464	2147483648	0	1983537152	4294967296	0	1333985280	2147483648	0	3103232000	4294967296	0	173182976
258	1202987008	2147483648	0	1974259712	4294967296	0	1328091136	2147483648	0	3132379136	4294967296	0	179572736
259	1196277760	2147483648	0	1972498432	4294967296	0	1324589056	2147483648	0	3147661312	4294967296	0	177086464
260	1189179392	2147483648	0	1973665792	4294967296	0	1321070592	2147483648	0	3160199168	4294967296	0	176136192
261	1180229632	2147483648	0	1972482048	4294967296	0	1316659200	2147483648	0	3172134912	4294967296	0	186908672
262	1172987904	2147483648	0	1971130368	4294967296	0	1313034240	2147483648	0	3195379712	4294967296	0	182128640
263	1166008320	2147483648	0	1966637056	4294967296	0	1309519872	2147483648	0	3225849856	4294967296	0	171581440
264	1158791168	2147483648	0	1969577984	4294967296	0	1305944064	2147483648	0	3251466240	4294967296	0	168341504
265	1110601728	2147483648	0	1914916864	4294967296	0	1284829184	2147483648	0	3189477376	4294967296	0	149225472
266	1043226624	2147483648	0	1817370624	4294967296	0	1253367808	2147483648	0	3084107776	4294967296	0	148901888
267	972136448	2147483648	0	1724805120	4294967296	0	1224093696	2147483648	0	2981363712	4294967296	0	156721152
268	958238720	2147483648	0	1706795008	4294967296	0	1197277184	2147483648	0	2978803712	4294967296	0	251932672
269	970940416	2147483648	0	1718710272	4294967296	0	1197277184	2147483648	0	3014979584	4294967296	0	190586880
270	969990144	2147483648	0	1721798656	4294967296	0	1196564480	2147483648	0	3037581312	4294967296	0	178696192
271	968687616	2147483648	0	1725927424	4294967296	0	1194881024	2147483648	0	3062718464	4294967296	0	159977472
272	965480448	2147483648	0	1726038016	4294967296	0	1194016768	2147483648	0	3072229376	4294967296	0	173973504
273	962551808	2147483648	0	1726017536	4294967296	0	1193148416	2147483648	0	3084169216	4294967296	0	179613696
274	965791744	2147483648	0	1728614400	4294967296	0	1192988672	2147483648	0	3112353792	4294967296	0	150102016
275	960385024	2147483648	0	1721597952	4294967296	0	1192751104	2147483648	0	3114782720	4294967296	0	175222784
276	951992320	2147483648	0	1762000896	4294967296	0	1191157760	2147483648	0	3116687360	4294967296	0	158744576
277	942067712	2147483648	0	1796444160	4294967296	0	1189003264	2147483648	0	3111051264	4294967296	0	171581440
278	937394176	2147483648	0	1830735872	4294967296	0	1188036608	2147483648	0	3122130944	4294967296	0	153202688
279	935407616	2147483648	0	1846693888	4294967296	0	1187504128	2147483648	0	3131367424	4294967296	0	138842112
280	930611200	2147483648	0	1856421888	4294967296	0	1186820096	2147483648	0	3127861248	4294967296	0	163155968
281	928149504	2147483648	0	1883672576	4294967296	0	1185845248	2147483648	0	3146039296	4294967296	0	140582912
282	927166464	2147483648	0	1856090112	4294967296	0	1185497088	2147483648	0	3166818304	4294967296	0	164028416
283	927162368	2147483648	0	1841053696	4294967296	0	1185296384	2147483648	0	3202306048	4294967296	0	150093824
284	928178176	2147483648	0	1841958912	4294967296	0	1185292288	2147483648	0	3214831616	4294967296	0	138854400
285	928161792	2147483648	0	1841807360	4294967296	0	1185292288	2147483648	0	3214737408	4294967296	0	138936320
286	928149504	2147483648	0	1841795072	4294967296	0	1185292288	2147483648	0	3214737408	4294967296	0	138588160
287	928145408	2147483648	0	1841655808	4294967296	0	1185292288	2147483648	0	3214643200	4294967296	0	139399168
288	928145408	2147483648	0	1841655808	4294967296	0	1185292288	2147483648	0	3214643200	4294967296	0	139431936
289	926191616	2147483648	0	1818046464	4294967296	0	1190899712	2147483648	0	3204894720	4294967296	0	177160192
290	924790784	2147483648	0	1791393792	4294967296	0	1224601600	2147483648	0	3220287488	4294967296	0	169967616
291	923201536	2147483648	0	1765920768	4294967296	0	1242734592	2147483648	0	3232096256	4294967296	0	177840128
292	921362432	2147483648	0	1743179776	4294967296	0	1260154880	2147483648	0	3241156608	4294967296	0	190930944
293	921067520	2147483648	0	1731973120	4294967296	0	1286160384	2147483648	0	3259027456	4294967296	0	164876288
294	919179264	2147483648	0	1712181248	4294967296	0	1299849216	2147483648	0	3259523072	4294967296	0	185733120
295	919293952	2147483648	0	1704808448	4294967296	0	1319821312	2147483648	0	3280408576	4294967296	0	157048832
296	916893696	2147483648	0	1685524480	4294967296	0	1328467968	2147483648	0	3264110592	4294967296	0	181633024
297	916123648	2147483648	0	1675853824	4294967296	0	1341415424	2147483648	0	3264880640	4294967296	0	175972352
298	914939904	2147483648	0	1665695744	4294967296	0	1353170944	2147483648	0	3255361536	4294967296	0	188735488
299	914776064	2147483648	0	1660936192	4294967296	0	1369452544	2147483648	0	3263463424	4294967296	0	165806080
300	915521536	2147483648	0	1657896960	4294967296	0	1370771456	2147483648	0	3262607360	4294967296	0	172347392
301	916140032	2147483648	0	1654902784	4294967296	0	1388339200	2147483648	0	2546438144	4294967296	0	869978112
302	919400448	2147483648	0	1656201216	4294967296	0	1419472896	2147483648	0	2441052160	4294967296	0	941023232
303	920444928	2147483648	0	1657233408	4294967296	0	1443549184	2147483648	0	2441052160	4294967296	0	733732864
304	936013824	2147483648	0	1658306560	4294967296	0	1461190656	2147483648	0	2441052160	4294967296	0	361762816
305	930017280	2147483648	0	1648566272	4294967296	0	1418391552	2147483648	0	2374963200	4294967296	0	148770816
306	919281664	2147483648	0	1643601920	4294967296	0	1401946112	2147483648	0	2358927360	4294967296	0	140603392
307	927457280	2147483648	0	1641369600	4294967296	0	1407979520	2147483648	0	2343772160	4294967296	0	175140864
308	945459200	2147483648	0	1644503040	4294967296	0	1425231872	2147483648	0	2340610048	4294967296	0	163438592
309	940408832	2147483648	0	1645015040	4294967296	0	1436934144	2147483648	0	2339577856	4294967296	0	178176000
310	953466880	2147483648	0	1653133312	4294967296	0	1445494784	2147483648	0	2339184640	4294967296	0	149499904
311	951689216	2147483648	0	1651466240	4294967296	0	1452863488	2147483648	0	2335703040	4294967296	0	164544512
312	962510848	2147483648	0	1652076544	4294967296	0	1455669248	2147483648	0	2333192192	4294967296	0	164253696
313	974188544	2147483648	0	1666535424	4294967296	0	1455665152	2147483648	0	2333159424	4294967296	0	140238848
314	974176256	2147483648	0	1666535424	4294967296	0	1455665152	2147483648	0	2333159424	4294967296	0	140161024
315	974295040	2147483648	0	1666535424	4294967296	0	1455665152	2147483648	0	2333159424	4294967296	0	139964416
316	974282752	2147483648	0	1666535424	4294967296	0	1455665152	2147483648	0	2333159424	4294967296	0	139997184
317	964096000	2147483648	0	1670676480	4294967296	0	1455648768	2147483648	0	2332655616	4294967296	0	154562560
318	1007726592	2147483648	0	1663729664	4294967296	0	1462116352	2147483648	0	2316677120	4294967296	0	144044032
319	991354880	2147483648	0	1655508992	4294967296	0	1465393152	2147483648	0	2312482816	4294967296	0	179056640
320	999911424	2147483648	0	1671401472	4294967296	0	1465294848	2147483648	0	2307477504	4294967296	0	162050048
321	981377024	2147483648	0	1664094208	4294967296	0	1478610944	2147483648	0	2303315968	4294967296	0	186306560
322	967475200	2147483648	0	1669689344	4294967296	0	1495371776	2147483648	0	2299580416	4294967296	0	184229888
323	956817408	2147483648	0	1672593408	4294967296	0	1514065920	2147483648	0	2297491456	4294967296	0	179163136
324	940072960	2147483648	0	1676517376	4294967296	0	1525624832	2147483648	0	2292727808	4294967296	0	185745408
325	930476032	2147483648	0	1673461760	4294967296	0	1537622016	2147483648	0	2287964160	4294967296	0	193671168
326	932007936	2147483648	0	1674964992	4294967296	0	1562972160	2147483648	0	2288357376	4294967296	0	164184064
327	926076928	2147483648	0	1688256512	4294967296	0	1564688384	2147483648	0	2281431040	4294967296	0	165199872
328	922628096	2147483648	0	1684381696	4294967296	0	1557663744	2147483648	0	2279448576	4294967296	0	185118720
329	924450816	2147483648	0	1697738752	4294967296	0	1557663744	2147483648	0	2279448576	4294967296	0	170127360
330	926154752	2147483648	0	1709142016	4294967296	0	1557663744	2147483648	0	2279448576	4294967296	0	156717056
331	927858688	2147483648	0	1718452224	4294967296	0	1557663744	2147483648	0	2279448576	4294967296	0	145010688
332	929300480	2147483648	0	1718571008	4294967296	0	1557663744	2147483648	0	2279448576	4294967296	0	143618048
333	930873344	2147483648	0	1718558720	4294967296	0	1557663744	2147483648	0	2279448576	4294967296	0	141901824
334	924299264	2147483648	0	1689546752	4294967296	0	1565458432	2147483648	0	2269458432	4294967296	0	187424768
335	922808320	2147483648	0	1695830016	4294967296	0	1566277632	2147483648	0	2259234816	4294967296	0	189198336
336	915025920	2147483648	0	1670975488	4294967296	0	1574223872	2147483648	0	2245869568	4294967296	0	177995776
337	913764352	2147483648	0	1657999360	4294967296	0	1582444544	2147483648	0	2222551040	4294967296	0	199933952
338	913592320	2147483648	0	1660030976	4294967296	0	1594748928	2147483648	0	2199957504	4294967296	0	196726784
339	914046976	2147483648	0	1666244608	4294967296	0	1613791232	2147483648	0	2182987776	4294967296	0	185102336
340	915484672	2147483648	0	1678782464	4294967296	0	1621565440	2147483648	0	2170929152	4294967296	0	174927872
341	917024768	2147483648	0	1686642688	4294967296	0	1632358400	2147483648	0	2171011072	4294967296	0	153600000
342	916193280	2147483648	0	1676480512	4294967296	0	1627996160	2147483648	0	2144907264	4294967296	0	204206080
343	929296384	2147483648	0	1685946368	4294967296	0	1644580864	2147483648	0	2124038144	4294967296	0	179961856
344	932573184	2147483648	0	1686007808	4294967296	0	1659346944	2147483648	0	2101882880	4294967296	0	179171328
345	934326272	2147483648	0	1688100864	4294967296	0	1674096640	2147483648	0	2084204544	4294967296	0	174637056
346	936914944	2147483648	0	1682366464	4294967296	0	1690083328	2147483648	0	2061451264	4294967296	0	187715584
347	937136128	2147483648	0	1694769152	4294967296	0	1682309120	2147483648	0	2046128128	4294967296	0	200634368
348	938471424	2147483648	0	1704902656	4294967296	0	1698287616	2147483648	0	2046296064	4294967296	0	172265472
349	935071744	2147483648	0	1698263040	4294967296	0	1714110464	2147483648	0	2025041920	4294967296	0	186327040
350	932331520	2147483648	0	1704923136	4294967296	0	1733996544	2147483648	0	2009714688	4294967296	0	174870528
351	932696064	2147483648	0	1714425856	4294967296	0	1747238912	2147483648	0	2006380544	4294967296	0	157454336
352	923414528	2147483648	0	1692913664	4294967296	0	1728204800	2147483648	0	1947750400	4294967296	0	148688896
353	915456000	2147483648	0	1657634816	4294967296	0	1707978752	2147483648	0	1793945600	4294967296	0	140849152
354	910983168	2147483648	0	1653579776	4294967296	0	1702420480	2147483648	0	1583554560	4294967296	0	139096064
355	910659584	2147483648	0	1664569344	4294967296	0	1709314048	2147483648	0	1499398144	4294967296	0	138698752
356	910786560	2147483648	0	1664475136	4294967296	0	1709129728	2147483648	0	1499242496	4294967296	0	139542528
357	909107200	2147483648	0	1669881856	4294967296	0	1708539904	2147483648	0	1394737152	4294967296	0	157732864
358	906866688	2147483648	0	1661341696	4294967296	0	1708453888	2147483648	0	1291526144	4294967296	0	143597568
359	905564160	2147483648	0	1662603264	4294967296	0	1708613632	2147483648	0	1285251072	4294967296	0	138612736
360	900911104	2147483648	0	1654091776	4294967296	0	1710391296	2147483648	0	1276096512	4294967296	0	139042816
361	901128192	2147483648	0	1653256192	4294967296	0	1710379008	2147483648	0	1273040896	4294967296	0	138678272
362	900788224	2147483648	0	1652699136	4294967296	0	1710346240	2147483648	0	1268899840	4294967296	0	140316672
363	890494976	2147483648	0	1660252160	4294967296	0	1714765824	2147483648	0	1153142784	4294967296	0	148606976
364	883671040	2147483648	0	1695657984	4294967296	0	1721458688	2147483648	0	1104650240	4294967296	0	171614208
365	876363776	2147483648	0	1712283648	4294967296	0	1729069056	2147483648	0	1087643648	4294967296	0	186933248
366	877568000	2147483648	0	1743437824	4294967296	0	1744404480	2147483648	0	1084887040	4294967296	0	140488704
367	876142592	2147483648	0	1719652352	4294967296	0	1742888960	2147483648	0	1071067136	4294967296	0	189059072
368	878522368	2147483648	0	1717260288	4294967296	0	1756602368	2147483648	0	1071546368	4294967296	0	165842944
369	878329856	2147483648	0	1707581440	4294967296	0	1760763904	2147483648	0	1070379008	4294967296	0	179318784
370	878329856	2147483648	0	1708441600	4294967296	0	1760686080	2147483648	0	1070379008	4294967296	0	178462720
371	878354432	2147483648	0	1709420544	4294967296	0	1760514048	2147483648	0	1070379008	4294967296	0	177258496
372	878317568	2147483648	0	1710325760	4294967296	0	1760514048	2147483648	0	1070379008	4294967296	0	176144384
373	878448640	2147483648	0	1711362048	4294967296	0	1760514048	2147483648	0	1070379008	4294967296	0	175001600
374	878448640	2147483648	0	1712398336	4294967296	0	1760514048	2147483648	0	1070379008	4294967296	0	173989888
375	879108096	2147483648	0	1674240000	4294967296	0	1766801408	2147483648	0	1061797888	4294967296	0	165265408
376	876900352	2147483648	0	1663705088	4294967296	0	1775497216	2147483648	0	1026244608	4294967296	0	180789248
377	874377216	2147483648	0	1658617856	4294967296	0	1787027456	2147483648	0	1003249664	4294967296	0	172601344
378	889995264	2147483648	0	1652625408	4294967296	0	1787109376	2147483648	0	947716096	4294967296	0	199602176
379	921657344	2147483648	0	1651400704	4294967296	0	1802878976	2147483648	0	933728256	4294967296	0	172130304
380	925356032	2147483648	0	1649553408	4294967296	0	1813643264	2147483648	0	930140160	4294967296	0	171044864
381	922398720	2147483648	0	1648324608	4294967296	0	1813618688	2147483648	0	928604160	4294967296	0	187293696
382	951136256	2147483648	0	1648963584	4294967296	0	1193029632	2147483648	0	939417600	4294967296	0	770207744
383	997924864	2147483648	0	1650098176	4294967296	0	1193029632	2147483648	0	973197312	4294967296	0	640225280
384	1018851328	2147483648	0	1650540544	4294967296	0	1195126784	2147483648	0	976719872	4294967296	0	278577152
385	1003315200	2147483648	0	1650888704	4294967296	0	1195122688	2147483648	0	975470592	4294967296	0	139091968
386	925040640	2147483648	0	1648361472	4294967296	0	1194381312	2147483648	0	968318976	4294967296	0	138321920
387	921919488	2147483648	0	1648422912	4294967296	0	1194360832	2147483648	0	968273920	4294967296	0	140247040
388	921919488	2147483648	0	1648422912	4294967296	0	1194360832	2147483648	0	968273920	4294967296	0	139923456
389	921919488	2147483648	0	1648340992	4294967296	0	1194360832	2147483648	0	968273920	4294967296	0	139829248
390	921919488	2147483648	0	1648340992	4294967296	0	1194360832	2147483648	0	968273920	4294967296	0	139894784
391	921919488	2147483648	0	1648340992	4294967296	0	1194360832	2147483648	0	968273920	4294967296	0	139927552
392	895213568	2147483648	0	1640751104	4294967296	0	1191268352	2147483648	0	964272128	4294967296	0	139395072
393	880021504	2147483648	0	1634803712	4294967296	0	1188212736	2147483648	0	956141568	4294967296	0	139796480
394	875945984	2147483648	0	1631580160	4294967296	0	1175212032	2147483648	0	896815104	4294967296	0	143908864
395	877707264	2147483648	0	1633456128	4294967296	0	1142566912	2147483648	0	827621376	4294967296	0	139046912
396	874549248	2147483648	0	1630502912	4294967296	0	1118314496	2147483648	0	756572160	4294967296	0	139198464
397	894726144	2147483648	0	1645752320	4294967296	0	1094012928	2147483648	0	712773632	4294967296	0	157110272
398	909283328	2147483648	0	1651916800	4294967296	0	1077571584	2147483648	0	684691456	4294967296	0	178257920
399	923013120	2147483648	0	1664970752	4294967296	0	1077088256	2147483648	0	683954176	4294967296	0	151597056
400	916013056	2147483648	0	1665290240	4294967296	0	1075101696	2147483648	0	670846976	4294967296	0	172863488
401	901697536	2147483648	0	1665949696	4294967296	0	1074765824	2147483648	0	659214336	4294967296	0	170287104
402	892329984	2147483648	0	1666220032	4294967296	0	1073606656	2147483648	0	680722432	4294967296	0	162918400
403	887635968	2147483648	0	1671974912	4294967296	0	1074081792	2147483648	0	692535296	4294967296	0	152834048
404	875659264	2147483648	0	1652154368	4294967296	0	1069887488	2147483648	0	698531840	4294967296	0	182681600
405	872980480	2147483648	0	1650503680	4294967296	0	1070862336	2147483648	0	720691200	4294967296	0	168075264
406	871264256	2147483648	0	1646817280	4294967296	0	1069780992	2147483648	0	729923584	4294967296	0	166539264
407	866762752	2147483648	0	1644060672	4294967296	0	1067171840	2147483648	0	746958848	4294967296	0	174747648
408	866119680	2147483648	0	1647702016	4294967296	0	1066680320	2147483648	0	751349760	4294967296	0	161640448
409	863195136	2147483648	0	1641922560	4294967296	0	1065959424	2147483648	0	725458944	4294967296	0	189456384
410	859537408	2147483648	0	1635446784	4294967296	0	1062580224	2147483648	0	708780032	4294967296	0	207130624
411	857530368	2147483648	0	1639559168	4294967296	0	1037406208	2147483648	0	725565440	4294967296	0	191160320
412	857780224	2147483648	0	1653702656	4294967296	0	1037406208	2147483648	0	725442560	4294967296	0	178216960
413	857821184	2147483648	0	1666809856	4294967296	0	1028702208	2147483648	0	726196224	4294967296	0	138686464
414	842682368	2147483648	0	1643974656	4294967296	0	953339904	2147483648	0	705634304	4294967296	0	138571776
415	828305408	2147483648	0	1640624128	4294967296	0	913510400	2147483648	0	686497792	4294967296	0	139853824
416	812679168	2147483648	0	1646768128	4294967296	0	858165248	2147483648	0	658722816	4294967296	0	138657792
417	793964544	2147483648	0	1638584320	4294967296	0	798130176	2147483648	0	569638912	4294967296	0	142032896
418	721055744	2147483648	0	1634758656	4294967296	0	766779392	2147483648	0	501600256	4294967296	0	178675712
419	657108992	2147483648	0	1634754560	4294967296	0	723599360	2147483648	0	448438272	4294967296	0	154836992
420	579252224	2147483648	0	1638850560	4294967296	0	651837440	2147483648	0	397832192	4294967296	0	228704256
421	580923392	2147483648	0	1665290240	4294967296	0	652308480	2147483648	0	398422016	4294967296	0	187592704
422	567373824	2147483648	0	1673904128	4294967296	0	642928640	2147483648	0	390553600	4294967296	0	163954688
423	542081024	2147483648	0	1668288512	4294967296	0	640774144	2147483648	0	400678912	4294967296	0	177217536
424	539037696	2147483648	0	1671913472	4294967296	0	640856064	2147483648	0	400572416	4294967296	0	176902144
425	530743296	2147483648	0	1678782464	4294967296	0	638173184	2147483648	0	408698880	4294967296	0	168079360
426	524824576	2147483648	0	1677578240	4294967296	0	634867712	2147483648	0	423931904	4294967296	0	159305728
427	511856640	2147483648	0	1678102528	4294967296	0	631558144	2147483648	0	438300672	4294967296	0	164458496
428	500891648	2147483648	0	1677692928	4294967296	0	629321728	2147483648	0	455794688	4294967296	0	160718848
429	494964736	2147483648	0	1668669440	4294967296	0	599552000	2147483648	0	468238336	4294967296	0	189108224
430	475471872	2147483648	0	1703550976	4294967296	0	562814976	2147483648	0	488640512	4294967296	0	181493760
431	434655232	2147483648	0	1757913088	4294967296	0	542445568	2147483648	0	512946176	4294967296	0	167010304
432	434642944	2147483648	0	1772646400	4294967296	0	542445568	2147483648	0	513060864	4294967296	0	151990272
433	405729280	2147483648	0	1804378112	4294967296	0	523321344	2147483648	0	512565248	4294967296	0	170496000
434	392777728	2147483648	0	1844813824	4294967296	0	509386752	2147483648	0	512638976	4294967296	0	155295744
435	390336512	2147483648	0	1853202432	4294967296	0	506974208	2147483648	0	512548864	4294967296	0	152584192
436	386129920	2147483648	0	1830768640	4294967296	0	501821440	2147483648	0	513380352	4294967296	0	184270848
437	386129920	2147483648	0	1831026688	4294967296	0	501821440	2147483648	0	525885440	4294967296	0	156811264
438	364474368	2147483648	0	1778524160	4294967296	0	528797696	2147483648	0	549019648	4294967296	0	180670464
439	351203328	2147483648	0	1750224896	4294967296	0	556679168	2147483648	0	574681088	4294967296	0	180432896
440	342364160	2147483648	0	1722834944	4294967296	0	578666496	2147483648	0	595238912	4294967296	0	173015040
441	311906304	2147483648	0	1674969088	4294967296	0	603844608	2147483648	0	618393600	4294967296	0	176582656
442	305504256	2147483648	0	1666961408	4294967296	0	611164160	2147483648	0	625205248	4294967296	0	176930816
443	289648640	2147483648	0	1651703808	4294967296	0	632999936	2147483648	0	647106560	4294967296	0	167497728
444	263049216	2147483648	0	1642610688	4294967296	0	656175104	2147483648	0	664735744	4294967296	0	157286400
445	214704128	2147483648	0	1634254848	4294967296	0	677687296	2147483648	0	684990464	4294967296	0	172625920
446	195129344	2147483648	0	1632624640	4294967296	0	696823808	2147483648	0	706568192	4294967296	0	161394688
447	177303552	2147483648	0	1630752768	4294967296	0	700952576	2147483648	0	712044544	4294967296	0	177422336
448	177291264	2147483648	0	1630740480	4294967296	0	700952576	2147483648	0	712044544	4294967296	0	177422336
449	166207488	2147483648	0	1629184000	4294967296	0	710733824	2147483648	0	722833408	4294967296	0	170377216
450	143556608	2147483648	0	1625120768	4294967296	0	727494656	2147483648	0	739688448	4294967296	0	172802048
451	123760640	2147483648	0	1619361792	4294967296	0	724520960	2147483648	0	751812608	4294967296	0	211038208
452	123760640	2147483648	0	1619222528	4294967296	0	724520960	2147483648	0	751812608	4294967296	0	211267584
453	121860096	2147483648	0	1619693568	4294967296	0	737783808	2147483648	0	762601472	4294967296	0	158494720
454	80506880	2147483648	0	1612324864	4294967296	0	736124928	2147483648	0	718954496	4294967296	0	140070912
455	17227776	2147483648	0	1597272064	4294967296	0	693579776	2147483648	0	466718720	4294967296	0	161783808
456	17395712	2147483648	0	1591078912	4294967296	0	673583104	2147483648	0	311603200	4294967296	0	138833920
457	15810560	2147483648	0	1576116224	4294967296	0	660168704	2147483648	0	178835456	4294967296	0	138625024
458	18898944	2147483648	0	1542545408	4294967296	0	640753664	2147483648	0	125603840	4294967296	0	138862592
459	29048832	2147483648	0	1440534528	4294967296	0	646901760	2147483648	0	95936512	4294967296	0	178761728
460	44425216	2147483648	0	1406742528	4294967296	0	656830464	2147483648	0	104054784	4294967296	0	177000448
461	44453888	2147483648	0	1406730240	4294967296	0	656830464	2147483648	0	104054784	4294967296	0	176844800
462	46010368	2147483648	0	1406623744	4294967296	0	658063360	2147483648	0	105807872	4294967296	0	170553344
463	65273856	2147483648	0	1348734976	4294967296	0	672219136	2147483648	0	122871808	4294967296	0	168235008
464	79552512	2147483648	0	1305849856	4294967296	0	684806144	2147483648	0	133169152	4294967296	0	183234560
465	97501184	2147483648	0	1265840128	4294967296	0	696979456	2147483648	0	148013056	4294967296	0	183017472
466	120770560	2147483648	0	1223872512	4294967296	0	711901184	2147483648	0	163536896	4294967296	0	176013312
467	140148736	2147483648	0	1158664192	4294967296	0	728387584	2147483648	0	182091776	4294967296	0	193511424
468	155992064	2147483648	0	1119838208	4294967296	0	741441536	2147483648	0	197767168	4294967296	0	189734912
469	156225536	2147483648	0	1119838208	4294967296	0	741728256	2147483648	0	197963776	4294967296	0	188858368
470	156397568	2147483648	0	1119838208	4294967296	0	741777408	2147483648	0	197996544	4294967296	0	187846656
471	180649984	2147483648	0	1089056768	4294967296	0	755269632	2147483648	0	215818240	4294967296	0	163123200
472	198901760	2147483648	0	1002160128	4294967296	0	771813376	2147483648	0	234881024	4294967296	0	182558720
473	221196288	2147483648	0	950120448	4294967296	0	789790720	2147483648	0	255832064	4294967296	0	174383104
474	237211648	2147483648	0	896684032	4294967296	0	803991552	2147483648	0	273694720	4294967296	0	181604352
475	241557504	2147483648	0	884203520	4294967296	0	806985728	2147483648	0	278441984	4294967296	0	182681600
476	241557504	2147483648	0	884310016	4294967296	0	806985728	2147483648	0	278441984	4294967296	0	182349824
477	243261440	2147483648	0	886661120	4294967296	0	808243200	2147483648	0	279769088	4294967296	0	175263744
478	255930368	2147483648	0	846073856	4294967296	0	821014528	2147483648	0	295641088	4294967296	0	176791552
479	274919424	2147483648	0	815312896	4294967296	0	835039232	2147483648	0	311951360	4294967296	0	159825920
480	277381120	2147483648	0	784363520	4294967296	0	838512640	2147483648	0	316850176	4294967296	0	180998144
481	282869760	2147483648	0	774303744	4294967296	0	842276864	2147483648	0	321708032	4294967296	0	166678528
482	303489024	2147483648	0	701329408	4294967296	0	860237824	2147483648	0	344739840	4294967296	0	181096448
483	321048576	2147483648	0	631017472	4294967296	0	875593728	2147483648	0	359903232	4294967296	0	174460928
484	321290240	2147483648	0	623493120	4294967296	0	875429888	2147483648	0	360534016	4294967296	0	180932608
485	321277952	2147483648	0	623480832	4294967296	0	875429888	2147483648	0	360534016	4294967296	0	180932608
486	335212544	2147483648	0	595128320	4294967296	0	883073024	2147483648	0	371666944	4294967296	0	162787328
487	365801472	2147483648	0	586158080	4294967296	0	882855936	2147483648	0	371109888	4294967296	0	138944512
488	365862912	2147483648	0	586104832	4294967296	0	882855936	2147483648	0	371093504	4294967296	0	138997760
489	361492480	2147483648	0	563912704	4294967296	0	884457472	2147483648	0	373399552	4294967296	0	153563136
490	368967680	2147483648	0	490913792	4294967296	0	891822080	2147483648	0	387723264	4294967296	0	605880320
491	382201856	2147483648	0	490913792	4294967296	0	899915776	2147483648	0	396828672	4294967296	0	2063056896
492	384987136	2147483648	0	491032576	4294967296	0	901664768	2147483648	0	398729216	4294967296	0	4101799936
493	396963840	2147483648	0	491032576	4294967296	0	909029376	2147483648	0	406716416	4294967296	0	5465370624
494	413028352	2147483648	0	493101056	4294967296	0	918654976	2147483648	0	417161216	4294967296	0	6848491520
495	430641152	2147483648	0	493219840	4294967296	0	928837632	2147483648	0	428105728	4294967296	0	8172367872
496	448438272	2147483648	0	493219840	4294967296	0	939786240	2147483648	0	440344576	4294967296	0	9469526016
497	465690624	2147483648	0	493240320	4294967296	0	950464512	2147483648	0	451620864	4294967296	0	10905231360
498	481652736	2147483648	0	493240320	4294967296	0	959545344	2147483648	0	461504512	4294967296	0	12268679168
499	496742400	2147483648	0	493121536	4294967296	0	970018816	2147483648	0	472227840	4294967296	0	13690355712
500	524296192	2147483648	0	493125632	4294967296	0	985894912	2147483648	0	465764352	4294967296	0	13838831616
501	555622400	2147483648	0	493125632	4294967296	0	1003073536	2147483648	0	485019648	4294967296	0	13767577600
502	584089600	2147483648	0	493125632	4294967296	0	1020637184	2147483648	0	503185408	4294967296	0	13699215360
503	612839424	2147483648	0	493125632	4294967296	0	1037447168	2147483648	0	522260480	4294967296	0	13630783488
504	615784448	2147483648	0	493113344	4294967296	0	1040084992	2147483648	0	525185024	4294967296	0	13619982336
505	616263680	2147483648	0	493125632	4294967296	0	1048989696	2147483648	0	533073920	4294967296	0	13602594816
506	616312832	2147483648	0	493109248	4294967296	0	1063473152	2147483648	0	547852288	4294967296	0	13570678784
507	616431616	2147483648	0	493125632	4294967296	0	1076973568	2147483648	0	562925568	4294967296	0	13541199872
508	616431616	2147483648	0	493125632	4294967296	0	1091395584	2147483648	0	579833856	4294967296	0	13506945024
509	616431616	2147483648	0	493125632	4294967296	0	1106714624	2147483648	0	596742144	4294967296	0	13473402880
510	616431616	2147483648	0	493006848	4294967296	0	1122004992	2147483648	0	15511552	4294967296	0	14062891008
511	616431616	2147483648	0	493125632	4294967296	0	1136447488	2147483648	0	15511552	4294967296	0	14048215040
