1	1465110528	9223372036854771712	0	2794106880	9223372036854771712	0	1762447360	9223372036854771712	0	3536826368	9223372036854771712	0	2841677824
2	1465159680	9223372036854771712	0	2794106880	9223372036854771712	0	1762447360	9223372036854771712	0	3536826368	9223372036854771712	0	2840850432
3	1465516032	9223372036854771712	0	2794106880	9223372036854771712	0	1762447360	9223372036854771712	0	3536842752	9223372036854771712	0	2835972096
4	1496309760	9223372036854771712	0	2794225664	9223372036854771712	0	1762447360	9223372036854771712	0	3536842752	9223372036854771712	0	2805223424
5	1509535744	9223372036854771712	0	2794332160	9223372036854771712	0	1762447360	9223372036854771712	0	3536842752	9223372036854771712	0	2791567360
6	1526808576	9223372036854771712	0	2824024064	9223372036854771712	0	1762447360	9223372036854771712	0	3536842752	9223372036854771712	0	2744266752
7	1528893440	9223372036854771712	0	2844090368	9223372036854771712	0	1762447360	9223372036854771712	0	3536842752	9223372036854771712	0	2722390016
8	1529114624	9223372036854771712	0	2844340224	9223372036854771712	0	1762447360	9223372036854771712	0	3536842752	9223372036854771712	0	2720804864
9	1529507840	9223372036854771712	0	2844729344	9223372036854771712	0	1762447360	9223372036854771712	0	3536842752	9223372036854771712	0	2719150080
10	1529790464	9223372036854771712	0	2845061120	9223372036854771712	0	1762447360	9223372036854771712	0	3536842752	9223372036854771712	0	2719285248
11	1530122240	9223372036854771712	0	2845323264	9223372036854771712	0	1762447360	9223372036854771712	0	3536842752	9223372036854771712	0	2719150080
12	1530466304	9223372036854771712	0	2845696000	9223372036854771712	0	1840041984	9223372036854771712	0	3536842752	9223372036854771712	0	2637213696
13	1530748928	9223372036854771712	0	2846093312	9223372036854771712	0	1916063744	9223372036854771712	0	3536842752	9223372036854771712	0	2561212416
14	1531101184	9223372036854771712	0	2846650368	9223372036854771712	0	1961938944	9223372036854771712	0	3761049600	9223372036854771712	0	2286931968
15	1531604992	9223372036854771712	0	2846928896	9223372036854771712	0	1994182656	9223372036854771712	0	3994398720	9223372036854771712	0	2019770368
16	1531990016	9223372036854771712	0	2847346688	9223372036854771712	0	2029572096	9223372036854771712	0	4169936896	9223372036854771712	0	1807872000
17	1532416000	9223372036854771712	0	2847883264	9223372036854771712	0	2062077952	9223372036854771712	0	4271927296	9223372036854771712	0	1670868992
18	1532923904	9223372036854771712	0	2848264192	9223372036854771712	0	2094583808	9223372036854771712	0	4294737920	9223372036854771712	0	1612677120
19	1533382656	9223372036854771712	0	2848759808	9223372036854771712	0	2127482880	9223372036854771712	0	4294914048	9223372036854771712	0	1577275392
20	1533829120	9223372036854771712	0	2849210368	9223372036854771712	0	2147459072	9223372036854771712	0	4294926336	9223372036854771712	0	1557123072
21	1534300160	9223372036854771712	0	2849714176	9223372036854771712	0	2147475456	9223372036854771712	0	4294963200	9223372036854771712	0	1555013632
22	1534750720	9223372036854771712	0	2850156544	9223372036854771712	0	2147430400	9223372036854771712	0	4294926336	9223372036854771712	0	1553641472
23	1535164416	9223372036854771712	0	2850693120	9223372036854771712	0	2147471360	9223372036854771712	0	4294934528	9223372036854771712	0	1553084416
24	1535692800	9223372036854771712	0	2851221504	9223372036854771712	0	2147463168	9223372036854771712	0	4294811648	9223372036854771712	0	1550331904
25	1536176128	9223372036854771712	0	2851627008	9223372036854771712	0	2147467264	9223372036854771712	0	4294946816	9223372036854771712	0	1549701120
26	1536851968	9223372036854771712	0	2852057088	9223372036854771712	0	2147475456	9223372036854771712	0	4294955008	9223372036854771712	0	1548902400
27	1537323008	9223372036854771712	0	2852655104	9223372036854771712	0	2147475456	9223372036854771712	0	4294946816	9223372036854771712	0	1547087872
28	1545768960	9223372036854771712	0	2853085184	9223372036854771712	0	2147479552	9223372036854771712	0	4294950912	9223372036854771712	0	1539616768
29	1604890624	9223372036854771712	0	2853605376	9223372036854771712	0	2147483648	9223372036854771712	0	4294852608	9223372036854771712	0	1470476288
30	1654292480	9223372036854771712	0	2854027264	9223372036854771712	0	2147483648	9223372036854771712	0	4294934528	9223372036854771712	0	1419550720
31	1677840384	9223372036854771712	0	2854367232	9223372036854771712	0	2147373056	9223372036854771712	0	4294901760	9223372036854771712	0	1394610176
32	1678594048	9223372036854771712	0	2854973440	9223372036854771712	0	2147405824	9223372036854771712	0	4294881280	9223372036854771712	0	1392988160
33	1679355904	9223372036854771712	0	2855616512	9223372036854771712	0	2147446784	9223372036854771712	0	4294959104	9223372036854771712	0	1391271936
34	1680130048	9223372036854771712	0	2856321024	9223372036854771712	0	2147319808	9223372036854771712	0	4294959104	9223372036854771712	0	1390927872
35	1680461824	9223372036854771712	0	2857566208	9223372036854771712	0	2147459072	9223372036854771712	0	4294950912	9223372036854771712	0	1388867584
36	1680662528	9223372036854771712	0	2857627648	9223372036854771712	0	2147319808	9223372036854771712	0	4294959104	9223372036854771712	0	1387679744
37	1681182720	9223372036854771712	0	2858438656	9223372036854771712	0	2147459072	9223372036854771712	0	4294938624	9223372036854771712	0	1387442176
38	1682128896	9223372036854771712	0	2859491328	9223372036854771712	0	2147454976	9223372036854771712	0	4294942720	9223372036854771712	0	1386663936
39	1682948096	9223372036854771712	0	2860380160	9223372036854771712	0	2147463168	9223372036854771712	0	4294938624	9223372036854771712	0	1384480768
40	1683591168	9223372036854771712	0	2860789760	9223372036854771712	0	2147340288	9223372036854771712	0	4294938624	9223372036854771712	0	1373958144
41	1684533248	9223372036854771712	0	2861834240	9223372036854771712	0	2147344384	9223372036854771712	0	4294942720	9223372036854771712	0	1372803072
42	1685483520	9223372036854771712	0	2862682112	9223372036854771712	0	2147475456	9223372036854771712	0	4294918144	9223372036854771712	0	1370894336
43	1686536192	9223372036854771712	0	2863407104	9223372036854771712	0	2147475456	9223372036854771712	0	4294811648	9223372036854771712	0	1370181632
44	1687494656	9223372036854771712	0	2864537600	9223372036854771712	0	2147348480	9223372036854771712	0	4294942720	9223372036854771712	0	1368973312
45	1688489984	9223372036854771712	0	2865430528	9223372036854771712	0	2147352576	9223372036854771712	0	4294955008	9223372036854771712	0	1366274048
46	1689509888	9223372036854771712	0	2866483200	9223372036854771712	0	2147356672	9223372036854771712	0	4294946816	9223372036854771712	0	1363779584
47	1690083328	9223372036854771712	0	2867171328	9223372036854771712	0	2147356672	9223372036854771712	0	4294942720	9223372036854771712	0	1360687104
48	1690931200	9223372036854771712	0	2867892224	9223372036854771712	0	1601810432	9223372036854771712	0	4294963200	9223372036854771712	0	1908654080
49	1691652096	9223372036854771712	0	2868867072	9223372036854771712	0	1601794048	9223372036854771712	0	4294955008	9223372036854771712	0	1906798592
50	1692471296	9223372036854771712	0	2869600256	9223372036854771712	0	1601794048	9223372036854771712	0	4294946816	9223372036854771712	0	1897209856
51	1693171712	9223372036854771712	0	2870263808	9223372036854771712	0	1601794048	9223372036854771712	0	4294950912	9223372036854771712	0	1889206272
52	1693540352	9223372036854771712	0	2871062528	9223372036854771712	0	1601794048	9223372036854771712	0	4294946816	9223372036854771712	0	1890676736
53	1694203904	9223372036854771712	0	2871328768	9223372036854771712	0	1601794048	9223372036854771712	0	4294942720	9223372036854771712	0	1889193984
54	1694523392	9223372036854771712	0	2871750656	9223372036854771712	0	1601794048	9223372036854771712	0	4294942720	9223372036854771712	0	1888534528
55	1695326208	9223372036854771712	0	2872610816	9223372036854771712	0	1601794048	9223372036854771712	0	4294942720	9223372036854771712	0	1888120832
56	1696407552	9223372036854771712	0	2873700352	9223372036854771712	0	1601794048	9223372036854771712	0	4294946816	9223372036854771712	0	1885917184
57	1697337344	9223372036854771712	0	2874445824	9223372036854771712	0	1601794048	9223372036854771712	0	4294946816	9223372036854771712	0	1875607552
58	1698385920	9223372036854771712	0	2964541440	9223372036854771712	0	1601794048	9223372036854771712	0	4294963200	9223372036854771712	0	1785249792
59	1699848192	9223372036854771712	0	3044798464	9223372036854771712	0	1601794048	9223372036854771712	0	4294946816	9223372036854771712	0	1702469632
60	1701113856	9223372036854771712	0	3128090624	9223372036854771712	0	1601794048	9223372036854771712	0	4294963200	9223372036854771712	0	1616060416
61	1701924864	9223372036854771712	0	3190181888	9223372036854771712	0	1601794048	9223372036854771712	0	4294946816	9223372036854771712	0	1550409728
62	1702682624	9223372036854771712	0	3236769792	9223372036854771712	0	1601794048	9223372036854771712	0	4294946816	9223372036854771712	0	1503936512
63	1703755776	9223372036854771712	0	3296718848	9223372036854771712	0	1601794048	9223372036854771712	0	4294946816	9223372036854771712	0	1440096256
64	1705054208	9223372036854771712	0	3354746880	9223372036854771712	0	1601794048	9223372036854771712	0	4294946816	9223372036854771712	0	1379995648
65	1706242048	9223372036854771712	0	3369287680	9223372036854771712	0	1601794048	9223372036854771712	0	4294946816	9223372036854771712	0	1363279872
66	1707433984	9223372036854771712	0	3370299392	9223372036854771712	0	1601794048	9223372036854771712	0	4294946816	9223372036854771712	0	1361760256
67	1708621824	9223372036854771712	0	3371405312	9223372036854771712	0	1601794048	9223372036854771712	0	4294946816	9223372036854771712	0	1359646720
68	1709318144	9223372036854771712	0	3372146688	9223372036854771712	0	1601794048	9223372036854771712	0	4294946816	9223372036854771712	0	1357504512
69	1710477312	9223372036854771712	0	3373252608	9223372036854771712	0	1601794048	9223372036854771712	0	4294946816	9223372036854771712	0	1355878400
70	1713868800	9223372036854771712	0	3374485504	9223372036854771712	0	1601794048	9223372036854771712	0	4294946816	9223372036854771712	0	1350746112
71	1715023872	9223372036854771712	0	3375775744	9223372036854771712	0	1601794048	9223372036854771712	0	3095105536	9223372036854771712	0	2552266752
72	1716314112	9223372036854771712	0	3376832512	9223372036854771712	0	1601794048	9223372036854771712	0	3095105536	9223372036854771712	0	2550120448
73	1717600256	9223372036854771712	0	3378135040	9223372036854771712	0	1601794048	9223372036854771712	0	3097202688	9223372036854771712	0	2544193536
74	1718816768	9223372036854771712	0	3379400704	9223372036854771712	0	1601794048	9223372036854771712	0	3097202688	9223372036854771712	0	2541916160
75	1719853056	9223372036854771712	0	3380514816	9223372036854771712	0	1601794048	9223372036854771712	0	3097202688	9223372036854771712	0	2540896256
76	1720668160	9223372036854771712	0	3381432320	9223372036854771712	0	1601794048	9223372036854771712	0	3097202688	9223372036854771712	0	2538262528
77	1721458688	9223372036854771712	0	3382394880	9223372036854771712	0	1601794048	9223372036854771712	0	3097202688	9223372036854771712	0	2536603648
78	1722482688	9223372036854771712	0	3383234560	9223372036854771712	0	1601794048	9223372036854771712	0	3097202688	9223372036854771712	0	2534785024
79	1723510784	9223372036854771712	0	3384225792	9223372036854771712	0	1603891200	9223372036854771712	0	3097202688	9223372036854771712	0	2531106816
80	1725239296	9223372036854771712	0	3385430016	9223372036854771712	0	1603891200	9223372036854771712	0	3097202688	9223372036854771712	0	2526871552
81	1726324736	9223372036854771712	0	3386662912	9223372036854771712	0	1603891200	9223372036854771712	0	3097202688	9223372036854771712	0	2523963392
82	1727438848	9223372036854771712	0	3387695104	9223372036854771712	0	1603891200	9223372036854771712	0	3097202688	9223372036854771712	0	2523275264
83	1728598016	9223372036854771712	0	3388928000	9223372036854771712	0	1603891200	9223372036854771712	0	3097202688	9223372036854771712	0	2520047616
84	1729839104	9223372036854771712	0	3389915136	9223372036854771712	0	1603891200	9223372036854771712	0	3097202688	9223372036854771712	0	2517856256
85	1731035136	9223372036854771712	0	3391270912	9223372036854771712	0	1603891200	9223372036854771712	0	3097202688	9223372036854771712	0	2514808832
86	1732235264	9223372036854771712	0	3392495616	9223372036854771712	0	1603891200	9223372036854771712	0	3097202688	9223372036854771712	0	2510987264
87	1733537792	9223372036854771712	0	3393892352	9223372036854771712	0	1603891200	9223372036854771712	0	3097202688	9223372036854771712	0	2507821056
88	1734791168	9223372036854771712	0	3394928640	9223372036854771712	0	1603891200	9223372036854771712	0	3097202688	9223372036854771712	0	2505920512
89	1736081408	9223372036854771712	0	3396239360	9223372036854771712	0	1603891200	9223372036854771712	0	3097202688	9223372036854771712	0	2502975488
90	1737334784	9223372036854771712	0	3397238784	9223372036854771712	0	1603891200	9223372036854771712	0	3097202688	9223372036854771712	0	2501693440
91	1738579968	9223372036854771712	0	3398524928	9223372036854771712	0	1603891200	9223372036854771712	0	3097202688	9223372036854771712	0	2498117632
92	1739694080	9223372036854771712	0	3399544832	9223372036854771712	0	1603891200	9223372036854771712	0	3097202688	9223372036854771712	0	2496012288
93	1756602368	9223372036854771712	0	3400736768	9223372036854771712	0	1603891200	9223372036854771712	0	3097202688	9223372036854771712	0	2477690880
94	1800105984	9223372036854771712	0	3401891840	9223372036854771712	0	1603891200	9223372036854771712	0	3097202688	9223372036854771712	0	2432073728
95	1845313536	9223372036854771712	0	3403149312	9223372036854771712	0	1603891200	9223372036854771712	0	3097202688	9223372036854771712	0	2385092608
96	1895632896	9223372036854771712	0	3404439552	9223372036854771712	0	1603891200	9223372036854771712	0	3097202688	9223372036854771712	0	2331553792
97	1946345472	9223372036854771712	0	3405828096	9223372036854771712	0	1603891200	9223372036854771712	0	3097202688	9223372036854771712	0	2277724160
98	2001727488	9223372036854771712	0	3406655488	9223372036854771712	0	1603891200	9223372036854771712	0	3097202688	9223372036854771712	0	2220199936
99	2060042240	9223372036854771712	0	3407523840	9223372036854771712	0	1603891200	9223372036854771712	0	3097202688	9223372036854771712	0	2158972928
100	2085908480	9223372036854771712	0	3408617472	9223372036854771712	0	1603891200	9223372036854771712	0	3097202688	9223372036854771712	0	2129960960
101	2086842368	9223372036854771712	0	3409494016	9223372036854771712	0	1603891200	9223372036854771712	0	3097202688	9223372036854771712	0	2126630912
102	2087501824	9223372036854771712	0	3410178048	9223372036854771712	0	1603891200	9223372036854771712	0	3097202688	9223372036854771712	0	1983619072
103	2088534016	9223372036854771712	0	3410767872	9223372036854771712	0	1603891200	9223372036854771712	0	3097202688	9223372036854771712	0	940896256
104	2089234432	9223372036854771712	0	3411279872	9223372036854771712	0	1603891200	9223372036854771712	0	3097202688	9223372036854771712	0	290230272
105	2065371136	9223372036854771712	0	3384049664	9223372036854771712	0	1595252736	9223372036854771712	0	3082174464	9223372036854771712	0	168513536
106	2036543488	9223372036854771712	0	3350441984	9223372036854771712	0	1584881664	9223372036854771712	0	3064336384	9223372036854771712	0	191762432
107	2037727232	9223372036854771712	0	3351564288	9223372036854771712	0	1584881664	9223372036854771712	0	3064336384	9223372036854771712	0	189878272
108	2038984704	9223372036854771712	0	3352485888	9223372036854771712	0	1584881664	9223372036854771712	0	3064336384	9223372036854771712	0	187334656
109	2032164864	9223372036854771712	0	3343867904	9223372036854771712	0	1626734592	9223372036854771712	0	3059253248	9223372036854771712	0	181080064
110	2016022528	9223372036854771712	0	3324329984	9223372036854771712	0	1723756544	9223372036854771712	0	3048579072	9223372036854771712	0	168087552
111	2011910144	9223372036854771712	0	3317166080	9223372036854771712	0	1760350208	9223372036854771712	0	3044892672	9223372036854771712	0	159584256
112	2003496960	9223372036854771712	0	3306196992	9223372036854771712	0	1792524288	9223372036854771712	0	3038855168	9223372036854771712	0	173989888
113	1997869056	9223372036854771712	0	3298869248	9223372036854771712	0	1824223232	9223372036854771712	0	3036569600	9223372036854771712	0	172433408
114	1995161600	9223372036854771712	0	3294584832	9223372036854771712	0	1858027520	9223372036854771712	0	3033759744	9223372036854771712	0	158310400
115	1984933888	9223372036854771712	0	3289223168	9223372036854771712	0	1887498240	9223372036854771712	0	3026632704	9223372036854771712	0	177373184
116	1978998784	9223372036854771712	0	3281608704	9223372036854771712	0	1921105920	9223372036854771712	0	3021856768	9223372036854771712	0	177324032
117	1975414784	9223372036854771712	0	3277156352	9223372036854771712	0	1956929536	9223372036854771712	0	3018645504	9223372036854771712	0	164364288
118	1969680384	9223372036854771712	0	3269451776	9223372036854771712	0	1990500352	9223372036854771712	0	3013914624	9223372036854771712	0	165347328
119	1966825472	9223372036854771712	0	3264983040	9223372036854771712	0	2014830592	9223372036854771712	0	3011637248	9223372036854771712	0	158961664
120	1960849408	9223372036854771712	0	3257315328	9223372036854771712	0	2045689856	9223372036854771712	0	3007119360	9223372036854771712	0	162537472
121	1957158912	9223372036854771712	0	3250262016	9223372036854771712	0	2077323264	9223372036854771712	0	3003842560	9223372036854771712	0	156819456
122	1948905472	9223372036854771712	0	3238416384	9223372036854771712	0	2106212352	9223372036854771712	0	2997903360	9223372036854771712	0	173506560
123	1944838144	9223372036854771712	0	3228131328	9223372036854771712	0	2137448448	9223372036854771712	0	2994515968	9223372036854771712	0	174243840
124	1947668480	9223372036854771712	0	3226378240	9223372036854771712	0	2147483648	9223372036854771712	0	2991144960	9223372036854771712	0	175419392
125	1955098624	9223372036854771712	0	3228327936	9223372036854771712	0	2147328000	9223372036854771712	0	2988953600	9223372036854771712	0	174460928
126	1956306944	9223372036854771712	0	3244048384	9223372036854771712	0	2147332096	9223372036854771712	0	2988953600	9223372036854771712	0	157593600
127	1950072832	9223372036854771712	0	3253907456	9223372036854771712	0	2147463168	9223372036854771712	0	2984448000	9223372036854771712	0	174923776
128	1951375360	9223372036854771712	0	3268698112	9223372036854771712	0	2147467264	9223372036854771712	0	2984448000	9223372036854771712	0	158859264
129	1945481216	9223372036854771712	0	3263787008	9223372036854771712	0	2147340288	9223372036854771712	0	2979979264	9223372036854771712	0	189431808
130	1947234304	9223372036854771712	0	3273080832	9223372036854771712	0	2147475456	9223372036854771712	0	2979979264	9223372036854771712	0	169832448
131	1935478784	9223372036854771712	0	3281014784	9223372036854771712	0	2145513472	9223372036854771712	0	2987687936	9223372036854771712	0	190676992
132	1917231104	9223372036854771712	0	3292708864	9223372036854771712	0	2147389440	9223372036854771712	0	3039752192	9223372036854771712	0	175108096
133	1900556288	9223372036854771712	0	3313168384	9223372036854771712	0	2147352576	9223372036854771712	0	3068686336	9223372036854771712	0	175583232
134	1884913664	9223372036854771712	0	3356889088	9223372036854771712	0	2147352576	9223372036854771712	0	3088248832	9223372036854771712	0	172998656
135	1865117696	9223372036854771712	0	3388506112	9223372036854771712	0	2147061760	9223372036854771712	0	3111825408	9223372036854771712	0	174211072
136	1862668288	9223372036854771712	0	3399618560	9223372036854771712	0	2147442688	9223372036854771712	0	3133726720	9223372036854771712	0	156839936
137	1858002944	9223372036854771712	0	3377319936	9223372036854771712	0	2147352576	9223372036854771712	0	3169042432	9223372036854771712	0	172175360
138	1849556992	9223372036854771712	0	3361177600	9223372036854771712	0	2147364864	9223372036854771712	0	3208609792	9223372036854771712	0	174325760
139	1843978240	9223372036854771712	0	3340652544	9223372036854771712	0	2147340288	9223372036854771712	0	3255099392	9223372036854771712	0	174551040
140	1836748800	9223372036854771712	0	3323080704	9223372036854771712	0	2147381248	9223372036854771712	0	3298201600	9223372036854771712	0	174145536
141	1830866944	9223372036854771712	0	3308494848	9223372036854771712	0	2147373056	9223372036854771712	0	3338063872	9223372036854771712	0	167567360
142	1825280000	9223372036854771712	0	3191029760	9223372036854771712	0	2147418112	9223372036854771712	0	3375816704	9223372036854771712	0	266149888
143	1826295808	9223372036854771712	0	3191853056	9223372036854771712	0	2147246080	9223372036854771712	0	3420241920	9223372036854771712	0	218968064
144	1827377152	9223372036854771712	0	3192995840	9223372036854771712	0	2147471360	9223372036854771712	0	3469357056	9223372036854771712	0	166457344
145	1816682496	9223372036854771712	0	3170918400	9223372036854771712	0	2147393536	9223372036854771712	0	3510378496	9223372036854771712	0	182243328
146	1812217856	9223372036854771712	0	3160457216	9223372036854771712	0	2147381248	9223372036854771712	0	3551670272	9223372036854771712	0	164175872
147	1805221888	9223372036854771712	0	3146403840	9223372036854771712	0	2146713600	9223372036854771712	0	3581100032	9223372036854771712	0	174596096
148	1795743744	9223372036854771712	0	3126759424	9223372036854771712	0	2145161216	9223372036854771712	0	3617542144	9223372036854771712	0	189734912
149	1797386240	9223372036854771712	0	3127562240	9223372036854771712	0	1518272512	9223372036854771712	0	3659157504	9223372036854771712	0	784711680
150	1798909952	9223372036854771712	0	3128406016	9223372036854771712	0	1518272512	9223372036854771712	0	3699896320	9223372036854771712	0	740392960
151	1799962624	9223372036854771712	0	3128922112	9223372036854771712	0	1518272512	9223372036854771712	0	3713691648	9223372036854771712	0	556404736
152	1799118848	9223372036854771712	0	3126353920	9223372036854771712	0	1517621248	9223372036854771712	0	3726483456	9223372036854771712	0	153112576
153	1720393728	9223372036854771712	0	2980782080	9223372036854771712	0	1485131776	9223372036854771712	0	3647840256	9223372036854771712	0	180064256
154	1653891072	9223372036854771712	0	2861142016	9223372036854771712	0	1459322880	9223372036854771712	0	3587579904	9223372036854771712	0	168267776
155	1578680320	9223372036854771712	0	2736439296	9223372036854771712	0	1430585344	9223372036854771712	0	3519881216	9223372036854771712	0	156123136
156	1540079616	9223372036854771712	0	2671894528	9223372036854771712	0	1416130560	9223372036854771712	0	3491430400	9223372036854771712	0	174514176
157	1536745472	9223372036854771712	0	2664927232	9223372036854771712	0	1414434816	9223372036854771712	0	3508719616	9223372036854771712	0	177283072
158	1533296640	9223372036854771712	0	2658365440	9223372036854771712	0	1412755456	9223372036854771712	0	3531075584	9223372036854771712	0	174682112
159	1530408960	9223372036854771712	0	2651717632	9223372036854771712	0	1411084288	9223372036854771712	0	3558055936	9223372036854771712	0	167866368
160	1526865920	9223372036854771712	0	2645004288	9223372036854771712	0	1409417216	9223372036854771712	0	3581022208	9223372036854771712	0	165490688
161	1523621888	9223372036854771712	0	2638196736	9223372036854771712	0	1407778816	9223372036854771712	0	3605422080	9223372036854771712	0	161210368
162	1519366144	9223372036854771712	0	2629890048	9223372036854771712	0	1405796352	9223372036854771712	0	3615420416	9223372036854771712	0	175407104
163	1554780160	9223372036854771712	0	2609061888	9223372036854771712	0	1401159680	9223372036854771712	0	3630542848	9223372036854771712	0	174833664
164	1582370816	9223372036854771712	0	2585628672	9223372036854771712	0	1398034432	9223372036854771712	0	3653763072	9223372036854771712	0	177426432
165	1599524864	9223372036854771712	0	2569584640	9223372036854771712	0	1394405376	9223372036854771712	0	3680112640	9223372036854771712	0	171974656
166	1636409344	9223372036854771712	0	2551009280	9223372036854771712	0	1390125056	9223372036854771712	0	3700396032	9223372036854771712	0	159760384
167	1669697536	9223372036854771712	0	2522697728	9223372036854771712	0	1383755776	9223372036854771712	0	3714916352	9223372036854771712	0	179638272
168	1703768064	9223372036854771712	0	2500366336	9223372036854771712	0	1378705408	9223372036854771712	0	3731886080	9223372036854771712	0	181059584
169	1734619136	9223372036854771712	0	2488082432	9223372036854771712	0	1375977472	9223372036854771712	0	3753390080	9223372036854771712	0	157978624
170	1749377024	9223372036854771712	0	2466267136	9223372036854771712	0	1371168768	9223372036854771712	0	3770732544	9223372036854771712	0	177360896
171	1777008640	9223372036854771712	0	2452615168	9223372036854771712	0	1367154688	9223372036854771712	0	3786022912	9223372036854771712	0	173412352
172	1782046720	9223372036854771712	0	2447757312	9223372036854771712	0	1365495808	9223372036854771712	0	3809865728	9223372036854771712	0	159252480
173	1769848832	9223372036854771712	0	2441060352	9223372036854771712	0	1362915328	9223372036854771712	0	3836366848	9223372036854771712	0	168095744
174	1758101504	9223372036854771712	0	2442358784	9223372036854771712	0	1360351232	9223372036854771712	0	3863285760	9223372036854771712	0	167088128
175	1727721472	9223372036854771712	0	2442039296	9223372036854771712	0	1358426112	9223372036854771712	0	3891523584	9223372036854771712	0	180502528
176	1721999360	9223372036854771712	0	2445631488	9223372036854771712	0	1357180928	9223372036854771712	0	3912028160	9223372036854771712	0	169611264
177	1716420608	9223372036854771712	0	2440142848	9223372036854771712	0	1355948032	9223372036854771712	0	3935490048	9223372036854771712	0	165756928
178	1704042496	9223372036854771712	0	2438451200	9223372036854771712	0	1353289728	9223372036854771712	0	3955986432	9223372036854771712	0	176082944
179	1697992704	9223372036854771712	0	2444529664	9223372036854771712	0	1351806976	9223372036854771712	0	3982417920	9223372036854771712	0	156536832
180	1682948096	9223372036854771712	0	2440884224	9223372036854771712	0	1348583424	9223372036854771712	0	3993088000	9223372036854771712	0	177238016
181	1676402688	9223372036854771712	0	2437697536	9223372036854771712	0	1347153920	9223372036854771712	0	4012068864	9223372036854771712	0	175714304
182	1665523712	9223372036854771712	0	2440110080	9223372036854771712	0	1344737280	9223372036854771712	0	4031340544	9223372036854771712	0	179683328
183	1660706816	9223372036854771712	0	2443403264	9223372036854771712	0	1343594496	9223372036854771712	0	4057628672	9223372036854771712	0	166805504
184	1595740160	9223372036854771712	0	2378756096	9223372036854771712	0	1331179520	9223372036854771712	0	4001157120	9223372036854771712	0	171397120
185	1502920704	9223372036854771712	0	2279362560	9223372036854771712	0	1311637504	9223372036854771712	0	3896487936	9223372036854771712	0	163418112
186	1412722688	9223372036854771712	0	2191777792	9223372036854771712	0	1292677120	9223372036854771712	0	3791695872	9223372036854771712	0	166825984
187	1338155008	9223372036854771712	0	2110185472	9223372036854771712	0	1277403136	9223372036854771712	0	3701694464	9223372036854771712	0	187961344
188	1260576768	9223372036854771712	0	2030977024	9223372036854771712	0	1261535232	9223372036854771712	0	3606519808	9223372036854771712	0	194379776
189	1217736704	9223372036854771712	0	1995616256	9223372036854771712	0	1252638720	9223372036854771712	0	3557593088	9223372036854771712	0	160849920
190	1214889984	9223372036854771712	0	1996890112	9223372036854771712	0	1251708928	9223372036854771712	0	2785460224	9223372036854771712	0	949088256
191	1216712704	9223372036854771712	0	2004799488	9223372036854771712	0	1251708928	9223372036854771712	0	2785402880	9223372036854771712	0	938250240
192	1218490368	9223372036854771712	0	2018062336	9223372036854771712	0	1251708928	9223372036854771712	0	2785402880	9223372036854771712	0	923340800
193	1220386816	9223372036854771712	0	2032160768	9223372036854771712	0	1251708928	9223372036854771712	0	2785402880	9223372036854771712	0	907485184
194	1222303744	9223372036854771712	0	2046554112	9223372036854771712	0	1251708928	9223372036854771712	0	2785402880	9223372036854771712	0	890032128
195	1224355840	9223372036854771712	0	2060828672	9223372036854771712	0	1251708928	9223372036854771712	0	2785402880	9223372036854771712	0	875106304
196	1226158080	9223372036854771712	0	2076729344	9223372036854771712	0	1251708928	9223372036854771712	0	2785402880	9223372036854771712	0	857178112
197	1228251136	9223372036854771712	0	2086092800	9223372036854771712	0	1251708928	9223372036854771712	0	2785402880	9223372036854771712	0	845369344
198	1230020608	9223372036854771712	0	2092548096	9223372036854771712	0	1251708928	9223372036854771712	0	2785402880	9223372036854771712	0	837058560
199	1232187392	9223372036854771712	0	2107539456	9223372036854771712	0	1251708928	9223372036854771712	0	2785402880	9223372036854771712	0	820494336
200	1242099712	9223372036854771712	0	2123075584	9223372036854771712	0	1251708928	9223372036854771712	0	2785402880	9223372036854771712	0	794583040
201	1247973376	9223372036854771712	0	2137972736	9223372036854771712	0	1251708928	9223372036854771712	0	2785402880	9223372036854771712	0	773513216
202	1256587264	9223372036854771712	0	2165731328	9223372036854771712	0	1251708928	9223372036854771712	0	2785402880	9223372036854771712	0	737931264
203	1263636480	9223372036854771712	0	2263670784	9223372036854771712	0	1251708928	9223372036854771712	0	2785402880	9223372036854771712	0	631758848
204	1272672256	9223372036854771712	0	2337583104	9223372036854771712	0	1251708928	9223372036854771712	0	2785402880	9223372036854771712	0	549818368
205	1278300160	9223372036854771712	0	2424311808	9223372036854771712	0	1251708928	9223372036854771712	0	2785402880	9223372036854771712	0	457297920
206	1289035776	9223372036854771712	0	2472128512	9223372036854771712	0	1251708928	9223372036854771712	0	2785402880	9223372036854771712	0	398430208
207	1289887744	9223372036854771712	0	2473021440	9223372036854771712	0	1251708928	9223372036854771712	0	2785402880	9223372036854771712	0	396513280
208	1296953344	9223372036854771712	0	2473820160	9223372036854771712	0	1251708928	9223372036854771712	0	2785402880	9223372036854771712	0	388861952
209	1306902528	9223372036854771712	0	2474823680	9223372036854771712	0	1313591296	9223372036854771712	0	2785402880	9223372036854771712	0	313380864
210	1313513472	9223372036854771712	0	2476138496	9223372036854771712	0	1373106176	9223372036854771712	0	2785402880	9223372036854771712	0	246349824
211	1319841792	9223372036854771712	0	2477293568	9223372036854771712	0	1412820992	9223372036854771712	0	2785402880	9223372036854771712	0	198549504
212	1323102208	9223372036854771712	0	2478567424	9223372036854771712	0	1448341504	9223372036854771712	0	2785402880	9223372036854771712	0	159592448
213	1314902016	9223372036854771712	0	2454298624	9223372036854771712	0	1480192000	9223372036854771712	0	2773417984	9223372036854771712	0	183291904
214	1320611840	9223372036854771712	0	2443304960	9223372036854771712	0	1515143168	9223372036854771712	0	2767577088	9223372036854771712	0	162881536
215	1321574400	9223372036854771712	0	2432282624	9223372036854771712	0	1548328960	9223372036854771712	0	2761797632	9223372036854771712	0	163414016
216	1281581056	9223372036854771712	0	2350116864	9223372036854771712	0	1560633344	9223372036854771712	0	2722013184	9223372036854771712	0	164466688
217	1205243904	9223372036854771712	0	2195316736	9223372036854771712	0	1548693504	9223372036854771712	0	2648059904	9223372036854771712	0	160899072
218	1137831936	9223372036854771712	0	2051407872	9223372036854771712	0	1558605824	9223372036854771712	0	2579046400	9223372036854771712	0	189677568
219	1132773376	9223372036854771712	0	2040082432	9223372036854771712	0	1588424704	9223372036854771712	0	2573402112	9223372036854771712	0	176332800
220	1133166592	9223372036854771712	0	2027356160	9223372036854771712	0	1619619840	9223372036854771712	0	2566897664	9223372036854771712	0	178204672
221	1130319872	9223372036854771712	0	2015612928	9223372036854771712	0	1649897472	9223372036854771712	0	2560860160	9223372036854771712	0	181858304
222	1125851136	9223372036854771712	0	2005405696	9223372036854771712	0	1671471104	9223372036854771712	0	2555613184	9223372036854771712	0	192598016
223	1127858176	9223372036854771712	0	1995210752	9223372036854771712	0	1695932416	9223372036854771712	0	2552610816	9223372036854771712	0	189513728
224	1127440384	9223372036854771712	0	1985794048	9223372036854771712	0	1720684544	9223372036854771712	0	2547650560	9223372036854771712	0	191279104
225	1129357312	9223372036854771712	0	1986793472	9223372036854771712	0	1751093248	9223372036854771712	0	2547650560	9223372036854771712	0	158150656
226	1130147840	9223372036854771712	0	1977819136	9223372036854771712	0	1776717824	9223372036854771712	0	2542850048	9223372036854771712	0	157872128
227	1131384832	9223372036854771712	0	1969115136	9223372036854771712	0	1801367552	9223372036854771712	0	2538217472	9223372036854771712	0	157003776
228	1127575552	9223372036854771712	0	1960329216	9223372036854771712	0	1825112064	9223372036854771712	0	2533703680	9223372036854771712	0	159305728
229	1130414080	9223372036854771712	0	1951809536	9223372036854771712	0	1846378496	9223372036854771712	0	2529345536	9223372036854771712	0	159735808
230	1129201664	9223372036854771712	0	1943826432	9223372036854771712	0	1870983168	9223372036854771712	0	2525077504	9223372036854771712	0	158859264
231	1124655104	9223372036854771712	0	1942401024	9223372036854771712	0	1892634624	9223372036854771712	0	2520989696	9223372036854771712	0	157896704
232	1114746880	9223372036854771712	0	1937944576	9223372036854771712	0	1909231616	9223372036854771712	0	2513178624	9223372036854771712	0	184500224
233	1110908928	9223372036854771712	0	1940500480	9223372036854771712	0	1932713984	9223372036854771712	0	2509459456	9223372036854771712	0	176619520
234	1113477120	9223372036854771712	0	1946918912	9223372036854771712	0	1952575488	9223372036854771712	0	2505838592	9223372036854771712	0	161075200
235	1105772544	9223372036854771712	0	1937645568	9223372036854771712	0	1965019136	9223372036854771712	0	2498949120	9223372036854771712	0	191139840
236	1117622272	9223372036854771712	0	1931587584	9223372036854771712	0	1981886464	9223372036854771712	0	2494566400	9223372036854771712	0	186028032
237	1149804544	9223372036854771712	0	1915953152	9223372036854771712	0	1992269824	9223372036854771712	0	2487717888	9223372036854771712	0	183197696
238	1181409280	9223372036854771712	0	1901039616	9223372036854771712	0	2002403328	9223372036854771712	0	2481917952	9223372036854771712	0	178757632
239	1226371072	9223372036854771712	0	1886830592	9223372036854771712	0	2015645696	9223372036854771712	0	2476478464	9223372036854771712	0	156393472
240	1263255552	9223372036854771712	0	1869963264	9223372036854771712	0	2020929536	9223372036854771712	0	2470031360	9223372036854771712	0	156606464
241	1295073280	9223372036854771712	0	1847795712	9223372036854771712	0	2019479552	9223372036854771712	0	2461749248	9223372036854771712	0	184459264
242	1311735808	9223372036854771712	0	1836736512	9223372036854771712	0	2029985792	9223372036854771712	0	2457522176	9223372036854771712	0	186646528
243	1313107968	9223372036854771712	0	1837678592	9223372036854771712	0	2056331264	9223372036854771712	0	2457522176	9223372036854771712	0	158191616
244	1302511616	9223372036854771712	0	1833275392	9223372036854771712	0	2064105472	9223372036854771712	0	2455502848	9223372036854771712	0	174354432
245	1292124160	9223372036854771712	0	1828827136	9223372036854771712	0	2070618112	9223372036854771712	0	2453540864	9223372036854771712	0	187138048
246	1293254656	9223372036854771712	0	1830178816	9223372036854771712	0	2095390720	9223372036854771712	0	2453540864	9223372036854771712	0	158556160
247	1283039232	9223372036854771712	0	1825763328	9223372036854771712	0	2100756480	9223372036854771712	0	2451628032	9223372036854771712	0	175738880
248	1285124096	9223372036854771712	0	1827102720	9223372036854771712	0	2108133376	9223372036854771712	0	2451628032	9223372036854771712	0	164753408
249	1276485632	9223372036854771712	0	1822826496	9223372036854771712	0	2106953728	9223372036854771712	0	2449793024	9223372036854771712	0	187101184
250	1278984192	9223372036854771712	0	1823805440	9223372036854771712	0	2114007040	9223372036854771712	0	2449793024	9223372036854771712	0	177184768
251	1270583296	9223372036854771712	0	1818828800	9223372036854771712	0	2111954944	9223372036854771712	0	2480082944	9223372036854771712	0	166060032
252	1262190592	9223372036854771712	0	1814376448	9223372036854771712	0	1472573440	9223372036854771712	0	2521710592	9223372036854771712	0	780570624
253	1263775744	9223372036854771712	0	1815420928	9223372036854771712	0	1472573440	9223372036854771712	0	2559893504	9223372036854771712	0	740237312
254	1264488448	9223372036854771712	0	1815621632	9223372036854771712	0	1472573440	9223372036854771712	0	2579030016	9223372036854771712	0	430891008
255	1208270848	9223372036854771712	0	1787060224	9223372036854771712	0	1424236544	9223372036854771712	0	2584457216	9223372036854771712	0	172351488
256	1109921792	9223372036854771712	0	1737691136	9223372036854771712	0	1340387328	9223372036854771712	0	2575659008	9223372036854771712	0	164048896
257	1092710400	9223372036854771712	0	1729167360	9223372036854771712	0	1324756992	9223372036854771712	0	2605277184	9223372036854771712	0	192929792
258	1084342272	9223372036854771712	0	1725091840	9223372036854771712	0	1316216832	9223372036854771712	0	2638303232	9223372036854771712	0	190775296
259	1076240384	9223372036854771712	0	1721147392	9223372036854771712	0	1308217344	9223372036854771712	0	2669953024	9223372036854771712	0	189427712
260	1069084672	9223372036854771712	0	1717702656	9223372036854771712	0	1301094400	9223372036854771712	0	2699476992	9223372036854771712	0	187072512
261	1062187008	9223372036854771712	0	1714212864	9223372036854771712	0	1294401536	9223372036854771712	0	2726371328	9223372036854771712	0	185475072
262	1055952896	9223372036854771712	0	1711206400	9223372036854771712	0	1290063872	9223372036854771712	0	2754121728	9223372036854771712	0	179699712
263	1050017792	9223372036854771712	0	1708130304	9223372036854771712	0	1284177920	9223372036854771712	0	2784083968	9223372036854771712	0	173006848
264	1044672512	9223372036854771712	0	1705525248	9223372036854771712	0	1278631936	9223372036854771712	0	2814267392	9223372036854771712	0	165384192
265	1039638528	9223372036854771712	0	1703399424	9223372036854771712	0	1273442304	9223372036854771712	0	2841993216	9223372036854771712	0	157863936
266	1031008256	9223372036854771712	0	1697226752	9223372036854771712	0	1263521792	9223372036854771712	0	2857787392	9223372036854771712	0	183820288
267	1033035776	9223372036854771712	0	1695260672	9223372036854771712	0	1259253760	9223372036854771712	0	2884071424	9223372036854771712	0	168882176
268	1030344704	9223372036854771712	0	1690681344	9223372036854771712	0	1251446784	9223372036854771712	0	2902827008	9223372036854771712	0	180342784
269	1021526016	9223372036854771712	0	1721036800	9223372036854771712	0	1242259456	9223372036854771712	0	2910789632	9223372036854771712	0	181211136
270	1010622464	9223372036854771712	0	1764720640	9223372036854771712	0	1233031168	9223372036854771712	0	2910515200	9223372036854771712	0	179679232
271	1003732992	9223372036854771712	0	1801613312	9223372036854771712	0	1226006528	9223372036854771712	0	2912395264	9223372036854771712	0	174870528
272	996339712	9223372036854771712	0	1836593152	9223372036854771712	0	1219080192	9223372036854771712	0	2904977408	9223372036854771712	0	183701504
273	990711808	9223372036854771712	0	1864396800	9223372036854771712	0	1215205376	9223372036854771712	0	2918842368	9223372036854771712	0	167284736
274	986542080	9223372036854771712	0	1872261120	9223372036854771712	0	1211432960	9223372036854771712	0	2928783360	9223372036854771712	0	177831936
275	986345472	9223372036854771712	0	1908076544	9223372036854771712	0	1209282560	9223372036854771712	0	2931306496	9223372036854771712	0	157511680
276	978599936	9223372036854771712	0	1927245824	9223372036854771712	0	1206243328	9223372036854771712	0	2928095232	9223372036854771712	0	175144960
277	973049856	9223372036854771712	0	1944539136	9223372036854771712	0	1204109312	9223372036854771712	0	2933993472	9223372036854771712	0	176607232
278	969723904	9223372036854771712	0	1968558080	9223372036854771712	0	1202831360	9223372036854771712	0	2943586304	9223372036854771712	0	158928896
279	967192576	9223372036854771712	0	1963548672	9223372036854771712	0	1201713152	9223372036854771712	0	2964897792	9223372036854771712	0	156712960
280	964681728	9223372036854771712	0	1927430144	9223372036854771712	0	1200709632	9223372036854771712	0	2988888064	9223372036854771712	0	180269056
281	964079616	9223372036854771712	0	1910165504	9223372036854771712	0	1200218112	9223372036854771712	0	3017945088	9223372036854771712	0	173658112
282	963936256	9223372036854771712	0	1895358464	9223372036854771712	0	1199792128	9223372036854771712	0	3048996864	9223372036854771712	0	163770368
283	962428928	9223372036854771712	0	1867325440	9223372036854771712	0	1199005696	9223372036854771712	0	3067895808	9223372036854771712	0	184348672
284	962867200	9223372036854771712	0	1855123456	9223372036854771712	0	1198649344	9223372036854771712	0	3092840448	9223372036854771712	0	175505408
285	962772992	9223372036854771712	0	1843372032	9223372036854771712	0	1198317568	9223372036854771712	0	3119849472	9223372036854771712	0	164429824
286	961642496	9223372036854771712	0	1818955776	9223372036854771712	0	1197658112	9223372036854771712	0	3135410176	9223372036854771712	0	177532928
287	961331200	9223372036854771712	0	1804591104	9223372036854771712	0	1197277184	9223372036854771712	0	3147743232	9223372036854771712	0	179724288
288	961662976	9223372036854771712	0	1795633152	9223372036854771712	0	1197023232	9223372036854771712	0	3171426304	9223372036854771712	0	164175872
289	960540672	9223372036854771712	0	1779200000	9223372036854771712	0	1196564480	9223372036854771712	0	3181383680	9223372036854771712	0	178937856
290	961290240	9223372036854771712	0	1772318720	9223372036854771712	0	1196355584	9223372036854771712	0	3207520256	9223372036854771712	0	160501760
291	960839680	9223372036854771712	0	1758830592	9223372036854771712	0	1195978752	9223372036854771712	0	3220291584	9223372036854771712	0	170418176
292	961388544	9223372036854771712	0	1752477696	9223372036854771712	0	1195798528	9223372036854771712	0	3243147264	9223372036854771712	0	156749824
293	961404928	9223372036854771712	0	1741111296	9223372036854771712	0	1195491328	9223372036854771712	0	3254628352	9223372036854771712	0	159555584
294	960512000	9223372036854771712	0	1728778240	9223372036854771712	0	1195163648	9223372036854771712	0	3255791616	9223372036854771712	0	177602560
295	960581632	9223372036854771712	0	1720111104	9223372036854771712	0	1194983424	9223372036854771712	0	3265396736	9223372036854771712	0	178802688
296	960843776	9223372036854771712	0	1712381952	9223372036854771712	0	1194774528	9223372036854771712	0	3275571200	9223372036854771712	0	173678592
297	961220608	9223372036854771712	0	1707032576	9223372036854771712	0	1194659840	9223372036854771712	0	3291226112	9223372036854771712	0	162779136
298	960757760	9223372036854771712	0	1699434496	9223372036854771712	0	1194418176	9223372036854771712	0	3292454912	9223372036854771712	0	165466112
299	959545344	9223372036854771712	0	1690800128	9223372036854771712	0	1194147840	9223372036854771712	0	3277582336	9223372036854771712	0	194215936
300	957763584	9223372036854771712	0	1678946304	9223372036854771712	0	1192615936	9223372036854771712	0	3235508224	9223372036854771712	0	140038144
301	953585664	9223372036854771712	0	1658376192	9223372036854771712	0	1191497728	9223372036854771712	0	3129745408	9223372036854771712	0	138616832
302	949170176	9223372036854771712	0	1649741824	9223372036854771712	0	1187487744	9223372036854771712	0	3089600512	9223372036854771712	0	138539008
303	936218624	9223372036854771712	0	1624072192	9223372036854771712	0	1183375360	9223372036854771712	0	3089420288	9223372036854771712	0	140058624
304	944013312	9223372036854771712	0	1619791872	9223372036854771712	0	1150812160	9223372036854771712	0	3090001920	9223372036854771712	0	138457088
305	944943104	9223372036854771712	0	1614254080	9223372036854771712	0	1110003712	9223372036854771712	0	3091607552	9223372036854771712	0	139784192
306	940810240	9223372036854771712	0	1600663552	9223372036854771712	0	1047982080	9223372036854771712	0	3091533824	9223372036854771712	0	140992512
307	934191104	9223372036854771712	0	1584766976	9223372036854771712	0	948043776	9223372036854771712	0	3094077440	9223372036854771712	0	138948608
308	921165824	9223372036854771712	0	1575022592	9223372036854771712	0	885911552	9223372036854771712	0	3105546240	9223372036854771712	0	167522304
309	942067712	9223372036854771712	0	1575682048	9223372036854771712	0	845643776	9223372036854771712	0	3114098688	9223372036854771712	0	175616000
310	957435904	9223372036854771712	0	1575485440	9223372036854771712	0	822562816	9223372036854771712	0	3119443968	9223372036854771712	0	175857664
311	955813888	9223372036854771712	0	1577345024	9223372036854771712	0	804864000	9223372036854771712	0	3129016320	9223372036854771712	0	176291840
312	959287296	9223372036854771712	0	1577615360	9223372036854771712	0	802295808	9223372036854771712	0	3132084224	9223372036854771712	0	167862272
313	965357568	9223372036854771712	0	1585823744	9223372036854771712	0	846057472	9223372036854771712	0	2384703488	9223372036854771712	0	842448896
314	999026688	9223372036854771712	0	1595199488	9223372036854771712	0	866725888	9223372036854771712	0	2384785408	9223372036854771712	0	771805184
315	1042407424	9223372036854771712	0	1609252864	9223372036854771712	0	885534720	9223372036854771712	0	2384699392	9223372036854771712	0	677146624
316	1090039808	9223372036854771712	0	1612795904	9223372036854771712	0	896798720	9223372036854771712	0	2384732160	9223372036854771712	0	600588288
317	1134256128	9223372036854771712	0	1620021248	9223372036854771712	0	906039296	9223372036854771712	0	2384867328	9223372036854771712	0	532234240
318	1164128256	9223372036854771712	0	1620746240	9223372036854771712	0	911118336	9223372036854771712	0	2384740352	9223372036854771712	0	490209280
319	1197932544	9223372036854771712	0	1633906688	9223372036854771712	0	928550912	9223372036854771712	0	2384744448	9223372036854771712	0	420745216
320	1241960448	9223372036854771712	0	1647210496	9223372036854771712	0	944758784	9223372036854771712	0	2384760832	9223372036854771712	0	342835200
321	1286905856	9223372036854771712	0	1657839616	9223372036854771712	0	960761856	9223372036854771712	0	2384764928	9223372036854771712	0	265572352
322	1288855552	9223372036854771712	0	1662828544	9223372036854771712	0	973451264	9223372036854771712	0	2384769024	9223372036854771712	0	239738880
323	1289891840	9223372036854771712	0	1672560640	9223372036854771712	0	998240256	9223372036854771712	0	2384928768	9223372036854771712	0	192663552
324	1267707904	9223372036854771712	0	1672798208	9223372036854771712	0	1019613184	9223372036854771712	0	2384605184	9223372036854771712	0	173199360
325	1247813632	9223372036854771712	0	1674846208	9223372036854771712	0	1038032896	9223372036854771712	0	2384592896	9223372036854771712	0	164655104
326	1229017088	9223372036854771712	0	1670197248	9223372036854771712	0	1060278272	9223372036854771712	0	2384506880	9223372036854771712	0	164798464
327	1210433536	9223372036854771712	0	1665769472	9223372036854771712	0	1079844864	9223372036854771712	0	2384269312	9223372036854771712	0	168550400
328	1193689088	9223372036854771712	0	1661566976	9223372036854771712	0	1102024704	9223372036854771712	0	2384191488	9223372036854771712	0	156651520
329	1160560640	9223372036854771712	0	1652383744	9223372036854771712	0	1123405824	9223372036854771712	0	2384130048	9223372036854771712	0	173879296
330	1146232832	9223372036854771712	0	1648803840	9223372036854771712	0	1144967168	9223372036854771712	0	2384011264	9223372036854771712	0	170307584
331	1132322816	9223372036854771712	0	1645117440	9223372036854771712	0	1158885376	9223372036854771712	0	2383749120	9223372036854771712	0	172814336
332	1108283392	9223372036854771712	0	1638371328	9223372036854771712	0	1180102656	9223372036854771712	0	2383519744	9223372036854771712	0	175919104
333	1090486272	9223372036854771712	0	1633693696	9223372036854771712	0	1198276608	9223372036854771712	0	2382962688	9223372036854771712	0	168161280
334	1071001600	9223372036854771712	0	1628307456	9223372036854771712	0	1215229952	9223372036854771712	0	2382782464	9223372036854771712	0	159051776
335	1023991808	9223372036854771712	0	1613365248	9223372036854771712	0	1223090176	9223372036854771712	0	2382249984	9223372036854771712	0	163618816
336	925593600	9223372036854771712	0	1580367872	9223372036854771712	0	1216593920	9223372036854771712	0	2368405504	9223372036854771712	0	138842112
337	916856832	9223372036854771712	0	1562099712	9223372036854771712	0	1206120448	9223372036854771712	0	2339926016	9223372036854771712	0	138563584
338	676184064	9223372036854771712	0	1425313792	9223372036854771712	0	1099190272	9223372036854771712	0	2186854400	9223372036854771712	0	158400512
339	660766720	9223372036854771712	0	1431179264	9223372036854771712	0	1087594496	9223372036854771712	0	2172248064	9223372036854771712	0	186728448
340	649756672	9223372036854771712	0	1434738688	9223372036854771712	0	1089576960	9223372036854771712	0	2153328640	9223372036854771712	0	191868928
341	634896384	9223372036854771712	0	1435504640	9223372036854771712	0	1091485696	9223372036854771712	0	2138808320	9223372036854771712	0	184717312
342	628379648	9223372036854771712	0	1435713536	9223372036854771712	0	1095655424	9223372036854771712	0	2120458240	9223372036854771712	0	203190272
343	630517760	9223372036854771712	0	1446842368	9223372036854771712	0	1100050432	9223372036854771712	0	2121134080	9223372036854771712	0	179945472
344	623435776	9223372036854771712	0	1454870528	9223372036854771712	0	1106575360	9223372036854771712	0	2112425984	9223372036854771712	0	178683904
345	619438080	9223372036854771712	0	1460498432	9223372036854771712	0	1112416256	9223372036854771712	0	2097176576	9223372036854771712	0	188112896
346	623075328	9223372036854771712	0	1475194880	9223372036854771712	0	1120485376	9223372036854771712	0	2096697344	9223372036854771712	0	159543296
347	623972352	9223372036854771712	0	1471700992	9223372036854771712	0	1127022592	9223372036854771712	0	2086191104	9223372036854771712	0	172142592
348	626376704	9223372036854771712	0	1471221760	9223372036854771712	0	1134575616	9223372036854771712	0	2069749760	9223372036854771712	0	186822656
349	625090560	9223372036854771712	0	1479528448	9223372036854771712	0	1142517760	9223372036854771712	0	2060234752	9223372036854771712	0	184508416
350	627634176	9223372036854771712	0	1488322560	9223372036854771712	0	1149915136	9223372036854771712	0	2061750272	9223372036854771712	0	164573184
351	628523008	9223372036854771712	0	1484582912	9223372036854771712	0	1152991232	9223372036854771712	0	2046722048	9223372036854771712	0	183627776
352	629972992	9223372036854771712	0	1484439552	9223372036854771712	0	1161768960	9223372036854771712	0	2033967104	9223372036854771712	0	189775872
353	631193600	9223372036854771712	0	1490018304	9223372036854771712	0	1165615104	9223372036854771712	0	2031595520	9223372036854771712	0	179265536
354	633651200	9223372036854771712	0	1496903680	9223372036854771712	0	1172054016	9223372036854771712	0	2008080384	9223372036854771712	0	183042048
355	633245696	9223372036854771712	0	1497776128	9223372036854771712	0	1179197440	9223372036854771712	0	1984487424	9223372036854771712	0	200654848
356	635416576	9223372036854771712	0	1507536896	9223372036854771712	0	1185705984	9223372036854771712	0	1984397312	9223372036854771712	0	181923840
357	637124608	9223372036854771712	0	1516486656	9223372036854771712	0	1189732352	9223372036854771712	0	1985220608	9223372036854771712	0	164716544
358	639422464	9223372036854771712	0	1513099264	9223372036854771712	0	1193603072	9223372036854771712	0	1961644032	9223372036854771712	0	186527744
359	641396736	9223372036854771712	0	1511837696	9223372036854771712	0	1198411776	9223372036854771712	0	1938046976	9223372036854771712	0	189825024
360	642572288	9223372036854771712	0	1513447424	9223372036854771712	0	1201786880	9223372036854771712	0	1914220544	9223372036854771712	0	195166208
361	644780032	9223372036854771712	0	1530568704	9223372036854771712	0	1207955456	9223372036854771712	0	1915564032	9223372036854771712	0	161062912
362	646160384	9223372036854771712	0	1532342272	9223372036854771712	0	1211162624	9223372036854771712	0	1891459072	9223372036854771712	0	180531200
363	647393280	9223372036854771712	0	1544519680	9223372036854771712	0	1214787584	9223372036854771712	0	1892016128	9223372036854771712	0	155848704
364	635887616	9223372036854771712	0	1494065152	9223372036854771712	0	1212968960	9223372036854771712	0	1748385792	9223372036854771712	0	141623296
365	619048960	9223372036854771712	0	1477087232	9223372036854771712	0	1211768832	9223372036854771712	0	1560952832	9223372036854771712	0	150228992
366	555458560	9223372036854771712	0	1473667072	9223372036854771712	0	1209122816	9223372036854771712	0	1435127808	9223372036854771712	0	171995136
367	427102208	9223372036854771712	0	1425883136	9223372036854771712	0	1150558208	9223372036854771712	0	1385623552	9223372036854771712	0	138899456
368	410054656	9223372036854771712	0	1410084864	9223372036854771712	0	1122275328	9223372036854771712	0	1379127296	9223372036854771712	0	177561600
369	412352512	9223372036854771712	0	1413341184	9223372036854771712	0	1122480128	9223372036854771712	0	1379938304	9223372036854771712	0	161574912
370	376885248	9223372036854771712	0	1415114752	9223372036854771712	0	1110093824	9223372036854771712	0	1378951168	9223372036854771712	0	190033920
371	379670528	9223372036854771712	0	1422036992	9223372036854771712	0	1112592384	9223372036854771712	0	1353216000	9223372036854771712	0	158543872
372	377020416	9223372036854771712	0	1429037056	9223372036854771712	0	1115770880	9223372036854771712	0	1322717184	9223372036854771712	0	182816768
373	386699264	9223372036854771712	0	1438478336	9223372036854771712	0	1122725888	9223372036854771712	0	1322733568	9223372036854771712	0	163729408
374	392544256	9223372036854771712	0	1437884416	9223372036854771712	0	1126391808	9223372036854771712	0	1327697920	9223372036854771712	0	156835840
375	396406784	9223372036854771712	0	1436520448	9223372036854771712	0	1128677376	9223372036854771712	0	1330851840	9223372036854771712	0	161456128
376	394997760	9223372036854771712	0	1441579008	9223372036854771712	0	1128747008	9223372036854771712	0	1331392512	9223372036854771712	0	155652096
377	397021184	9223372036854771712	0	1434513408	9223372036854771712	0	1130516480	9223372036854771712	0	1317769216	9223372036854771712	0	199008256
378	402558976	9223372036854771712	0	1437597696	9223372036854771712	0	1134518272	9223372036854771712	0	1321656320	9223372036854771712	0	184107008
379	407265280	9223372036854771712	0	1444409344	9223372036854771712	0	1137651712	9223372036854771712	0	1324621824	9223372036854771712	0	165548032
380	410050560	9223372036854771712	0	1445318656	9223372036854771712	0	1138728960	9223372036854771712	0	1319956480	9223372036854771712	0	170070016
381	408514560	9223372036854771712	0	1441320960	9223372036854771712	0	1141403648	9223372036854771712	0	1314136064	9223372036854771712	0	187965440
382	412803072	9223372036854771712	0	1462382592	9223372036854771712	0	1144283136	9223372036854771712	0	1294397440	9223372036854771712	0	176295936
383	416874496	9223372036854771712	0	1457565696	9223372036854771712	0	1147506688	9223372036854771712	0	1294671872	9223372036854771712	0	179789824
384	419196928	9223372036854771712	0	1457926144	9223372036854771712	0	1149317120	9223372036854771712	0	1295376384	9223372036854771712	0	178679808
385	422682624	9223372036854771712	0	1469730816	9223372036854771712	0	1151328256	9223372036854771712	0	1297125376	9223372036854771712	0	158031872
386	426283008	9223372036854771712	0	1458323456	9223372036854771712	0	1153908736	9223372036854771712	0	1298358272	9223372036854771712	0	176607232
387	434057216	9223372036854771712	0	1447899136	9223372036854771712	0	1157029888	9223372036854771712	0	1303855104	9223372036854771712	0	174637056
388	441786368	9223372036854771712	0	1443565568	9223372036854771712	0	1162776576	9223372036854771712	0	1309519872	9223372036854771712	0	161820672
389	445652992	9223372036854771712	0	1426644992	9223372036854771712	0	1166733312	9223372036854771712	0	1315233792	9223372036854771712	0	171020288
390	451297280	9223372036854771712	0	1421062144	9223372036854771712	0	1169326080	9223372036854771712	0	1317703680	9223372036854771712	0	152866816
391	453079040	9223372036854771712	0	1408528384	9223372036854771712	0	1172443136	9223372036854771712	0	1315766272	9223372036854771712	0	156049408
392	454967296	9223372036854771712	0	1375805440	9223372036854771712	0	1176965120	9223372036854771712	0	1319731200	9223372036854771712	0	185614336
393	458911744	9223372036854771712	0	1357357056	9223372036854771712	0	1180729344	9223372036854771712	0	1324535808	9223372036854771712	0	182509568
394	462655488	9223372036854771712	0	1330962432	9223372036854771712	0	1185034240	9223372036854771712	0	1329082368	9223372036854771712	0	191459328
395	468889600	9223372036854771712	0	1319231488	9223372036854771712	0	1189978112	9223372036854771712	0	1334980608	9223372036854771712	0	183468032
396	471638016	9223372036854771712	0	1291403264	9223372036854771712	0	1193193472	9223372036854771712	0	1338277888	9223372036854771712	0	143151104
397	469528576	9223372036854771712	0	1223553024	9223372036854771712	0	1175138304	9223372036854771712	0	1256914944	9223372036854771712	0	162340864
398	468934656	9223372036854771712	0	1126920192	9223372036854771712	0	1132314624	9223372036854771712	0	1204490240	9223372036854771712	0	149377024
399	469008384	9223372036854771712	0	1066221568	9223372036854771712	0	1071001600	9223372036854771712	0	1149878272	9223372036854771712	0	166330368
400	466665472	9223372036854771712	0	985133056	9223372036854771712	0	1028501504	9223372036854771712	0	1103032320	9223372036854771712	0	142409728
401	452689920	9223372036854771712	0	850534400	9223372036854771712	0	956248064	9223372036854771712	0	1041088512	9223372036854771712	0	172863488
402	456011776	9223372036854771712	0	826277888	9223372036854771712	0	955895808	9223372036854771712	0	1030201344	9223372036854771712	0	176787456
403	458395648	9223372036854771712	0	810000384	9223372036854771712	0	957075456	9223372036854771712	0	1025150976	9223372036854771712	0	180137984
404	462540800	9223372036854771712	0	806129664	9223372036854771712	0	959762432	9223372036854771712	0	1023860736	9223372036854771712	0	160268288
405	469610496	9223372036854771712	0	789360640	9223372036854771712	0	964059136	9223372036854771712	0	1027719168	9223372036854771712	0	160976896
406	477040640	9223372036854771712	0	766578688	9223372036854771712	0	968777728	9223372036854771712	0	1034276864	9223372036854771712	0	167272448
407	482197504	9223372036854771712	0	739254272	9223372036854771712	0	974643200	9223372036854771712	0	1041641472	9223372036854771712	0	180527104
408	490676224	9223372036854771712	0	735211520	9223372036854771712	0	980303872	9223372036854771712	0	1048043520	9223372036854771712	0	164839424
409	489177088	9223372036854771712	0	708055040	9223372036854771712	0	979369984	9223372036854771712	0	1051586560	9223372036854771712	0	202358784
410	500518912	9223372036854771712	0	712359936	9223372036854771712	0	986853376	9223372036854771712	0	1060040704	9223372036854771712	0	169721856
411	503402496	9223372036854771712	0	697131008	9223372036854771712	0	990257152	9223372036854771712	0	1063460864	9223372036854771712	0	175247360
412	508588032	9223372036854771712	0	689594368	9223372036854771712	0	995180544	9223372036854771712	0	1069445120	9223372036854771712	0	167804928
413	512999424	9223372036854771712	0	662073344	9223372036854771712	0	999186432	9223372036854771712	0	1074540544	9223372036854771712	0	184418304
414	519958528	9223372036854771712	0	649678848	9223372036854771712	0	1005649920	9223372036854771712	0	1082953728	9223372036854771712	0	176152576
415	525541376	9223372036854771712	0	658358272	9223372036854771712	0	1010057216	9223372036854771712	0	1084829696	9223372036854771712	0	155156480
416	526127104	9223372036854771712	0	659652608	9223372036854771712	0	1012903936	9223372036854771712	0	1081344000	9223372036854771712	0	161378304
417	530567168	9223372036854771712	0	662679552	9223372036854771712	0	1017229312	9223372036854771712	0	1055887360	9223372036854771712	0	176672768
418	534036480	9223372036854771712	0	661467136	9223372036854771712	0	1019375616	9223372036854771712	0	1055666176	9223372036854771712	0	177172480
419	537780224	9223372036854771712	0	671965184	9223372036854771712	0	1019973632	9223372036854771712	0	1041899520	9223372036854771712	0	179400704
420	543215616	9223372036854771712	0	675155968	9223372036854771712	0	1025347584	9223372036854771712	0	1045516288	9223372036854771712	0	165093376
421	546836480	9223372036854771712	0	675721216	9223372036854771712	0	1028763648	9223372036854771712	0	1025519616	9223372036854771712	0	172597248
422	550723584	9223372036854771712	0	668487680	9223372036854771712	0	1030963200	9223372036854771712	0	1001377792	9223372036854771712	0	178737152
423	551661568	9223372036854771712	0	672047104	9223372036854771712	0	1033179136	9223372036854771712	0	957956096	9223372036854771712	0	206036992
424	558473216	9223372036854771712	0	681177088	9223372036854771712	0	1037389824	9223372036854771712	0	963424256	9223372036854771712	0	166400000
425	558469120	9223372036854771712	0	681799680	9223372036854771712	0	1038573568	9223372036854771712	0	928096256	9223372036854771712	0	201220096
426	569057280	9223372036854771712	0	683831296	9223372036854771712	0	1044320256	9223372036854771712	0	937680896	9223372036854771712	0	163688448
427	567951360	9223372036854771712	0	666533888	9223372036854771712	0	1043566592	9223372036854771712	0	936951808	9223372036854771712	0	143519744
428	562417664	9223372036854771712	0	555552768	9223372036854771712	0	1037750272	9223372036854771712	0	882741248	9223372036854771712	0	140709888
429	547692544	9223372036854771712	0	482435072	9223372036854771712	0	1028177920	9223372036854771712	0	727433216	9223372036854771712	0	139386880
430	534220800	9223372036854771712	0	448376832	9223372036854771712	0	1003229184	9223372036854771712	0	614383616	9223372036854771712	0	139706368
431	530706432	9223372036854771712	0	426176512	9223372036854771712	0	967729152	9223372036854771712	0	563937280	9223372036854771712	0	139046912
432	529444864	9223372036854771712	0	371052544	9223372036854771712	0	950628352	9223372036854771712	0	529555456	9223372036854771712	0	160669696
433	528429056	9223372036854771712	0	313606144	9223372036854771712	0	941522944	9223372036854771712	0	460070912	9223372036854771712	0	172867584
434	528547840	9223372036854771712	0	313593856	9223372036854771712	0	941522944	9223372036854771712	0	460070912	9223372036854771712	0	172466176
435	528535552	9223372036854771712	0	313581568	9223372036854771712	0	941522944	9223372036854771712	0	460070912	9223372036854771712	0	172339200
436	528523264	9223372036854771712	0	313569280	9223372036854771712	0	941654016	9223372036854771712	0	460070912	9223372036854771712	0	172371968
437	528510976	9223372036854771712	0	313556992	9223372036854771712	0	941654016	9223372036854771712	0	460201984	9223372036854771712	0	172212224
438	528498688	9223372036854771712	0	313544704	9223372036854771712	0	941613056	9223372036854771712	0	460201984	9223372036854771712	0	172015616
439	530046976	9223372036854771712	0	313487360	9223372036854771712	0	941940736	9223372036854771712	0	460505088	9223372036854771712	0	160780288
440	536444928	9223372036854771712	0	243380224	9223372036854771712	0	943538176	9223372036854771712	0	404791296	9223372036854771712	0	241463296
441	548757504	9223372036854771712	0	243380224	9223372036854771712	0	949075968	9223372036854771712	0	411066368	9223372036854771712	0	210845696
442	562241536	9223372036854771712	0	254840832	9223372036854771712	0	954888192	9223372036854771712	0	417247232	9223372036854771712	0	172363776
443	561061888	9223372036854771712	0	253435904	9223372036854771712	0	958373888	9223372036854771712	0	420102144	9223372036854771712	0	187465728
444	561049600	9223372036854771712	0	253423616	9223372036854771712	0	958373888	9223372036854771712	0	420102144	9223372036854771712	0	187310080
445	561889280	9223372036854771712	0	255598592	9223372036854771712	0	960446464	9223372036854771712	0	422309888	9223372036854771712	0	176640000
446	569544704	9223372036854771712	0	262942720	9223372036854771712	0	965648384	9223372036854771712	0	425984000	9223372036854771712	0	167575552
447	571191296	9223372036854771712	0	267792384	9223372036854771712	0	970518528	9223372036854771712	0	425148416	9223372036854771712	0	175587328
448	576819200	9223372036854771712	0	273707008	9223372036854771712	0	973127680	9223372036854771712	0	376926208	9223372036854771712	0	191221760
449	576880640	9223372036854771712	0	273825792	9223372036854771712	0	973115392	9223372036854771712	0	370089984	9223372036854771712	0	197984256
450	588771328	9223372036854771712	0	284323840	9223372036854771712	0	977436672	9223372036854771712	0	374677504	9223372036854771712	0	158334976
451	589725696	9223372036854771712	0	288116736	9223372036854771712	0	982413312	9223372036854771712	0	342798336	9223372036854771712	0	191029248
452	596066304	9223372036854771712	0	294260736	9223372036854771712	0	986992640	9223372036854771712	0	346968064	9223372036854771712	0	179924992
453	601559040	9223372036854771712	0	298541056	9223372036854771712	0	989171712	9223372036854771712	0	349134848	9223372036854771712	0	163102720
454	605450240	9223372036854771712	0	299286528	9223372036854771712	0	990760960	9223372036854771712	0	345210880	9223372036854771712	0	177115136
455	611790848	9223372036854771712	0	304701440	9223372036854771712	0	994750464	9223372036854771712	0	344530944	9223372036854771712	0	179204096
456	612253696	9223372036854771712	0	303992832	9223372036854771712	0	995270656	9223372036854771712	0	344535040	9223372036854771712	0	174116864
457	619909120	9223372036854771712	0	309202944	9223372036854771712	0	999165952	9223372036854771712	0	315768832	9223372036854771712	0	172937216
458	625487872	9223372036854771712	0	314302464	9223372036854771712	0	998834176	9223372036854771712	0	299307008	9223372036854771712	0	173973504
459	627441664	9223372036854771712	0	316997632	9223372036854771712	0	999645184	9223372036854771712	0	290324480	9223372036854771712	0	192536576
460	635682816	9223372036854771712	0	320811008	9223372036854771712	0	1002504192	9223372036854771712	0	293167104	9223372036854771712	0	174022656
461	636592128	9223372036854771712	0	322682880	9223372036854771712	0	1004101632	9223372036854771712	0	295350272	9223372036854771712	0	169324544
462	639496192	9223372036854771712	0	320806912	9223372036854771712	0	1007419392	9223372036854771712	0	297897984	9223372036854771712	0	174874624
463	650817536	9223372036854771712	0	305176576	9223372036854771712	0	1011294208	9223372036854771712	0	301862912	9223372036854771712	0	163442688
464	648998912	9223372036854771712	0	302780416	9223372036854771712	0	1009004544	9223372036854771712	0	290406400	9223372036854771712	0	171552768
465	652288000	9223372036854771712	0	303849472	9223372036854771712	0	1006415872	9223372036854771712	0	274436096	9223372036854771712	0	177303552
466	653606912	9223372036854771712	0	304578560	9223372036854771712	0	1005596672	9223372036854771712	0	268931072	9223372036854771712	0	169033728
467	653664256	9223372036854771712	0	304799744	9223372036854771712	0	1005596672	9223372036854771712	0	253620224	9223372036854771712	0	182910976
468	658132992	9223372036854771712	0	309264384	9223372036854771712	0	1006837760	9223372036854771712	0	254709760	9223372036854771712	0	948105216
469	664072192	9223372036854771712	0	313290752	9223372036854771712	0	1008545792	9223372036854771712	0	256675840	9223372036854771712	0	2610212864
470	674537472	9223372036854771712	0	317337600	9223372036854771712	0	1011089408	9223372036854771712	0	259432448	9223372036854771712	0	4075114496
471	684703744	9223372036854771712	0	322134016	9223372036854771712	0	1014820864	9223372036854771712	0	263061504	9223372036854771712	0	5733666816
472	696528896	9223372036854771712	0	328974336	9223372036854771712	0	1018519552	9223372036854771712	0	266383360	9223372036854771712	0	7119396864
473	698892288	9223372036854771712	0	334397440	9223372036854771712	0	1020612608	9223372036854771712	0	269418496	9223372036854771712	0	8880369664
474	698892288	9223372036854771712	0	342200320	9223372036854771712	0	1024884736	9223372036854771712	0	273637376	9223372036854771712	0	10362859520
475	698892288	9223372036854771712	0	350371840	9223372036854771712	0	1029332992	9223372036854771712	0	278241280	9223372036854771712	0	11803295744
476	698892288	9223372036854771712	0	358248448	9223372036854771712	0	1033535488	9223372036854771712	0	282406912	9223372036854771712	0	13464821760
477	698892288	9223372036854771712	0	368066560	9223372036854771712	0	1038745600	9223372036854771712	0	287657984	9223372036854771712	0	13982687232
478	699023360	9223372036854771712	0	378105856	9223372036854771712	0	1044082688	9223372036854771712	0	293093376	9223372036854771712	0	13961195520
479	698990592	9223372036854771712	0	388554752	9223372036854771712	0	1049587712	9223372036854771712	0	298459136	9223372036854771712	0	13940305920
480	698990592	9223372036854771712	0	398467072	9223372036854771712	0	1055346688	9223372036854771712	0	303763456	9223372036854771712	0	13918113792
481	698990592	9223372036854771712	0	408915968	9223372036854771712	0	1060847616	9223372036854771712	0	308826112	9223372036854771712	0	13894635520
482	698990592	9223372036854771712	0	419721216	9223372036854771712	0	1066622976	9223372036854771712	0	314396672	9223372036854771712	0	13871288320
483	698990592	9223372036854771712	0	430292992	9223372036854771712	0	1071779840	9223372036854771712	0	319430656	9223372036854771712	0	13849128960
484	698990592	9223372036854771712	0	442261504	9223372036854771712	0	1077342208	9223372036854771712	0	324583424	9223372036854771712	0	13825187840
485	698990592	9223372036854771712	0	452644864	9223372036854771712	0	1082941440	9223372036854771712	0	329756672	9223372036854771712	0	13801918464
486	698990592	9223372036854771712	0	462835712	9223372036854771712	0	1088172032	9223372036854771712	0	335163392	9223372036854771712	0	13778632704
487	698990592	9223372036854771712	0	473763840	9223372036854771712	0	1093799936	9223372036854771712	0	340738048	9223372036854771712	0	13754314752
488	698990592	9223372036854771712	0	484466688	9223372036854771712	0	1099902976	9223372036854771712	0	346660864	9223372036854771712	0	13730418688
489	698990592	9223372036854771712	0	494993408	9223372036854771712	0	1105408000	9223372036854771712	0	351997952	9223372036854771712	0	13704704000
490	699056128	9223372036854771712	0	505831424	9223372036854771712	0	1110999040	9223372036854771712	0	357445632	9223372036854771712	0	13681070080
491	699056128	9223372036854771712	0	517423104	9223372036854771712	0	1117073408	9223372036854771712	0	363245568	9223372036854771712	0	13657243648
492	699056128	9223372036854771712	0	527085568	9223372036854771712	0	1122230272	9223372036854771712	0	368201728	9223372036854771712	0	13635272704
493	699056128	9223372036854771712	0	538329088	9223372036854771712	0	1128095744	9223372036854771712	0	373768192	9223372036854771712	0	13611110400
494	699056128	9223372036854771712	0	550019072	9223372036854771712	0	1133748224	9223372036854771712	0	379076608	9223372036854771712	0	13587636224
495	699056128	9223372036854771712	0	558247936	9223372036854771712	0	1138126848	9223372036854771712	0	383250432	9223372036854771712	0	13570162688
496	699056128	9223372036854771712	0	569716736	9223372036854771712	0	1143967744	9223372036854771712	0	388767744	9223372036854771712	0	13546127360
497	699056128	9223372036854771712	0	578306048	9223372036854771712	0	1147904000	9223372036854771712	0	392261632	9223372036854771712	0	13514702848
498	699056128	9223372036854771712	0	585248768	9223372036854771712	0	1151139840	9223372036854771712	0	395083776	9223372036854771712	0	13497069568
499	699056128	9223372036854771712	0	585732096	9223372036854771712	0	1151377408	9223372036854771712	0	395362304	9223372036854771712	0	13491904512
500	708136960	9223372036854771712	0	594866176	9223372036854771712	0	1155715072	9223372036854771712	0	399319040	9223372036854771712	0	13451730944
501	725692416	9223372036854771712	0	606007296	9223372036854771712	0	1161355264	9223372036854771712	0	404439040	9223372036854771712	0	13409964032
502	749723648	9223372036854771712	0	617668608	9223372036854771712	0	1166700544	9223372036854771712	0	409260032	9223372036854771712	0	13361541120
503	780943360	9223372036854771712	0	629346304	9223372036854771712	0	1172582400	9223372036854771712	0	413933568	9223372036854771712	0	13307236352
504	804593664	9223372036854771712	0	640688128	9223372036854771712	0	1177509888	9223372036854771712	0	418660352	9223372036854771712	0	13259956224
505	824340480	9223372036854771712	0	652029952	9223372036854771712	0	1183039488	9223372036854771712	0	423784448	9223372036854771712	0	13216665600
506	842395648	9223372036854771712	0	662466560	9223372036854771712	0	1187975168	9223372036854771712	0	427851776	9223372036854771712	0	13176291328
507	842395648	9223372036854771712	0	662654976	9223372036854771712	0	1188016128	9223372036854771712	0	427843584	9223372036854771712	0	13175078912
508	843051008	9223372036854771712	0	670527488	9223372036854771712	0	1191886848	9223372036854771712	0	431198208	9223372036854771712	0	13156929536
509	843608064	9223372036854771712	0	681295872	9223372036854771712	0	1197297664	9223372036854771712	0	435884032	9223372036854771712	0	13132800000
510	0	9223372036854771712	0	691249152	9223372036854771712	0	1202192384	9223372036854771712	0	440152064	9223372036854771712	0	13795315712
511	0	9223372036854771712	0	696504320	9223372036854771712	0	1204887552	9223372036854771712	0	442691584	9223372036854771712	0	13776805888
512	0	9223372036854771712	0	700678144	9223372036854771712	0	1205637120	9223372036854771712	0	443363328	9223372036854771712	0	13757284352
513	0	9223372036854771712	0	703209472	9223372036854771712	0	1206456320	9223372036854771712	0	444071936	9223372036854771712	0	13745745920
514	0	9223372036854771712	0	708034560	9223372036854771712	0	1208741888	9223372036854771712	0	446058496	9223372036854771712	0	13732569088
515	0	9223372036854771712	0	718204928	9223372036854771712	0	1214373888	9223372036854771712	0	450859008	9223372036854771712	0	13707456512
516	0	9223372036854771712	0	731140096	9223372036854771712	0	1219313664	9223372036854771712	0	456294400	9223372036854771712	0	13683236864
517	0	9223372036854771712	0	743784448	9223372036854771712	0	1225342976	9223372036854771712	0	461340672	9223372036854771712	0	13657214976
518	0	9223372036854771712	0	756293632	9223372036854771712	0	1231159296	9223372036854771712	0	466288640	9223372036854771712	0	13632675840
519	0	9223372036854771712	0	769445888	9223372036854771712	0	1236762624	9223372036854771712	0	471257088	9223372036854771712	0	13606195200
520	0	9223372036854771712	0	783224832	9223372036854771712	0	1242791936	9223372036854771712	0	476299264	9223372036854771712	0	13578067968
521	0	9223372036854771712	0	796463104	9223372036854771712	0	1248727040	9223372036854771712	0	481406976	9223372036854771712	0	13552279552
522	0	9223372036854771712	0	0	9223372036854771712	0	1255006208	9223372036854771712	0	486232064	9223372036854771712	0	14114828288
523	0	9223372036854771712	0	0	9223372036854771712	0	895406080	9223372036854771712	0	491823104	9223372036854771712	0	14474031104
524	0	9223372036854771712	0	0	9223372036854771712	0	900911104	9223372036854771712	0	497229824	9223372036854771712	0	14460600320
525	0	9223372036854771712	0	0	9223372036854771712	0	904802304	9223372036854771712	0	501010432	9223372036854771712	0	14450814976
526	0	9223372036854771712	0	0	9223372036854771712	0	909447168	9223372036854771712	0	505565184	9223372036854771712	0	14439915520
527	0	9223372036854771712	0	0	9223372036854771712	0	914563072	9223372036854771712	0	510312448	9223372036854771712	0	14428073984
528	0	9223372036854771712	0	0	9223372036854771712	0	917458944	9223372036854771712	0	513110016	9223372036854771712	0	14420676608
529	0	9223372036854771712	0	0	9223372036854771712	0	923406336	9223372036854771712	0	517623808	9223372036854771712	0	14408519680
530	0	9223372036854771712	0	0	9223372036854771712	0	930009088	9223372036854771712	0	523239424	9223372036854771712	0	14392713216
531	0	9223372036854771712	0	0	9223372036854771712	0	935776256	9223372036854771712	0	528429056	9223372036854771712	0	14379745280
532	0	9223372036854771712	0	0	9223372036854771712	0	495116288	9223372036854771712	0	531247104	9223372036854771712	0	14823366656
533	0	9223372036854771712	0	0	9223372036854771712	0	0	9223372036854771712	0	491442176	9223372036854771712	0	15359365120
534	0	9223372036854771712	0	0	9223372036854771712	0	0	9223372036854771712	0	496955392	9223372036854771712	0	15354654720
535	0	9223372036854771712	0	0	9223372036854771712	0	0	9223372036854771712	0	502591488	9223372036854771712	0	15347793920
536	0	9223372036854771712	0	0	9223372036854771712	0	0	9223372036854771712	0	507834368	9223372036854771712	0	15343443968
537	0	9223372036854771712	0	0	9223372036854771712	0	0	9223372036854771712	0	512958464	9223372036854771712	0	15336951808
538	0	9223372036854771712	0	0	9223372036854771712	0	0	9223372036854771712	0	517091328	9223372036854771712	0	15328006144
539	0	9223372036854771712	0	0	9223372036854771712	0	0	9223372036854771712	0	522338304	9223372036854771712	0	15319834624
540	0	9223372036854771712	0	0	9223372036854771712	0	0	9223372036854771712	0	527810560	9223372036854771712	0	15312838656
541	0	9223372036854771712	0	0	9223372036854771712	0	0	9223372036854771712	0	533307392	9223372036854771712	0	15306596352
542	0	9223372036854771712	0	0	9223372036854771712	0	0	9223372036854771712	0	538484736	9223372036854771712	0	15300440064
