1	1090727936	536870912	0	1099145216	536870912	0	975998976	536870912	0	1073954816	536870912	0	162779136
2	1066065920	536870912	291307520	1038942208	536870912	561238016	987373568	536870912	0	1073917952	536870912	0	204668928
3	1052053504	536870912	564740096	1029611520	536870912	687046656	999374848	536870912	0	1034416128	536870912	427728896	215670784
4	1016786944	536870912	1096114176	1006997504	536870912	814718976	1012301824	536870912	0	1038077952	536870912	556941312	216522752
5	1008586752	536870912	1223708672	1008689152	536870912	814718976	1027313664	536870912	0	1007403008	536870912	958681088	218583040
6	1010638848	536870912	1223708672	1011191808	536870912	814718976	925974528	536870912	337063936	1030864896	536870912	958681088	273653760
7	1012596736	536870912	1223708672	1013612544	536870912	814718976	941121536	536870912	337063936	1052119040	536870912	958681088	211558400
8	1000943616	536870912	1467547648	981262336	536870912	1072795648	956026880	536870912	337063936	1006067712	536870912	1499213824	257302528
9	992428032	536870912	1590153216	973201408	536870912	1191190528	973119488	536870912	337063936	993755136	536870912	1746141184	252059648
10	962727936	536870912	1839280128	976510976	536870912	1191190528	995033088	536870912	337063936	990298112	536870912	1980567552	249782272
11	965996544	536870912	1839280128	978984960	536870912	1191190528	796041216	536870912	574984192	1002233856	536870912	2096193536	398888960
12	967462912	536870912	1839280128	979787776	536870912	1191190528	804118528	536870912	574984192	1013481472	536870912	2096193536	342511616
13	969613312	536870912	1839280128	981245952	536870912	1191190528	815935488	536870912	574984192	1010888704	536870912	2266771456	176480256
14	971513856	536870912	1839280128	982446080	536870912	1191190528	829804544	536870912	574984192	990351360	536870912	2670338048	162242560
15	973672448	536870912	1839280128	952913920	536870912	1418670080	847544320	536870912	574984192	962940928	536870912	3189112832	182734848
16	946204672	536870912	2074677248	955760640	536870912	1418670080	866033664	536870912	574984192	972853248	536870912	3302301696	156962816
17	920420352	536870912	2286075904	937959424	536870912	1533493248	881016832	536870912	574984192	936333312	536870912	3862740992	194494464
18	922705920	536870912	2286075904	914067456	536870912	1750884352	897417216	536870912	574984192	933748736	536870912	4081434624	186081280
19	925446144	536870912	2286075904	916520960	536870912	1750884352	916332544	536870912	574984192	905404416	536870912	4502757376	183316480
20	903094272	536870912	2481561600	918409216	536870912	1750884352	855109632	536870912	818012160	924803072	536870912	4502757376	240205824
21	905306112	536870912	2481561600	920109056	536870912	1750884352	866463744	536870912	818012160	940265472	536870912	4502757376	183992320
22	901767168	536870912	2481561600	916946944	536870912	1750884352	880537600	536870912	818012160	928780288	536870912	4714487808	186765312
23	904622080	536870912	2481561600	919158784	536870912	1750884352	895684608	536870912	818012160	916983808	536870912	4922535936	181866496
24	901804032	536870912	2481561600	915480576	536870912	1750884352	913268736	536870912	818012160	910909440	536870912	5144551424	176099328
25	905039872	536870912	2481561600	918142976	536870912	1750884352	910278656	536870912	914120704	909905920	536870912	5264244736	164835328
26	908079104	536870912	2481561600	896270336	536870912	1948311552	878272512	536870912	1090506752	916451328	536870912	5458804736	198098944
27	911142912	536870912	2481561600	899866624	536870912	1948311552	895459328	536870912	1119756288	897482752	536870912	5787639808	196005888
28	914255872	536870912	2481561600	902438912	536870912	1948311552	912986112	536870912	1119756288	908156928	536870912	5875503104	157270016
29	898248704	536870912	2589708288	904392704	536870912	1948311552	872357888	536870912	1334726656	915779584	536870912	5973929984	191725568
30	900546560	536870912	2589708288	890695680	536870912	2046562304	888467456	536870912	1334726656	892088320	536870912	6278864896	204591104
31	902230016	536870912	2589708288	892264448	536870912	2046562304	901169152	536870912	1334726656	908333056	536870912	6278864896	157814784
32	888586240	536870912	2681421824	894484480	536870912	2046562304	899440640	536870912	1431662592	901464064	536870912	6484471808	165011456
33	891879424	536870912	2681421824	876109824	536870912	2228084736	894291968	536870912	1540145152	911314944	536870912	6576697344	167546880
34	895328256	536870912	2681421824	879202304	536870912	2228084736	888750080	536870912	1647333376	885846016	536870912	6878314496	185843712
35	892289024	536870912	2773458944	882339840	536870912	2228084736	883978240	536870912	1756160000	907960320	536870912	6878314496	165441536
36	896061440	536870912	2773458944	885604352	536870912	2228084736	887246848	536870912	1844699136	887066624	536870912	7169277952	163442688
37	868728832	536870912	3045130240	888643584	536870912	2228084736	880730112	536870912	2031996928	871804928	536870912	7447121920	194150400
38	871825408	536870912	3045130240	875544576	536870912	2322817024	885362688	536870912	2126684160	895508480	536870912	7461347328	161120256
39	875024384	536870912	3045130240	862879744	536870912	2413645824	871849984	536870912	2322968576	875757568	536870912	7745232896	185573376
40	862838784	536870912	3138949120	865529856	536870912	2413645824	879550464	536870912	2416250880	871870464	536870912	7934078976	174141440
41	865959936	536870912	3138949120	868294656	536870912	2413645824	877211648	536870912	2526760960	883101696	536870912	8029995008	156983296
42	868229120	536870912	3138949120	879685632	536870912	2413645824	848404480	536870912	2724929536	877977600	536870912	8217124864	166887424
43	820895744	536870912	3555823616	830164992	536870912	2922594304	801873920	536870912	2966089728	828321792	536870912	8651542528	201478144
44	744796160	536870912	4094033920	749527040	536870912	3525287936	721174528	536870912	3306201088	739651584	536870912	9274253312	264876032
45	742326272	536870912	4147089408	757223424	536870912	3588931584	736743424	536870912	3306201088	763965440	536870912	9274253312	213159936
46	746086400	536870912	4147089408	753709056	536870912	3741114368	752541696	536870912	3306201088	758251520	536870912	9460289536	193220608
47	749023232	536870912	4147089408	752820224	536870912	4008206336	753283072	536870912	3370565632	766246912	536870912	9534431232	177041408
48	738967552	536870912	4205973504	759001088	536870912	4184489984	750034944	536870912	3487842304	749715456	536870912	9711824896	192471040
49	741957632	536870912	4205973504	741613568	536870912	4488896512	741781504	536870912	3608207360	746524672	536870912	9828089856	211320832
50	737640448	536870912	4264185856	751878144	536870912	4638695424	724832256	536870912	3736141824	725131264	536870912	10008465408	233144320
51	725540864	536870912	4372439040	743231488	536870912	4867280896	740331520	536870912	3736141824	732299264	536870912	10079412224	222359552
52	728801280	536870912	4372439040	733609984	536870912	5145980928	735670272	536870912	3852988416	742309888	536870912	10143186944	216707072
53	717709312	536870912	4428812288	746356736	536870912	5229735936	737226752	536870912	3963133952	724996096	536870912	10320629760	221700096
54	721616896	536870912	4428812288	737173504	536870912	5450199040	729608192	536870912	4073488384	729706496	536870912	10406473728	219906048
55	725192704	536870912	4428812288	726904832	536870912	5721001984	718319616	536870912	4176433152	718823424	536870912	10603515904	241979392
56	728326144	536870912	4428812288	732762112	536870912	5973925888	720089088	536870912	4238352384	723759104	536870912	10705698816	219590656
57	721072128	536870912	4485496832	715821056	536870912	6368522240	719650816	536870912	4300316672	726425600	536870912	10809077760	231620608
58	718094336	536870912	4485496832	738246656	536870912	6368522240	743690240	536870912	4300316672	754061312	536870912	10809077760	163008512
59	717647872	536870912	4485496832	725585920	536870912	6594756608	741101568	536870912	4424572928	730181632	536870912	11042693120	194949120
60	718200832	536870912	4485496832	731754496	536870912	6594756608	729874432	536870912	4639346688	720953344	536870912	11218956288	197513216
61	722137088	536870912	4485496832	724758528	536870912	6653743104	724377600	536870912	4758220800	747003904	536870912	11219480576	169697280
62	724410368	536870912	4485496832	712814592	536870912	6710972416	724205568	536870912	4783759360	757248000	536870912	11223064576	162242560
63	724410368	536870912	4485496832	712933376	536870912	6710972416	720060416	536870912	4794396672	756715520	536870912	11231842304	166334464
64	724492288	536870912	4485496832	708628480	536870912	6756716544	707112960	536870912	4862021632	712646656	536870912	11458547712	305577984
65	729382912	536870912	4485496832	715165696	536870912	6756716544	729534464	536870912	4862021632	732102656	536870912	11458547712	246370304
66	733671424	536870912	4485496832	721444864	536870912	6756716544	749449216	536870912	4862021632	752693248	536870912	11458547712	190873600
67	737435648	536870912	4485496832	726568960	536870912	6756716544	748863488	536870912	4936437760	728125440	536870912	11642740736	201981952
68	729407488	536870912	4540923904	731521024	536870912	6756716544	721907712	536870912	5100539904	748367872	536870912	11642740736	206848000
69	733712384	536870912	4540923904	737312768	536870912	6756716544	742776832	536870912	5100539904	728977408	536870912	11849543680	190824448
70	726654976	536870912	4601102336	742281216	536870912	6756716544	720908288	536870912	5277974528	742645760	536870912	11879985152	195608576
71	743985152	536870912	4601102336	739688448	536870912	6863147008	745897984	536870912	5277974528	729796608	536870912	11995631616	163643392
72	723709952	536870912	4821897216	728240128	536870912	6970556416	737701888	536870912	5396623360	721801216	536870912	12116131840	198164480
73	731791360	536870912	4870590464	724357120	536870912	7023251456	710639616	536870912	5562114048	733573120	536870912	12119846912	157925376
74	666599424	536870912	5154013184	670601216	536870912	7260733440	665899008	536870912	5787947008	670171136	536870912	12418142208	162283520
75	644415488	536870912	5317320704	641257472	536870912	7401181184	641245184	536870912	5940649984	637677568	536870912	12618129408	180273152
76	635830272	536870912	5401878528	637202432	536870912	7401181184	645935104	536870912	5978054656	656392192	536870912	12618129408	188555264
77	653746176	536870912	5401878528	641642496	536870912	7401181184	642895872	536870912	6044749824	650633216	536870912	12747907072	172621824
78	645427200	536870912	5557190656	645873664	536870912	7401181184	635867136	536870912	6117261312	633905152	536870912	12951613440	191225856
79	638312448	536870912	5707427840	627556352	536870912	7495688192	646615040	536870912	6143647744	637689856	536870912	12997201920	193970176
80	634990592	536870912	5849161728	631529472	536870912	7495688192	626286592	536870912	6289440768	630677504	536870912	13103644672	211484672
81	640024576	536870912	5955170304	630730752	536870912	7523377152	633720832	536870912	6323113984	632070144	536870912	13167169536	189501440
82	643416064	536870912	6028349440	635650048	536870912	7523377152	651378688	536870912	6356430848	640942080	536870912	13206106112	144412672
83	630349824	536870912	6204182528	626540544	536870912	7605891072	635961344	536870912	6474285056	636477440	536870912	13271502848	180359168
84	630796288	536870912	6310301696	629444608	536870912	7629492224	629223424	536870912	6570680320	618594304	536870912	13393821696	193150976
85	632766464	536870912	6388461568	623337472	536870912	7715024896	629063680	536870912	6634364928	627089408	536870912	13429313536	182775808
86	629858304	536870912	6523662336	626659328	536870912	7716663296	623931392	536870912	6702796800	617611264	536870912	13567582208	188776448
87	630661120	536870912	6609813504	629755904	536870912	7739777024	629542912	536870912	6760910848	631033856	536870912	13593092096	157659136
88	624959488	536870912	6622003200	629837824	536870912	7739777024	635752448	536870912	6764503040	638689280	536870912	13593092096	146305024
89	624312320	536870912	6628294656	629837824	536870912	7739777024	635752448	536870912	6764503040	638689280	536870912	13593092096	147083264
90	620326912	536870912	6660816896	630181888	536870912	7739777024	616128512	536870912	6832787456	608133120	536870912	13703680000	295493632
91	641654784	536870912	6660816896	635805696	536870912	7739777024	633769984	536870912	6832787456	627855360	536870912	13703680000	223133696
92	632246272	536870912	6823927808	640368640	536870912	7739777024	643977216	536870912	6865457152	648310784	536870912	13703680000	191496192
93	648679424	536870912	6850428928	644411392	536870912	7739777024	649519104	536870912	6898778112	646569984	536870912	13792882688	160714752
94	651374592	536870912	6910246912	643948544	536870912	7767805952	649646080	536870912	6956818432	646217728	536870912	13856100352	162004992
95	654553088	536870912	7000543232	639135744	536870912	7799128064	641073152	536870912	7051575296	653758464	536870912	13885349888	161800192
96	638607360	536870912	7267512320	628379648	536870912	7879376896	639250432	536870912	7113576448	638066688	536870912	14013366272	199405568
97	636878848	536870912	7486689280	632532992	536870912	7879376896	640679936	536870912	7175974912	631992320	536870912	14112235520	195190784
98	636579840	536870912	7608127488	635486208	536870912	7904325632	635457536	536870912	7235866624	639078400	536870912	14147624960	184983552
99	634589184	536870912	7669911552	636588032	536870912	7954456576	628727808	536870912	7294156800	629243904	536870912	14236426240	198537216
100	627478528	536870912	7760719872	625270784	536870912	8068886528	629702656	536870912	7354212352	628633600	536870912	14317920256	212389888
101	637370368	536870912	7834189824	629985280	536870912	8072982528	632856576	536870912	7414013952	637509632	536870912	14368374784	178647040
102	624361472	536870912	8024813568	634204160	536870912	8072982528	627580928	536870912	7484420096	629903360	536870912	14458204160	194719744
103	631656448	536870912	8075124736	631341056	536870912	8125755392	634114048	536870912	7545221120	629960704	536870912	14535942144	177827840
104	576700416	536870912	8280449024	585019392	536870912	8320901120	576536576	536870912	7704068096	586563584	536870912	14686449664	157339648
105	559546368	536870912	8339759104	555696128	536870912	8397897728	558104576	536870912	7762870272	554020864	536870912	14784716800	161828864
106	553459712	536870912	8418816000	551555072	536870912	8422752256	553512960	536870912	7803555840	553443328	536870912	14818639872	177709056
107	556589056	536870912	8458481664	551571456	536870912	8432250880	551591936	536870912	7846907904	557207552	536870912	14849802240	167239680
108	551862272	536870912	8515342336	548773888	536870912	8436613120	553234432	536870912	7864483840	552341504	536870912	14877126656	186023936
109	554311680	536870912	8568922112	551403520	536870912	8436613120	552271872	536870912	7905431552	551751680	536870912	14915256320	185397248
110	554487808	536870912	8625172480	552628224	536870912	8442888192	553058304	536870912	7938572288	549904384	536870912	14973018112	183209984
111	556879872	536870912	8706936832	553005056	536870912	8447668224	555556864	536870912	7960756224	552910848	536870912	14999498752	174170112
112	549625856	536870912	8758697984	554082304	536870912	8452296704	550121472	536870912	8009404416	555311104	536870912	15031902208	181051392
113	551956480	536870912	8765579264	551100416	536870912	8472408064	552300544	536870912	8039014400	550625280	536870912	15090421760	184995840
114	554876928	536870912	8769974272	554524672	536870912	8472408064	560447488	536870912	8047702016	560783360	536870912	15106322432	159375360
115	555196416	536870912	8783417344	554303488	536870912	8479076352	554831872	536870912	8083783680	552353792	536870912	15163228160	174563328
116	553517056	536870912	8799879168	555200512	536870912	8483504128	551632896	536870912	8122925056	560840704	536870912	15193083904	171413504
117	552878080	536870912	8810573824	549830656	536870912	8504045568	555655168	536870912	8144596992	551153664	536870912	15272611840	185643008
118	553029632	536870912	8820854784	556859392	536870912	8545255424	534618112	536870912	8196661248	555855872	536870912	15310917632	192049152
119	550600704	536870912	8828444672	557506560	536870912	8574713856	549183488	536870912	8196661248	558608384	536870912	15366782976	184934400
120	554360832	536870912	8828444672	556744704	536870912	8598110208	564768768	536870912	8196661248	565043200	536870912	15419346944	164380672
121	558841856	536870912	8828444672	558678016	536870912	8631844864	559013888	536870912	8233172992	554016768	536870912	15497940992	174759936
122	559063040	536870912	8841371648	564359168	536870912	8644104192	553857024	536870912	8269524992	572338176	536870912	15504302080	194375680
123	563040256	536870912	8841371648	567599104	536870912	8711774208	569290752	536870912	8269524992	580526080	536870912	15531847680	161939456
124	566497280	536870912	8841371648	565985280	536870912	8731344896	574386176	536870912	8282664960	564666368	536870912	15646162944	172965888
125	569831424	536870912	8841371648	575258624	536870912	8793481216	571314176	536870912	8306786304	567705600	536870912	15686037504	159506432
126	564609024	536870912	8854413312	565264384	536870912	8934752256	573394944	536870912	8339787776	566239232	536870912	15737294848	185053184
127	560009216	536870912	8878821376	568954880	536870912	9041162240	567840768	536870912	8402145280	566960128	536870912	15795236864	190398464
128	563597312	536870912	8878821376	570986496	536870912	9198800896	566693888	536870912	8438685696	568729600	536870912	15838732288	183488512
129	567066624	536870912	8878821376	568434688	536870912	9364238336	572379136	536870912	8458977280	568283136	536870912	15884517376	178216960
130	569880576	536870912	8878821376	569487360	536870912	9421680640	567115776	536870912	8503771136	564596736	536870912	15931187200	181321728
131	561836032	536870912	8898121728	570089472	536870912	9442271232	573665280	536870912	8560873472	574599168	536870912	15990583296	172867584
132	560087040	536870912	8906031104	566091776	536870912	9523466240	562077696	536870912	8639348736	561537024	536870912	16074878976	194592768
133	556703744	536870912	8926195712	560267264	536870912	9626198016	555130880	536870912	8691933184	562577408	536870912	16118206464	195379200
134	539226112	536870912	8943362048	540651520	536870912	9736687616	548245504	536870912	8733323264	540925952	536870912	16171708416	205320192
135	490762240	536870912	8945844224	498819072	536870912	9745260544	537071616	536870912	8752873472	536494080	536870912	16184852480	177815552
136	490459136	536870912	8945844224	521449472	536870912	9745260544	541483008	536870912	8766828544	541806592	536870912	16199016448	157470720
137	488165376	536870912	8945844224	538202112	536870912	9745702912	544325632	536870912	8778678272	544903168	536870912	16219185152	156164096
138	489402368	536870912	8945844224	549695488	536870912	9765068800	538071040	536870912	8804368384	538652672	536870912	16252559360	159481856
139	490536960	536870912	8945844224	540033024	536870912	9823019008	537448448	536870912	8829812736	541462528	536870912	16277372928	175960064
140	492421120	536870912	8945844224	538546176	536870912	9864609792	540901376	536870912	8846417920	539705344	536870912	16306728960	175996928
141	494239744	536870912	8945844224	537911296	536870912	9897963520	539717632	536870912	8867315712	536641536	536870912	16333684736	181809152
142	495239168	536870912	8945844224	537067520	536870912	9940533248	537071616	536870912	8888823808	537223168	536870912	16355676160	186925056
143	496160768	536870912	8945844224	537874432	536870912	9977942016	537993216	536870912	8904847360	537182208	536870912	16378966016	188055552
144	498806784	536870912	8945844224	537907200	536870912	10029756416	539811840	536870912	8937398272	542502912	536870912	16405270528	180240384
145	502403072	536870912	8945844224	540946432	536870912	10072768512	539111424	536870912	8965402624	538042368	536870912	16442728448	178307072
146	503066624	536870912	8945844224	537309184	536870912	10115530752	536227840	536870912	8983719936	538918912	536870912	16473542656	183377920
147	504578048	536870912	8945844224	542195712	536870912	10144489472	537538560	536870912	9000284160	539004928	536870912	16497852416	178987008
148	505688064	536870912	8945844224	542834688	536870912	10179006464	539156480	536870912	9019379712	543756288	536870912	16523554816	176545792
149	508600320	536870912	8945844224	539607040	536870912	10228387840	540286976	536870912	9039298560	533381120	536870912	16566497280	185503744
150	510586880	536870912	8945844224	539095040	536870912	10269036544	538234880	536870912	9062727680	539074560	536870912	16582942720	180273152
151	511320064	536870912	8945844224	541470720	536870912	10301698048	537169920	536870912	9084059648	541515776	536870912	16611500032	178933760
152	513646592	536870912	8945844224	540463104	536870912	10347716608	539279360	536870912	9099821056	536797184	536870912	16653414400	184020992
153	514891776	536870912	8945844224	538693632	536870912	10390896640	538202112	536870912	9125441536	541630464	536870912	16717705216	184799232
154	518672384	536870912	8945844224	548302848	536870912	10416275456	545845248	536870912	9134501888	546553856	536870912	16748548096	158650368
155	520937472	536870912	8945844224	538705920	536870912	10466803712	543674368	536870912	9162711040	540119040	536870912	16790700032	180809728
156	525197312	536870912	8945844224	536932352	536870912	10479190016	541450240	536870912	9196744704	540348416	536870912	16821178368	175443968
157	527892480	536870912	8945844224	540565504	536870912	10517159936	538648576	536870912	9225756672	541745152	536870912	16854835200	170385408
158	529473536	536870912	8945844224	542945280	536870912	10555719680	542625792	536870912	9244217344	542109696	536870912	16902270976	169873408
159	531697664	536870912	8945844224	544092160	536870912	10599673856	538910720	536870912	9275191296	546308096	536870912	16939233280	168456192
160	533794816	536870912	8945844224	541085696	536870912	10647838720	544067584	536870912	9293594624	540418048	536870912	16988180480	171798528
161	537366528	536870912	8959393792	540938240	536870912	10673127424	536072192	536870912	9337888768	536932352	536870912	17019789312	176836608
162	539561984	536870912	8972959744	537870336	536870912	10684813312	540844032	536870912	9354866688	541814784	536870912	17039482880	171290624
163	543952896	536870912	8980062208	538804224	536870912	10688557056	540966912	536870912	9388695552	546521088	536870912	17061933056	166174720
164	538157056	536870912	8993030144	542044160	536870912	10688557056	542232576	536870912	9414938624	541581312	536870912	17089556480	168841216
165	515743744	536870912	8994705408	489058304	536870912	10697777152	534441984	536870912	9428283392	536391680	536870912	17100460032	171429888
166	496914432	536870912	8994705408	456548352	536870912	10697777152	526028800	536870912	9446662144	515661824	536870912	17132670976	175169536
167	503603200	536870912	8994705408	455618560	536870912	10697777152	540827648	536870912	9446662144	531349504	536870912	17132670976	159100928
168	508596224	536870912	8994705408	449753088	536870912	10697777152	548061184	536870912	9451905024	543215616	536870912	17132670976	171704320
169	508186624	536870912	8994705408	448868352	536870912	10697777152	560902144	536870912	9451905024	557592576	536870912	17132670976	161808384
170	515309568	536870912	8994705408	448421888	536870912	10697777152	556232704	536870912	9499963392	542572544	536870912	17184833536	190291968
171	523784192	536870912	8994705408	453136384	536870912	10697777152	549175296	536870912	9560915968	546394112	536870912	17216876544	178151424
172	529829888	536870912	8994705408	456859648	536870912	10697777152	542756864	536870912	9601863680	540643328	536870912	17249853440	180432896
173	540786688	536870912	9000566784	461352960	536870912	10697777152	538083328	536870912	9642659840	537788416	536870912	17283837952	172654592
174	542515200	536870912	9023447040	463683584	536870912	10697777152	544387072	536870912	9655689216	538464256	536870912	17305186304	168677376
175	549740544	536870912	9037025280	463032320	536870912	10697777152	554598400	536870912	9665802240	547176448	536870912	17314598912	163864576
176	540065792	536870912	9089683456	466690048	536870912	10697777152	538742784	536870912	9717059584	543117312	536870912	17349533696	188264448
177	548536320	536870912	9106501632	470474752	536870912	10697777152	539975680	536870912	9740836864	542294016	536870912	17372844032	173072384
178	541487104	536870912	9154863104	474611712	536870912	10697777152	538050560	536870912	9768751104	538423296	536870912	17402085376	180690944
179	537935872	536870912	9191030784	477876224	536870912	10697777152	536309760	536870912	9797996544	537391104	536870912	17428828160	185729024
180	539467776	536870912	9212456960	480288768	536870912	10697777152	533823488	536870912	9821880320	536117248	536870912	17452847104	185507840
181	542044160	536870912	9234358272	483573760	536870912	10697777152	537759744	536870912	9839919104	536657920	536870912	17478152192	176066560
182	547225600	536870912	9245609984	484294656	536870912	10697777152	548442112	536870912	9846923264	550506496	536870912	17478152192	161558528
183	552026112	536870912	9259413504	481587200	536870912	10697777152	556269568	536870912	9857368064	554164224	536870912	17491628032	179970048
184	561074176	536870912	9273729024	482873344	536870912	10697777152	560680960	536870912	9876193280	565866496	536870912	17500278784	166539264
185	547987456	536870912	9347416064	487247872	536870912	10697777152	550928384	536870912	9919352832	552681472	536870912	17562664960	196902912
186	553807872	536870912	9386729472	491282432	536870912	10697777152	551022592	536870912	9947099136	553631744	536870912	17596370944	184233984
187	548806656	536870912	9441808384	496381952	536870912	10697777152	545333248	536870912	9984831488	546889728	536870912	17643945984	195395584
188	546115584	536870912	9484718080	500490240	536870912	10697777152	545918976	536870912	10010091520	555356160	536870912	17658351616	182681600
189	554164224	536870912	9496117248	510566400	536870912	10697777152	547917824	536870912	10035613696	548700160	536870912	17700585472	181788672
190	548069376	536870912	9555001344	514334720	536870912	10697777152	546000896	536870912	10069737472	549875712	536870912	17727152128	183103488
191	543023104	536870912	9601384448	527908864	536870912	10697777152	536666112	536870912	10109480960	544546816	536870912	17762852864	187412480
192	540274688	536870912	9647452160	541732864	536870912	10697777152	537853952	536870912	10136567808	540721152	536870912	17795108864	177631232
193	546684928	536870912	9664434176	539156480	536870912	10716127232	542130176	536870912	10151600128	540033024	536870912	17818013696	167776256
194	535838720	536870912	9713889280	536862720	536870912	10723139584	537313280	536870912	10182746112	537030656	536870912	17843191808	180428800
195	541757440	536870912	9718321152	544632832	536870912	10735542272	538103808	536870912	10193899520	541691904	536870912	17848889344	585912320
196	552644608	536870912	9718321152	547688448	536870912	10735542272	545697792	536870912	10193899520	551419904	536870912	17848889344	1428164608
197	564469760	536870912	9718321152	551227392	536870912	10735542272	553263104	536870912	10193899520	561627136	536870912	17848889344	2219581440
198	582074368	536870912	9718321152	572973056	536870912	10735542272	566538240	536870912	10193899520	575991808	536870912	17848889344	2279931904
199	603471872	536870912	9718321152	576323584	536870912	10735542272	582520832	536870912	10193899520	591159296	536870912	17848889344	2221121536
200	622616576	536870912	9718321152	596348928	536870912	10735542272	598654976	536870912	10193899520	606666752	536870912	17848889344	2147180544
201	640606208	536870912	9718321152	599359488	536870912	10735542272	614170624	536870912	10193899520	621375488	536870912	17848889344	2093891584
202	657985536	536870912	9718321152	606031872	536870912	10735542272	628379648	536870912	10193899520	634449920	536870912	17848889344	2041536512
203	675753984	536870912	9718321152	615194624	536870912	10735542272	643702784	536870912	10193899520	649162752	536870912	17848889344	1983295488
204	694722560	536870912	9718321152	626454528	536870912	10735542272	659783680	536870912	10193899520	664453120	536870912	17848889344	1918791680
205	713703424	536870912	9718321152	632209408	536870912	10735542272	676683776	536870912	10193899520	357597184	536870912	17848889344	2187636736
206	731684864	536870912	9718321152	641765376	536870912	10735542272	693657600	536870912	10193899520	372244480	536870912	17848889344	2123259904
207	750710784	536870912	9718321152	644616192	536870912	10735542272	709652480	536870912	10193899520	387031040	536870912	17848889344	2065735680
208	769507328	536870912	9718321152	647749632	536870912	10735542272	725913600	536870912	10193899520	401899520	536870912	17848889344	2007068672
209	785289216	536870912	9718321152	650752000	536870912	10735542272	741818368	536870912	10193899520	416047104	536870912	17848889344	1953357824
210	803688448	536870912	9718321152	654061568	536870912	10735542272	758435840	536870912	10193899520	431484928	536870912	17848889344	1894043648
211	820510720	536870912	9718321152	657457152	536870912	10735542272	772993024	536870912	10193899520	445661184	536870912	17848889344	1841569792
212	838164480	536870912	9718321152	660672512	536870912	10735542272	789790720	536870912	10193899520	460873728	536870912	17848889344	1784668160
213	845467648	536870912	9718321152	663871488	536870912	10735542272	803241984	536870912	10193899520	474247168	536870912	17848889344	1743556608
214	848797696	536870912	9718321152	668053504	536870912	10735542272	816967680	536870912	10193899520	490180608	536870912	17848889344	1701023744
