0	0.0	0.0
1	0.0	0.0
2	0.0	0.0
3	616.19	0.44
4	616.19	0.44
5	1220.32	0.89
6	1220.32	0.89
7	1750.75	1.35
8	1750.75	1.35
9	2266.82	1.82
10	2748.49	2.27
11	2748.49	2.27
12	3191.66	2.73
13	3630.93	3.18
14	4037.2	528.77
15	4037.2	528.77
16	4037.2	528.77
17	4037.2	528.77
18	4037.2	528.77
19	4037.2	528.77
20	4037.2	528.77
21	4037.2	528.77
22	4037.2	528.77
23	4037.2	528.77
24	4037.2	528.77
25	4898.99	529.54
26	5289.05	529.86
27	5691.62	530.36
28	6454.14	531.27
29	6811.51	531.71
30	7819.13	533.3
31	8141.18	533.66
32	8746.44	534.53
33	9346.74	535.23
34	9628.32	535.71
35	10149.5	536.5
36	10678.21	536.9
37	10678.21	536.9
38	10808.73	560.2
39	10929.8	560.5
40	11049.65	584.23
41	11441.59	584.54
42	11809.63	585.0
43	11934.77	585.64
44	12904.27	633.79
45	14557.16	661.14
46	15129.47	662.82
47	15510.36	663.97
48	15715.87	664.31
49	16378.98	665.73
50	16747.38	666.73
51	17239.54	668.43
52	17675.0	669.34
53	18421.1	671.04
54	18889.61	671.67
55	19197.48	672.73
56	19197.48	672.73
57	19197.48	672.73
58	19766.6	674.14
59	20596.46	675.34
60	21067.33	676.71
61	21804.39	678.53
62	22453.96	680.37
63	23235.67	682.15
64	24008.08	686.18
65	24558.15	688.14
66	25448.39	690.29
67	25788.77	690.89
68	26314.71	691.88
69	26888.1	692.9
70	27673.88	694.97
71	28018.91	696.1
72	28372.11	697.13
73	28372.11	697.49
74	28372.11	697.49
75	28460.03	697.49
76	29073.34	698.35
77	29806.81	701.13
78	31266.89	717.13
79	31540.13	718.14
80	31950.69	719.16
81	32496.94	720.57
82	32880.5	721.53
83	33551.42	723.37
84	34014.38	724.66
85	34520.41	725.96
86	34882.6	726.97
87	35491.76	728.63
88	35738.23	729.31
89	36101.79	730.38
90	36584.96	731.77
91	37052.55	733.16
92	37052.55	733.16
93	37052.55	733.16
94	37475.54	734.93
95	37994.79	737.12
96	38245.41	737.84
97	38640.29	739.02
98	39402.7	741.19
99	39521.52	741.49
100	39715.18	742.04
101	40170.21	743.75
102	40170.21	743.75
103	40426.82	744.91
104	40803.23	746.3
105	41068.2	747.49
106	41451.1	748.49
107	42374.26	753.09
108	44092.66	766.25
109	44351.69	769.72
110	44604.68	771.0
111	44791.89	772.01
112	45093.27	773.62
113	45371.15	774.89
114	45620.9	776.19
115	45838.45	777.41
116	46068.29	778.69
117	46347.11	780.36
118	46609.45	782.02
119	46714.44	782.33
120	46907.5	783.29
121	47176.53	784.5
122	47239.23	784.84
123	47454.57	787.33
124	47675.35	789.76
125	47825.07	790.79
126	48042.35	792.44
127	48328.89	794.54
128	48328.89	794.54
129	48557.97	796.17
130	48777.71	797.8
131	48995.66	799.21
132	49336.74	802.22
133	49645.89	803.82
134	49900.74	805.13
135	50196.13	806.38
136	50427.78	807.75
137	50626.72	808.7
138	51390.12	833.08
139	52353.38	866.61
140	52546.25	895.6
141	52752.29	902.23
142	52994.55	906.18
143	53214.89	909.75
144	53429.63	913.41
145	53652.17	917.68
146	53825.73	924.9
147	54002.79	930.38
148	54132.21	934.34
149	54345.8	942.4
150	54475.91	948.55
151	54614.12	953.95
152	54771.18	960.55
153	55021.72	975.84
154	55245.69	992.33
155	55588.32	998.54
156	55803.97	1002.91
157	55934.79	1036.14
158	56162.18	1041.27
159	56344.73	1044.5
160	56453.03	1049.87
161	56605.96	1052.65
162	56863.41	1062.9
163	57131.07	1077.09
164	57405.86	1095.12
165	57708.84	1101.64
166	57880.84	1106.47
167	58143.77	1124.2
168	58307.85	1188.72
169	58420.43	1405.97
170	58433.57	1563.63
171	58438.34	1581.62
172	58465.76	1625.43
173	58519.2	1662.98
174	58559.0	1715.61
175	58608.77	1768.35
176	58707.29	1784.75
177	58820.25	1803.58
178	58933.98	1818.59
179	59010.5	1832.8
180	59120.13	1843.02
181	59170.8	1850.23
182	59280.61	1864.63
183	59364.09	1871.77
184	59428.89	1877.74
185	59518.86	1881.53
186	59602.14	1889.55
187	59656.26	1902.85
188	59699.59	1931.7
189	59777.86	1934.13
190	59857.14	1936.01
191	59963.79	1941.42
192	60040.01	1949.91
193	60084.06	1957.42
194	60155.02	1960.08
195	60225.2	1968.45
196	60302.03	1980.61
197	60396.81	1986.21
198	60465.14	1994.57
199	60465.14	1994.57
200	60465.14	1994.57
201	60465.14	1994.57
202	60465.14	1994.57
203	60465.14	1994.57
204	60465.14	1994.57
205	60465.14	1994.57
206	60465.14	1994.57
207	60465.14	1994.57
208	60465.14	1994.57
209	60465.14	1994.57
210	60465.14	1994.57
211	60465.14	1994.57
212	60465.14	1994.57
213	60465.14	1994.57
214	60465.14	1994.57
215	60465.14	1994.57
216	60465.14	1994.57
217	60465.14	1994.57
218	60465.14	1994.57
219	60465.14	1994.57
220	60465.14	1994.57
221	60465.14	1994.57
222	60465.14	1994.57
223	60465.14	1994.57
224	60465.14	1994.57
225	60465.14	1994.57
226	60465.14	1994.57
227	60465.14	1994.57
228	60465.14	1994.57
229	60465.14	1994.57
230	60465.14	1994.57
231	60465.14	1994.57
232	60465.14	1994.57
233	60465.14	1994.57
234	60465.14	1994.57
235	60465.14	1994.57
236	60465.14	1994.57
237	60465.14	1994.57
238	60465.14	1994.57
239	60465.14	1994.57
240	60465.14	1994.57
241	60465.14	1994.57
242	60465.14	1994.57
243	60465.14	1994.57
244	60465.14	1994.57
245	60465.14	1994.57
246	60465.14	1994.57
247	60465.14	1994.57
248	60465.14	1994.57
249	60465.14	1994.57
250	60465.14	1994.57
251	60465.14	1994.57
252	60465.14	1994.57
253	60465.14	1994.57
254	60465.14	1994.57
255	60465.14	1994.57
256	60465.14	1994.57
257	60465.14	1994.57
258	60465.14	1994.57
259	60465.14	1994.57
260	60465.14	1994.57
261	60465.14	1994.57
262	60465.14	1994.57
263	60465.14	1994.57
264	60465.14	1994.57
265	60465.14	1994.57
266	60465.14	1994.57
267	60465.14	1994.57
268	60465.14	1994.57
269	60465.14	1994.57
270	60465.14	1994.57
271	60465.14	1994.57
272	60465.14	1994.57
273	60465.14	1994.57
274	60465.14	1994.57
275	60465.14	1994.57
276	60465.14	1994.57
277	60465.14	1994.57
278	60465.14	1994.57
279	60465.14	1994.57
280	60465.14	1994.57
281	60465.14	1994.57
282	60465.14	1994.57
283	60465.14	1994.57
284	60465.14	1994.57
285	60465.14	1994.57
286	60465.14	1994.57
287	60465.14	1994.57
288	60465.14	1994.57
289	60465.14	1994.57
290	60465.14	1994.57
291	60465.14	1994.57
292	60465.14	1994.57
293	60465.14	1994.57
294	60465.14	1994.57
295	60465.14	1994.57
296	60465.14	1994.57
297	60465.14	1994.57
298	60465.14	1994.57
299	60465.14	1994.57
300	60465.14	1994.57
301	60465.14	1994.57
302	60465.14	1994.57
303	60465.14	1994.57
304	60465.14	1994.57
305	60465.14	1994.57
306	60465.14	1994.57
307	60465.14	1994.57
308	60465.14	1994.57
309	60465.14	1994.57
310	60465.14	1994.57
311	60465.14	1994.57
312	60465.14	1994.57
313	60465.14	1994.57
314	60465.14	1994.57
315	60465.14	1994.57
316	60465.14	1994.57
317	60465.14	1994.57
318	60465.14	1994.57
319	60465.14	1994.57
