1	2064982016	9223372036854771712	0	3609522176	9223372036854771712	0	6860800	9223372036854771712	0	7077888	9223372036854771712	0	4451880960
2	2064982016	9223372036854771712	0	3609522176	9223372036854771712	0	6860800	9223372036854771712	0	7077888	9223372036854771712	0	4451651584
3	2065346560	9223372036854771712	0	3609653248	9223372036854771712	0	6860800	9223372036854771712	0	7077888	9223372036854771712	0	4451450880
4	2065870848	9223372036854771712	0	3609939968	9223372036854771712	0	6860800	9223372036854771712	0	7077888	9223372036854771712	0	4450222080
5	2066362368	9223372036854771712	0	3610333184	9223372036854771712	0	6860800	9223372036854771712	0	7077888	9223372036854771712	0	4449910784
6	2067103744	9223372036854771712	0	3610841088	9223372036854771712	0	6860800	9223372036854771712	0	7077888	9223372036854771712	0	4448468992
7	2067918848	9223372036854771712	0	3611688960	9223372036854771712	0	6860800	9223372036854771712	0	7077888	9223372036854771712	0	4446326784
8	2068824064	9223372036854771712	0	3612438528	9223372036854771712	0	6860800	9223372036854771712	0	7077888	9223372036854771712	0	4444876800
9	2069749760	9223372036854771712	0	3613278208	9223372036854771712	0	6860800	9223372036854771712	0	7077888	9223372036854771712	0	4443492352
10	2070786048	9223372036854771712	0	3614261248	9223372036854771712	0	6860800	9223372036854771712	0	7077888	9223372036854771712	0	4441800704
11	2071867392	9223372036854771712	0	3615100928	9223372036854771712	0	6860800	9223372036854771712	0	7077888	9223372036854771712	0	4438949888
12	2081546240	9223372036854771712	0	3616198656	9223372036854771712	0	6860800	9223372036854771712	0	7077888	9223372036854771712	0	4428341248
13	2082627584	9223372036854771712	0	3617329152	9223372036854771712	0	6860800	9223372036854771712	0	7077888	9223372036854771712	0	4426055680
14	2091175936	9223372036854771712	0	3618279424	9223372036854771712	0	6860800	9223372036854771712	0	7077888	9223372036854771712	0	4417368064
15	2092212224	9223372036854771712	0	3619143680	9223372036854771712	0	6860800	9223372036854771712	0	7077888	9223372036854771712	0	4415356928
16	2093461504	9223372036854771712	0	3620298752	9223372036854771712	0	6860800	9223372036854771712	0	7077888	9223372036854771712	0	4412444672
17	2094628864	9223372036854771712	0	3621203968	9223372036854771712	0	6860800	9223372036854771712	0	7077888	9223372036854771712	0	4410601472
18	2095796224	9223372036854771712	0	3622502400	9223372036854771712	0	6860800	9223372036854771712	0	7077888	9223372036854771712	0	4407083008
19	2096963584	9223372036854771712	0	3623555072	9223372036854771712	0	6860800	9223372036854771712	0	7077888	9223372036854771712	0	4404150272
20	2098130944	9223372036854771712	0	3624763392	9223372036854771712	0	6860800	9223372036854771712	0	7077888	9223372036854771712	0	4401938432
21	2099302400	9223372036854771712	0	3625811968	9223372036854771712	0	6860800	9223372036854771712	0	7077888	9223372036854771712	0	4399685632
22	2100469760	9223372036854771712	0	3626864640	9223372036854771712	0	6860800	9223372036854771712	0	7077888	9223372036854771712	0	4396994560
23	2102030336	9223372036854771712	0	3628503040	9223372036854771712	0	6860800	9223372036854771712	0	7077888	9223372036854771712	0	4395347968
24	2103066624	9223372036854771712	0	3629510656	9223372036854771712	0	6860800	9223372036854771712	0	7077888	9223372036854771712	0	4391964672
25	2104582144	9223372036854771712	0	3630784512	9223372036854771712	0	6860800	9223372036854771712	0	7077888	9223372036854771712	0	4389707776
26	2105880576	9223372036854771712	0	3632111616	9223372036854771712	0	6860800	9223372036854771712	0	7077888	9223372036854771712	0	4387495936
27	2107310080	9223372036854771712	0	3633246208	9223372036854771712	0	6860800	9223372036854771712	0	7077888	9223372036854771712	0	4384505856
28	2108870656	9223372036854771712	0	3634728960	9223372036854771712	0	6860800	9223372036854771712	0	7077888	9223372036854771712	0	4381245440
29	2110169088	9223372036854771712	0	3635892224	9223372036854771712	0	6860800	9223372036854771712	0	7077888	9223372036854771712	0	4378906624
30	2111283200	9223372036854771712	0	3637071872	9223372036854771712	0	6860800	9223372036854771712	0	7077888	9223372036854771712	0	4376354816
31	2112319488	9223372036854771712	0	3638083584	9223372036854771712	0	6860800	9223372036854771712	0	7077888	9223372036854771712	0	4373794816
32	2113626112	9223372036854771712	0	3639382016	9223372036854771712	0	6860800	9223372036854771712	0	7077888	9223372036854771712	0	4370763776
33	2114637824	9223372036854771712	0	3640446976	9223372036854771712	0	6860800	9223372036854771712	0	7077888	9223372036854771712	0	4369428480
34	2115842048	9223372036854771712	0	3641876480	9223372036854771712	0	6860800	9223372036854771712	0	7077888	9223372036854771712	0	4366303232
35	2117009408	9223372036854771712	0	3642916864	9223372036854771712	0	6860800	9223372036854771712	0	7077888	9223372036854771712	0	4364550144
36	2118258688	9223372036854771712	0	3643973632	9223372036854771712	0	6860800	9223372036854771712	0	7077888	9223372036854771712	0	4362018816
37	2120605696	9223372036854771712	0	3645272064	9223372036854771712	0	6860800	9223372036854771712	0	7077888	9223372036854771712	0	4357541888
38	2121830400	9223372036854771712	0	3646525440	9223372036854771712	0	6860800	9223372036854771712	0	7077888	9223372036854771712	0	4355190784
39	2123128832	9223372036854771712	0	3647692800	9223372036854771712	0	6860800	9223372036854771712	0	7077888	9223372036854771712	0	4353634304
40	2124296192	9223372036854771712	0	3648860160	9223372036854771712	0	6860800	9223372036854771712	0	7077888	9223372036854771712	0	4351574016
41	2125516800	9223372036854771712	0	3650121728	9223372036854771712	0	6860800	9223372036854771712	0	7077888	9223372036854771712	0	4349132800
42	2126741504	9223372036854771712	0	3651305472	9223372036854771712	0	6860800	9223372036854771712	0	7077888	9223372036854771712	0	4346785792
43	2128171008	9223372036854771712	0	3652829184	9223372036854771712	0	6860800	9223372036854771712	0	7077888	9223372036854771712	0	4342497280
44	2129469440	9223372036854771712	0	3654086656	9223372036854771712	0	6860800	9223372036854771712	0	7077888	9223372036854771712	0	4340703232
45	2130620416	9223372036854771712	0	3655266304	9223372036854771712	0	6860800	9223372036854771712	0	7077888	9223372036854771712	0	4338704384
46	2131918848	9223372036854771712	0	3656425472	9223372036854771712	0	6860800	9223372036854771712	0	7077888	9223372036854771712	0	4335845376
47	2133086208	9223372036854771712	0	3657809920	9223372036854771712	0	6860800	9223372036854771712	0	7077888	9223372036854771712	0	4332793856
48	2134523904	9223372036854771712	0	3659108352	9223372036854771712	0	6860800	9223372036854771712	0	7077888	9223372036854771712	0	4329594880
49	2135822336	9223372036854771712	0	3660464128	9223372036854771712	0	6860800	9223372036854771712	0	7077888	9223372036854771712	0	4327333888
50	2137104384	9223372036854771712	0	3661778944	9223372036854771712	0	6860800	9223372036854771712	0	7077888	9223372036854771712	0	4324605952
51	2138484736	9223372036854771712	0	3663077376	9223372036854771712	0	6860800	9223372036854771712	0	7077888	9223372036854771712	0	4322283520
52	2139820032	9223372036854771712	0	3664371712	9223372036854771712	0	6860800	9223372036854771712	0	7077888	9223372036854771712	0	4319649792
53	2141020160	9223372036854771712	0	3665563648	9223372036854771712	0	6860800	9223372036854771712	0	7077888	9223372036854771712	0	4317265920
54	2142449664	9223372036854771712	0	3666837504	9223372036854771712	0	6860800	9223372036854771712	0	7077888	9223372036854771712	0	4315185152
55	2144272384	9223372036854771712	0	3668004864	9223372036854771712	0	6860800	9223372036854771712	0	7077888	9223372036854771712	0	4312395776
56	2146357248	9223372036854771712	0	3669356544	9223372036854771712	0	6860800	9223372036854771712	0	7077888	9223372036854771712	0	4308426752
57	2147438592	9223372036854771712	0	3670540288	9223372036854771712	0	6860800	9223372036854771712	0	7077888	9223372036854771712	0	4305854464
58	2147438592	9223372036854771712	0	3671674880	9223372036854771712	0	6860800	9223372036854771712	0	7077888	9223372036854771712	0	4303503360
59	2147442688	9223372036854771712	0	3672883200	9223372036854771712	0	6860800	9223372036854771712	0	7077888	9223372036854771712	0	4302589952
60	2147438592	9223372036854771712	0	3674214400	9223372036854771712	0	6860800	9223372036854771712	0	7077888	9223372036854771712	0	4302811136
61	2147438592	9223372036854771712	0	3675451392	9223372036854771712	0	6860800	9223372036854771712	0	7077888	9223372036854771712	0	4301451264
62	2147438592	9223372036854771712	0	3676880896	9223372036854771712	0	6860800	9223372036854771712	0	7077888	9223372036854771712	0	4298436608
63	2147438592	9223372036854771712	0	3678294016	9223372036854771712	0	6860800	9223372036854771712	0	7077888	9223372036854771712	0	4298928128
64	2147438592	9223372036854771712	0	3679576064	9223372036854771712	0	6860800	9223372036854771712	0	7077888	9223372036854771712	0	4297469952
65	2147438592	9223372036854771712	0	3680657408	9223372036854771712	0	6860800	9223372036854771712	0	7077888	9223372036854771712	0	4295897088
66	2147438592	9223372036854771712	0	3682050048	9223372036854771712	0	6860800	9223372036854771712	0	7077888	9223372036854771712	0	4294901760
67	2147373056	9223372036854771712	0	3683295232	9223372036854771712	0	6860800	9223372036854771712	0	7077888	9223372036854771712	0	4293955584
68	2147438592	9223372036854771712	0	3684392960	9223372036854771712	0	6860800	9223372036854771712	0	7077888	9223372036854771712	0	4292554752
69	2147483648	9223372036854771712	0	3685662720	9223372036854771712	0	6860800	9223372036854771712	0	7077888	9223372036854771712	0	4290105344
70	2147479552	9223372036854771712	0	3686961152	9223372036854771712	0	6860800	9223372036854771712	0	7077888	9223372036854771712	0	4289507328
71	2147471360	9223372036854771712	0	3688095744	9223372036854771712	0	6860800	9223372036854771712	0	7077888	9223372036854771712	0	4287725568
72	2147438592	9223372036854771712	0	3689205760	9223372036854771712	0	6860800	9223372036854771712	0	7077888	9223372036854771712	0	4287283200
73	2147483648	9223372036854771712	0	3690680320	9223372036854771712	0	6860800	9223372036854771712	0	7077888	9223372036854771712	0	4286144512
74	2147446784	9223372036854771712	0	3691765760	9223372036854771712	0	6860800	9223372036854771712	0	7077888	9223372036854771712	0	4283875328
75	2147471360	9223372036854771712	0	3693346816	9223372036854771712	0	6860800	9223372036854771712	0	7077888	9223372036854771712	0	4282167296
76	2147438592	9223372036854771712	0	3694764032	9223372036854771712	0	6860800	9223372036854771712	0	7077888	9223372036854771712	0	4281430016
77	2147438592	9223372036854771712	0	3710562304	9223372036854771712	0	6860800	9223372036854771712	0	7077888	9223372036854771712	0	4265807872
78	2147438592	9223372036854771712	0	3738046464	9223372036854771712	0	6860800	9223372036854771712	0	7077888	9223372036854771712	0	4236222464
79	2147438592	9223372036854771712	0	3738914816	9223372036854771712	0	6860800	9223372036854771712	0	7077888	9223372036854771712	0	4235526144
80	2147438592	9223372036854771712	0	3740049408	9223372036854771712	0	6860800	9223372036854771712	0	7077888	9223372036854771712	0	4233609216
81	2147438592	9223372036854771712	0	3741270016	9223372036854771712	0	6860800	9223372036854771712	0	7077888	9223372036854771712	0	4232708096
82	2147438592	9223372036854771712	0	3742457856	9223372036854771712	0	6860800	9223372036854771712	0	7077888	9223372036854771712	0	4231299072
83	2147438592	9223372036854771712	0	3743608832	9223372036854771712	0	6860800	9223372036854771712	0	7077888	9223372036854771712	0	4230864896
84	2147438592	9223372036854771712	0	3746783232	9223372036854771712	0	6860800	9223372036854771712	0	7077888	9223372036854771712	0	4226109440
85	2147438592	9223372036854771712	0	3747991552	9223372036854771712	0	6860800	9223372036854771712	0	7077888	9223372036854771712	0	4225069056
86	2147438592	9223372036854771712	0	3749330944	9223372036854771712	0	6860800	9223372036854771712	0	7077888	9223372036854771712	0	4224389120
87	2147446784	9223372036854771712	0	3646222336	9223372036854771712	0	6860800	9223372036854771712	0	7077888	9223372036854771712	0	4326830080
88	2147438592	9223372036854771712	0	3647684608	9223372036854771712	0	6860800	9223372036854771712	0	7077888	9223372036854771712	0	4326129664
89	2147450880	9223372036854771712	0	3649003520	9223372036854771712	0	6860800	9223372036854771712	0	7077888	9223372036854771712	0	4324896768
90	2147438592	9223372036854771712	0	3650437120	9223372036854771712	0	6860800	9223372036854771712	0	7077888	9223372036854771712	0	4323487744
91	2147475456	9223372036854771712	0	3651690496	9223372036854771712	0	6860800	9223372036854771712	0	7077888	9223372036854771712	0	4323241984
92	2147438592	9223372036854771712	0	3653197824	9223372036854771712	0	6860800	9223372036854771712	0	7077888	9223372036854771712	0	4321681408
93	2147438592	9223372036854771712	0	3654582272	9223372036854771712	0	6860800	9223372036854771712	0	7077888	9223372036854771712	0	4319268864
94	2147475456	9223372036854771712	0	3657584640	9223372036854771712	0	6860800	9223372036854771712	0	7077888	9223372036854771712	0	4308148224
95	2147438592	9223372036854771712	0	3658870784	9223372036854771712	0	6860800	9223372036854771712	0	7077888	9223372036854771712	0	4305743872
96	2147438592	9223372036854771712	0	3660308480	9223372036854771712	0	6860800	9223372036854771712	0	7077888	9223372036854771712	0	4304764928
97	2147438592	9223372036854771712	0	3661750272	9223372036854771712	0	6860800	9223372036854771712	0	7077888	9223372036854771712	0	4303781888
98	2043703296	9223372036854771712	0	3663114240	9223372036854771712	0	6860800	9223372036854771712	0	7077888	9223372036854771712	0	4407652352
99	2045153280	9223372036854771712	0	3664453632	9223372036854771712	0	6860800	9223372036854771712	0	7077888	9223372036854771712	0	4404400128
100	2046582784	9223372036854771712	0	3665760256	9223372036854771712	0	6860800	9223372036854771712	0	7077888	9223372036854771712	0	4401930240
101	2047864832	9223372036854771712	0	3666907136	9223372036854771712	0	6860800	9223372036854771712	0	7077888	9223372036854771712	0	4399042560
102	2049290240	9223372036854771712	0	3668254720	9223372036854771712	0	6860800	9223372036854771712	0	7077888	9223372036854771712	0	4396728320
103	2050629632	9223372036854771712	0	3669561344	9223372036854771712	0	6860800	9223372036854771712	0	7077888	9223372036854771712	0	4394921984
104	2052059136	9223372036854771712	0	3672956928	9223372036854771712	0	6860800	9223372036854771712	0	7077888	9223372036854771712	0	4389371904
105	2053357568	9223372036854771712	0	3674492928	9223372036854771712	0	6860800	9223372036854771712	0	7077888	9223372036854771712	0	4385599488
106	2054656000	9223372036854771712	0	3675910144	9223372036854771712	0	6860800	9223372036854771712	0	7077888	9223372036854771712	0	4383031296
107	2056151040	9223372036854771712	0	3677208576	9223372036854771712	0	6860800	9223372036854771712	0	7077888	9223372036854771712	0	4379566080
108	2063155200	9223372036854771712	0	3678539776	9223372036854771712	0	6860800	9223372036854771712	0	7077888	9223372036854771712	0	4372238336
109	2065108992	9223372036854771712	0	3679817728	9223372036854771712	0	6860800	9223372036854771712	0	7077888	9223372036854771712	0	4368547840
110	2066522112	9223372036854771712	0	3681259520	9223372036854771712	0	6860800	9223372036854771712	0	7077888	9223372036854771712	0	4366553088
111	2067951616	9223372036854771712	0	3682816000	9223372036854771712	0	6860800	9223372036854771712	0	7077888	9223372036854771712	0	4363796480
112	2069229568	9223372036854771712	0	3684139008	9223372036854771712	0	6860800	9223372036854771712	0	7077888	9223372036854771712	0	4360093696
113	2070507520	9223372036854771712	0	3685548032	9223372036854771712	0	6860800	9223372036854771712	0	7077888	9223372036854771712	0	4357410816
114	2071863296	9223372036854771712	0	3689033728	9223372036854771712	0	6860800	9223372036854771712	0	7077888	9223372036854771712	0	4351897600
115	2074484736	9223372036854771712	0	3690201088	9223372036854771712	0	6860800	9223372036854771712	0	7077888	9223372036854771712	0	4348891136
116	2081636352	9223372036854771712	0	3691536384	9223372036854771712	0	6860800	9223372036854771712	0	7077888	9223372036854771712	0	4340436992
117	2083196928	9223372036854771712	0	3692900352	9223372036854771712	0	6860800	9223372036854771712	0	7077888	9223372036854771712	0	4337778688
118	2084626432	9223372036854771712	0	3694247936	9223372036854771712	0	6860800	9223372036854771712	0	7077888	9223372036854771712	0	4335558656
119	2085990400	9223372036854771712	0	3695628288	9223372036854771712	0	6860800	9223372036854771712	0	7077888	9223372036854771712	0	4333338624
120	2087682048	9223372036854771712	0	3697176576	9223372036854771712	0	6860800	9223372036854771712	0	7077888	9223372036854771712	0	4329549824
121	2088980480	9223372036854771712	0	3698475008	9223372036854771712	0	6860800	9223372036854771712	0	7077888	9223372036854771712	0	4327460864
122	2090389504	9223372036854771712	0	3699937280	9223372036854771712	0	6860800	9223372036854771712	0	7077888	9223372036854771712	0	4324696064
123	2091819008	9223372036854771712	0	3701321728	9223372036854771712	0	6860800	9223372036854771712	0	7077888	9223372036854771712	0	4321222656
124	2093166592	9223372036854771712	0	3703795712	9223372036854771712	0	6860800	9223372036854771712	0	7077888	9223372036854771712	0	4316549120
125	2094465024	9223372036854771712	0	3704991744	9223372036854771712	0	6860800	9223372036854771712	0	7077888	9223372036854771712	0	4314488832
126	2095411200	9223372036854771712	0	3705946112	9223372036854771712	0	6860800	9223372036854771712	0	7077888	9223372036854771712	0	4312616960
127	2096840704	9223372036854771712	0	3707269120	9223372036854771712	0	6860800	9223372036854771712	0	7077888	9223372036854771712	0	4311101440
128	2098208768	9223372036854771712	0	3708612608	9223372036854771712	0	6860800	9223372036854771712	0	7077888	9223372036854771712	0	4307791872
129	2099625984	9223372036854771712	0	3709923328	9223372036854771712	0	6860800	9223372036854771712	0	7077888	9223372036854771712	0	4304433152
130	2100981760	9223372036854771712	0	3711344640	9223372036854771712	0	6860800	9223372036854771712	0	7077888	9223372036854771712	0	4300324864
131	2102411264	9223372036854771712	0	3712708608	9223372036854771712	0	6860800	9223372036854771712	0	7077888	9223372036854771712	0	4297158656
132	2103689216	9223372036854771712	0	3714240512	9223372036854771712	0	6860800	9223372036854771712	0	7077888	9223372036854771712	0	4294750208
133	2105249792	9223372036854771712	0	3715620864	9223372036854771712	0	6860800	9223372036854771712	0	7077888	9223372036854771712	0	4291956736
134	2106417152	9223372036854771712	0	3717009408	9223372036854771712	0	6860800	9223372036854771712	0	7077888	9223372036854771712	0	4288278528
135	2107846656	9223372036854771712	0	3718328320	9223372036854771712	0	6860800	9223372036854771712	0	7077888	9223372036854771712	0	4286640128
136	2109407232	9223372036854771712	0	3719888896	9223372036854771712	0	6860800	9223372036854771712	0	7077888	9223372036854771712	0	4283506688
137	2110705664	9223372036854771712	0	3721261056	9223372036854771712	0	6860800	9223372036854771712	0	7077888	9223372036854771712	0	4281360384
138	2112135168	9223372036854771712	0	3722563584	9223372036854771712	0	6860800	9223372036854771712	0	7077888	9223372036854771712	0	4277932032
139	2113564672	9223372036854771712	0	3724124160	9223372036854771712	0	6860800	9223372036854771712	0	7077888	9223372036854771712	0	4276310016
140	2114945024	9223372036854771712	0	3725479936	9223372036854771712	0	6860800	9223372036854771712	0	7077888	9223372036854771712	0	4272525312
141	2116108288	9223372036854771712	0	3726569472	9223372036854771712	0	6860800	9223372036854771712	0	7077888	9223372036854771712	0	4270346240
142	2117402624	9223372036854771712	0	3727998976	9223372036854771712	0	6860800	9223372036854771712	0	7077888	9223372036854771712	0	4267249664
143	2118701056	9223372036854771712	0	3729084416	9223372036854771712	0	6860800	9223372036854771712	0	7077888	9223372036854771712	0	4265168896
144	2119843840	9223372036854771712	0	3730472960	9223372036854771712	0	6860800	9223372036854771712	0	7077888	9223372036854771712	0	4263022592
145	2120884224	9223372036854771712	0	3731595264	9223372036854771712	0	6860800	9223372036854771712	0	7077888	9223372036854771712	0	4259885056
146	2122014720	9223372036854771712	0	3732725760	9223372036854771712	0	6860800	9223372036854771712	0	7077888	9223372036854771712	0	4258840576
147	2124439552	9223372036854771712	0	3734245376	9223372036854771712	0	6860800	9223372036854771712	0	7077888	9223372036854771712	0	4255178752
148	2127077376	9223372036854771712	0	3736211456	9223372036854771712	0	6860800	9223372036854771712	0	7077888	9223372036854771712	0	4249694208
149	2129735680	9223372036854771712	0	3757813760	9223372036854771712	0	6860800	9223372036854771712	0	7077888	9223372036854771712	0	4224864256
150	2132680704	9223372036854771712	0	3815100416	9223372036854771712	0	6860800	9223372036854771712	0	7077888	9223372036854771712	0	4163190784
151	2133655552	9223372036854771712	0	3837292544	9223372036854771712	0	6860800	9223372036854771712	0	7077888	9223372036854771712	0	4139905024
152	2135474176	9223372036854771712	0	3838222336	9223372036854771712	0	6860800	9223372036854771712	0	7077888	9223372036854771712	0	4136484864
153	2137825280	9223372036854771712	0	3839668224	9223372036854771712	0	6860800	9223372036854771712	0	7077888	9223372036854771712	0	4134469632
154	2140037120	9223372036854771712	0	3840921600	9223372036854771712	0	6860800	9223372036854771712	0	7077888	9223372036854771712	0	4130258944
155	2142158848	9223372036854771712	0	3842248704	9223372036854771712	0	6860800	9223372036854771712	0	7077888	9223372036854771712	0	4126486528
156	2144636928	9223372036854771712	0	3843690496	9223372036854771712	0	6860800	9223372036854771712	0	7077888	9223372036854771712	0	4122091520
157	2146983936	9223372036854771712	0	3845251072	9223372036854771712	0	6860800	9223372036854771712	0	7077888	9223372036854771712	0	4118118400
158	2147463168	9223372036854771712	0	3846504448	9223372036854771712	0	6860800	9223372036854771712	0	7077888	9223372036854771712	0	4115705856
159	2147438592	9223372036854771712	0	3847815168	9223372036854771712	0	6860800	9223372036854771712	0	7077888	9223372036854771712	0	4114337792
160	2147442688	9223372036854771712	0	3849256960	9223372036854771712	0	6860800	9223372036854771712	0	7077888	9223372036854771712	0	4113293312
161	2147438592	9223372036854771712	0	3850661888	9223372036854771712	0	6860800	9223372036854771712	0	7077888	9223372036854771712	0	4111867904
162	2147438592	9223372036854771712	0	3851968512	9223372036854771712	0	6860800	9223372036854771712	0	7077888	9223372036854771712	0	4110012416
163	2147459072	9223372036854771712	0	3853340672	9223372036854771712	0	6860800	9223372036854771712	0	7077888	9223372036854771712	0	4108926976
164	2147454976	9223372036854771712	0	3855978496	9223372036854771712	0	6860800	9223372036854771712	0	7077888	9223372036854771712	0	4105453568
165	2147475456	9223372036854771712	0	3857362944	9223372036854771712	0	6860800	9223372036854771712	0	7077888	9223372036854771712	0	4104278016
166	2147360768	9223372036854771712	0	3858837504	9223372036854771712	0	6860800	9223372036854771712	0	7077888	9223372036854771712	0	4103135232
167	2147454976	9223372036854771712	0	3859972096	9223372036854771712	0	6860800	9223372036854771712	0	7077888	9223372036854771712	0	4102799360
168	2147438592	9223372036854771712	0	3861434368	9223372036854771712	0	6860800	9223372036854771712	0	7077888	9223372036854771712	0	4101136384
169	2147467264	9223372036854771712	0	3863150592	9223372036854771712	0	6860800	9223372036854771712	0	7077888	9223372036854771712	0	4099055616
170	2147430400	9223372036854771712	0	3864141824	9223372036854771712	0	6860800	9223372036854771712	0	7077888	9223372036854771712	0	4098043904
171	2147430400	9223372036854771712	0	3865440256	9223372036854771712	0	6860800	9223372036854771712	0	7077888	9223372036854771712	0	4096479232
172	2043478016	9223372036854771712	0	3866849280	9223372036854771712	0	6860800	9223372036854771712	0	7077888	9223372036854771712	0	4199530496
173	2044837888	9223372036854771712	0	3868143616	9223372036854771712	0	6860800	9223372036854771712	0	7077888	9223372036854771712	0	4198461440
174	2046160896	9223372036854771712	0	3871449088	9223372036854771712	0	6860800	9223372036854771712	0	7077888	9223372036854771712	0	4193132544
175	2047234048	9223372036854771712	0	3872419840	9223372036854771712	0	6860800	9223372036854771712	0	7077888	9223372036854771712	0	4189712384
176	2048782336	9223372036854771712	0	3873964032	9223372036854771712	0	6860800	9223372036854771712	0	7077888	9223372036854771712	0	4186996736
177	2050125824	9223372036854771712	0	3875262464	9223372036854771712	0	6860800	9223372036854771712	0	7077888	9223372036854771712	0	4183650304
178	2051633152	9223372036854771712	0	3876798464	9223372036854771712	0	6860800	9223372036854771712	0	7077888	9223372036854771712	0	4180508672
179	2053009408	9223372036854771712	0	3878096896	9223372036854771712	0	6860800	9223372036854771712	0	7077888	9223372036854771712	0	4178313216
180	2054529024	9223372036854771712	0	3879497728	9223372036854771712	0	6860800	9223372036854771712	0	7077888	9223372036854771712	0	4175253504
181	2055958528	9223372036854771712	0	3880722432	9223372036854771712	0	6860800	9223372036854771712	0	7077888	9223372036854771712	0	4172492800
182	2057519104	9223372036854771712	0	3882315776	9223372036854771712	0	6860800	9223372036854771712	0	7077888	9223372036854771712	0	4168527872
183	2061938688	9223372036854771712	0	3883724800	9223372036854771712	0	6860800	9223372036854771712	0	7077888	9223372036854771712	0	4163534848
184	2072109056	9223372036854771712	0	3887214592	9223372036854771712	0	6860800	9223372036854771712	0	7077888	9223372036854771712	0	4150751232
185	2079739904	9223372036854771712	0	3888525312	9223372036854771712	0	6860800	9223372036854771712	0	7077888	9223372036854771712	0	4141998080
186	2083651584	9223372036854771712	0	3889823744	9223372036854771712	0	6860800	9223372036854771712	0	7077888	9223372036854771712	0	4136177664
187	2085818368	9223372036854771712	0	3891240960	9223372036854771712	0	6860800	9223372036854771712	0	7077888	9223372036854771712	0	4132442112
188	2087260160	9223372036854771712	0	3892600832	9223372036854771712	0	6860800	9223372036854771712	0	7077888	9223372036854771712	0	4130172928
189	2088738816	9223372036854771712	0	3894030336	9223372036854771712	0	6860800	9223372036854771712	0	7077888	9223372036854771712	0	4125995008
190	2089902080	9223372036854771712	0	3895300096	9223372036854771712	0	6860800	9223372036854771712	0	7077888	9223372036854771712	0	4124696576
191	2091397120	9223372036854771712	0	3896684544	9223372036854771712	0	6860800	9223372036854771712	0	7077888	9223372036854771712	0	4121370624
192	2093387776	9223372036854771712	0	3898023936	9223372036854771712	0	6860800	9223372036854771712	0	7077888	9223372036854771712	0	4118769664
193	2096013312	9223372036854771712	0	3899326464	9223372036854771712	0	6860800	9223372036854771712	0	7077888	9223372036854771712	0	4113739776
194	2097635328	9223372036854771712	0	3902996480	9223372036854771712	0	6860800	9223372036854771712	0	7077888	9223372036854771712	0	4105310208
195	2099036160	9223372036854771712	0	3904307200	9223372036854771712	0	6860800	9223372036854771712	0	7077888	9223372036854771712	0	4105211904
196	2100244480	9223372036854771712	0	3905609728	9223372036854771712	0	6860800	9223372036854771712	0	7077888	9223372036854771712	0	4100280320
197	2101911552	9223372036854771712	0	3907063808	9223372036854771712	0	6860800	9223372036854771712	0	7077888	9223372036854771712	0	4100816896
198	2103132160	9223372036854771712	0	3908489216	9223372036854771712	0	6860800	9223372036854771712	0	7077888	9223372036854771712	0	4094849024
199	2104389632	9223372036854771712	0	3909832704	9223372036854771712	0	6860800	9223372036854771712	0	7077888	9223372036854771712	0	4093882368
200	2105806848	9223372036854771712	0	3911041024	9223372036854771712	0	6860800	9223372036854771712	0	7077888	9223372036854771712	0	4091236352
201	2107170816	9223372036854771712	0	3912470528	9223372036854771712	0	6860800	9223372036854771712	0	7077888	9223372036854771712	0	4088942592
202	2108506112	9223372036854771712	0	3913613312	9223372036854771712	0	6860800	9223372036854771712	0	7077888	9223372036854771712	0	4085747712
203	2109923328	9223372036854771712	0	3914989568	9223372036854771712	0	6860800	9223372036854771712	0	7077888	9223372036854771712	0	4082135040
204	2111303680	9223372036854771712	0	3918061568	9223372036854771712	0	6860800	9223372036854771712	0	7077888	9223372036854771712	0	4078153728
205	2112864256	9223372036854771712	0	3919572992	9223372036854771712	0	6860800	9223372036854771712	0	7077888	9223372036854771712	0	4076023808
206	2114199552	9223372036854771712	0	3920740352	9223372036854771712	0	6860800	9223372036854771712	0	7077888	9223372036854771712	0	4069695488
207	2115497984	9223372036854771712	0	3921993728	9223372036854771712	0	6860800	9223372036854771712	0	7077888	9223372036854771712	0	4071129088
208	2117058560	9223372036854771712	0	3923435520	9223372036854771712	0	6860800	9223372036854771712	0	7077888	9223372036854771712	0	4067033088
209	2118483968	9223372036854771712	0	3924643840	9223372036854771712	0	6860800	9223372036854771712	0	7077888	9223372036854771712	0	4064555008
210	2119577600	9223372036854771712	0	3925839872	9223372036854771712	0	6860800	9223372036854771712	0	7077888	9223372036854771712	0	4062433280
211	2120454144	9223372036854771712	0	3926847488	9223372036854771712	0	6860800	9223372036854771712	0	7077888	9223372036854771712	0	4058501120
212	2121883648	9223372036854771712	0	3928047616	9223372036854771712	0	6860800	9223372036854771712	0	7077888	9223372036854771712	0	4056354816
213	2123313152	9223372036854771712	0	3929456640	9223372036854771712	0	6860800	9223372036854771712	0	7077888	9223372036854771712	0	4053037056
214	2124611584	9223372036854771712	0	3930746880	9223372036854771712	0	6860800	9223372036854771712	0	7077888	9223372036854771712	0	4051869696
215	2125778944	9223372036854771712	0	3932176384	9223372036854771712	0	6860800	9223372036854771712	0	7077888	9223372036854771712	0	4048441344
216	2127024128	9223372036854771712	0	3933343744	9223372036854771712	0	6860800	9223372036854771712	0	7077888	9223372036854771712	0	4045635584
217	2128584704	9223372036854771712	0	3934748672	9223372036854771712	0	6860800	9223372036854771712	0	7077888	9223372036854771712	0	4043395072
218	2129883136	9223372036854771712	0	3936083968	9223372036854771712	0	6860800	9223372036854771712	0	7077888	9223372036854771712	0	4041224192
219	2131456000	9223372036854771712	0	3937812480	9223372036854771712	0	6860800	9223372036854771712	0	7077888	9223372036854771712	0	4037746688
220	2132754432	9223372036854771712	0	3939196928	9223372036854771712	0	6860800	9223372036854771712	0	7077888	9223372036854771712	0	4033802240
221	2134298624	9223372036854771712	0	3940921344	9223372036854771712	0	6860800	9223372036854771712	0	7077888	9223372036854771712	0	4031160320
222	2135334912	9223372036854771712	0	3942387712	9223372036854771712	0	6860800	9223372036854771712	0	7077888	9223372036854771712	0	4028551168
223	2136371200	9223372036854771712	0	3943591936	9223372036854771712	0	6860800	9223372036854771712	0	7077888	9223372036854771712	0	4025937920
224	2137780224	9223372036854771712	0	3944972288	9223372036854771712	0	6860800	9223372036854771712	0	7077888	9223372036854771712	0	4022829056
225	2138968064	9223372036854771712	0	3946151936	9223372036854771712	0	6860800	9223372036854771712	0	7077888	9223372036854771712	0	4019998720
226	2140659712	9223372036854771712	0	3947634688	9223372036854771712	0	6860800	9223372036854771712	0	7077888	9223372036854771712	0	4018429952
227	2141896704	9223372036854771712	0	3844370432	9223372036854771712	0	6860800	9223372036854771712	0	7077888	9223372036854771712	0	4119015424
228	2143240192	9223372036854771712	0	3845718016	9223372036854771712	0	6860800	9223372036854771712	0	7077888	9223372036854771712	0	4118351872
229	2144522240	9223372036854771712	0	3847065600	9223372036854771712	0	6860800	9223372036854771712	0	7077888	9223372036854771712	0	4116213760
230	2146091008	9223372036854771712	0	3848364032	9223372036854771712	0	6860800	9223372036854771712	0	7077888	9223372036854771712	0	4113092608
231	2147479552	9223372036854771712	0	3849494528	9223372036854771712	0	6860800	9223372036854771712	0	7077888	9223372036854771712	0	4107988992
232	2147483648	9223372036854771712	0	3851014144	9223372036854771712	0	6860800	9223372036854771712	0	7077888	9223372036854771712	0	4109049856
233	2147442688	9223372036854771712	0	3852144640	9223372036854771712	0	6860800	9223372036854771712	0	7077888	9223372036854771712	0	4106878976
234	2147442688	9223372036854771712	0	3853455360	9223372036854771712	0	6860800	9223372036854771712	0	7077888	9223372036854771712	0	4105658368
235	2147467264	9223372036854771712	0	3854745600	9223372036854771712	0	6860800	9223372036854771712	0	7077888	9223372036854771712	0	4104736768
236	2147442688	9223372036854771712	0	3856162816	9223372036854771712	0	6860800	9223372036854771712	0	7077888	9223372036854771712	0	4103217152
237	2147442688	9223372036854771712	0	3857084416	9223372036854771712	0	6860800	9223372036854771712	0	7077888	9223372036854771712	0	4099776512
238	2147442688	9223372036854771712	0	3858616320	9223372036854771712	0	6860800	9223372036854771712	0	7077888	9223372036854771712	0	4099764224
239	2147459072	9223372036854771712	0	3860086784	9223372036854771712	0	6860800	9223372036854771712	0	7077888	9223372036854771712	0	4097671168
240	2147459072	9223372036854771712	0	3861299200	9223372036854771712	0	6860800	9223372036854771712	0	7077888	9223372036854771712	0	4097867776
241	2147442688	9223372036854771712	0	3862753280	9223372036854771712	0	6860800	9223372036854771712	0	7077888	9223372036854771712	0	4096999424
242	2147442688	9223372036854771712	0	3864162304	9223372036854771712	0	6860800	9223372036854771712	0	7077888	9223372036854771712	0	4095856640
243	2147442688	9223372036854771712	0	3865133056	9223372036854771712	0	6860800	9223372036854771712	0	7077888	9223372036854771712	0	4094738432
244	2147442688	9223372036854771712	0	3866599424	9223372036854771712	0	6860800	9223372036854771712	0	7077888	9223372036854771712	0	4092571648
245	2083618816	9223372036854771712	0	3867697152	9223372036854771712	0	6860800	9223372036854771712	0	7077888	9223372036854771712	0	4154798080
246	2044268544	9223372036854771712	0	3869151232	9223372036854771712	0	6860800	9223372036854771712	0	7077888	9223372036854771712	0	4194144256
247	2045591552	9223372036854771712	0	3870375936	9223372036854771712	0	6860800	9223372036854771712	0	7077888	9223372036854771712	0	4191940608
248	2046947328	9223372036854771712	0	3871707136	9223372036854771712	0	6860800	9223372036854771712	0	7077888	9223372036854771712	0	4189687808
249	2048139264	9223372036854771712	0	3872915456	9223372036854771712	0	6860800	9223372036854771712	0	7077888	9223372036854771712	0	4187578368
250	2049544192	9223372036854771712	0	3874136064	9223372036854771712	0	6860800	9223372036854771712	0	7077888	9223372036854771712	0	4184174592
251	2050924544	9223372036854771712	0	3875610624	9223372036854771712	0	6860800	9223372036854771712	0	7077888	9223372036854771712	0	4181733376
252	2052210688	9223372036854771712	0	3877019648	9223372036854771712	0	6860800	9223372036854771712	0	7077888	9223372036854771712	0	4179804160
253	2053513216	9223372036854771712	0	3878248448	9223372036854771712	0	6860800	9223372036854771712	0	7077888	9223372036854771712	0	4176105472
254	2054811648	9223372036854771712	0	3879452672	9223372036854771712	0	6860800	9223372036854771712	0	7077888	9223372036854771712	0	4173058048
255	2055979008	9223372036854771712	0	3880779776	9223372036854771712	0	6860800	9223372036854771712	0	7077888	9223372036854771712	0	4171505664
256	2057408512	9223372036854771712	0	3881996288	9223372036854771712	0	6860800	9223372036854771712	0	7077888	9223372036854771712	0	4168200192
257	2058698752	9223372036854771712	0	3883380736	9223372036854771712	0	6860800	9223372036854771712	0	7077888	9223372036854771712	0	4165517312
258	2060193792	9223372036854771712	0	3884797952	9223372036854771712	0	6860800	9223372036854771712	0	7077888	9223372036854771712	0	4163596288
259	2061504512	9223372036854771712	0	3886108672	9223372036854771712	0	6860800	9223372036854771712	0	7077888	9223372036854771712	0	4160851968
260	2071977984	9223372036854771712	0	3887669248	9223372036854771712	0	6860800	9223372036854771712	0	7077888	9223372036854771712	0	4147974144
261	2078326784	9223372036854771712	0	3889053696	9223372036854771712	0	6860800	9223372036854771712	0	7077888	9223372036854771712	0	4140933120
262	2080116736	9223372036854771712	0	3890180096	9223372036854771712	0	6860800	9223372036854771712	0	7077888	9223372036854771712	0	4137713664
263	2082594816	9223372036854771712	0	3891429376	9223372036854771712	0	6860800	9223372036854771712	0	7077888	9223372036854771712	0	4133408768
264	2084286464	9223372036854771712	0	3894108160	9223372036854771712	0	6860800	9223372036854771712	0	7077888	9223372036854771712	0	4128681984
265	2085453824	9223372036854771712	0	3895586816	9223372036854771712	0	6860800	9223372036854771712	0	7077888	9223372036854771712	0	4126015488
266	2086752256	9223372036854771712	0	3896778752	9223372036854771712	0	6860800	9223372036854771712	0	7077888	9223372036854771712	0	4123275264
267	2087989248	9223372036854771712	0	3898077184	9223372036854771712	0	6860800	9223372036854771712	0	7077888	9223372036854771712	0	4120625152
268	2089418752	9223372036854771712	0	3899310080	9223372036854771712	0	6860800	9223372036854771712	0	7077888	9223372036854771712	0	4117868544
269	2090684416	9223372036854771712	0	3900489728	9223372036854771712	0	6860800	9223372036854771712	0	7077888	9223372036854771712	0	4115636224
270	2091900928	9223372036854771712	0	3901972480	9223372036854771712	0	6860800	9223372036854771712	0	7077888	9223372036854771712	0	4114014208
271	2093408256	9223372036854771712	0	3903164416	9223372036854771712	0	6860800	9223372036854771712	0	7077888	9223372036854771712	0	4110360576
272	2094788608	9223372036854771712	0	3904475136	9223372036854771712	0	6860800	9223372036854771712	0	7077888	9223372036854771712	0	4107612160
273	2095828992	9223372036854771712	0	3905785856	9223372036854771712	0	6860800	9223372036854771712	0	7077888	9223372036854771712	0	4104564736
274	2097217536	9223372036854771712	0	3909160960	9223372036854771712	0	6860800	9223372036854771712	0	7077888	9223372036854771712	0	4100239360
275	2098384896	9223372036854771712	0	3910172672	9223372036854771712	0	6860800	9223372036854771712	0	7077888	9223372036854771712	0	4097658880
276	2099683328	9223372036854771712	0	3911663616	9223372036854771712	0	6860800	9223372036854771712	0	7077888	9223372036854771712	0	4095352832
277	2100981760	9223372036854771712	0	3913121792	9223372036854771712	0	6860800	9223372036854771712	0	7077888	9223372036854771712	0	4093554688
278	2102030336	9223372036854771712	0	3914031104	9223372036854771712	0	6860800	9223372036854771712	0	7077888	9223372036854771712	0	4090257408
279	2103066624	9223372036854771712	0	3915083776	9223372036854771712	0	6860800	9223372036854771712	0	7077888	9223372036854771712	0	4088881152
280	2104627200	9223372036854771712	0	3916394496	9223372036854771712	0	6860800	9223372036854771712	0	7077888	9223372036854771712	0	4085571584
281	2106032128	9223372036854771712	0	3917869056	9223372036854771712	0	6860800	9223372036854771712	0	7077888	9223372036854771712	0	4082155520
282	2107367424	9223372036854771712	0	3919138816	9223372036854771712	0	6860800	9223372036854771712	0	7077888	9223372036854771712	0	4080021504
283	2108665856	9223372036854771712	0	3920580608	9223372036854771712	0	6860800	9223372036854771712	0	7077888	9223372036854771712	0	4077998080
284	2109964288	9223372036854771712	0	3923959808	9223372036854771712	0	6860800	9223372036854771712	0	7077888	9223372036854771712	0	4073107456
285	2111262720	9223372036854771712	0	3925286912	9223372036854771712	0	6860800	9223372036854771712	0	7077888	9223372036854771712	0	4071280640
286	2112561152	9223372036854771712	0	3926593536	9223372036854771712	0	6860800	9223372036854771712	0	7077888	9223372036854771712	0	4068171776
287	2114121728	9223372036854771712	0	3928039424	9223372036854771712	0	6860800	9223372036854771712	0	7077888	9223372036854771712	0	4064985088
288	2115551232	9223372036854771712	0	3929579520	9223372036854771712	0	6860800	9223372036854771712	0	7077888	9223372036854771712	0	4060676096
289	2116964352	9223372036854771712	0	3931152384	9223372036854771712	0	6860800	9223372036854771712	0	7077888	9223372036854771712	0	4058202112
290	2118393856	9223372036854771712	0	3932758016	9223372036854771712	0	6860800	9223372036854771712	0	7077888	9223372036854771712	0	4054982656
291	2119929856	9223372036854771712	0	3934199808	9223372036854771712	0	6860800	9223372036854771712	0	7077888	9223372036854771712	0	4050968576
292	2120572928	9223372036854771712	0	3934912512	9223372036854771712	0	6860800	9223372036854771712	0	7077888	9223372036854771712	0	4049694720
293	2122657792	9223372036854771712	0	3936149504	9223372036854771712	0	6860800	9223372036854771712	0	7077888	9223372036854771712	0	4046172160
294	2124742656	9223372036854771712	0	3939581952	9223372036854771712	0	6860800	9223372036854771712	0	7077888	9223372036854771712	0	4041596928
295	2126827520	9223372036854771712	0	3941011456	9223372036854771712	0	6860800	9223372036854771712	0	7077888	9223372036854771712	0	4037890048
296	2128912384	9223372036854771712	0	3942281216	9223372036854771712	0	6860800	9223372036854771712	0	7077888	9223372036854771712	0	4034818048
297	2130771968	9223372036854771712	0	3838488576	9223372036854771712	0	6860800	9223372036854771712	0	7077888	9223372036854771712	0	4136808448
298	2132725760	9223372036854771712	0	3839614976	9223372036854771712	0	6860800	9223372036854771712	0	7077888	9223372036854771712	0	4135485440
299	2134810624	9223372036854771712	0	3840897024	9223372036854771712	0	6860800	9223372036854771712	0	7077888	9223372036854771712	0	4131872768
300	2136895488	9223372036854771712	0	3842068480	9223372036854771712	0	6860800	9223372036854771712	0	7077888	9223372036854771712	0	4127686656
301	2138824704	9223372036854771712	0	3843358720	9223372036854771712	0	6860800	9223372036854771712	0	7077888	9223372036854771712	0	4124217344
302	2140778496	9223372036854771712	0	3844599808	9223372036854771712	0	6860800	9223372036854771712	0	7077888	9223372036854771712	0	4121591808
303	2142732288	9223372036854771712	0	3845812224	9223372036854771712	0	6860800	9223372036854771712	0	7077888	9223372036854771712	0	4119281664
304	2144817152	9223372036854771712	0	3848630272	9223372036854771712	0	6860800	9223372036854771712	0	7077888	9223372036854771712	0	4114382848
305	2146770944	9223372036854771712	0	3849977856	9223372036854771712	0	6860800	9223372036854771712	0	7077888	9223372036854771712	0	4111904768
306	2147442688	9223372036854771712	0	3851276288	9223372036854771712	0	6860800	9223372036854771712	0	7077888	9223372036854771712	0	4109615104
307	2147393536	9223372036854771712	0	3852599296	9223372036854771712	0	6860800	9223372036854771712	0	7077888	9223372036854771712	0	4106780672
308	2147442688	9223372036854771712	0	3853856768	9223372036854771712	0	6860800	9223372036854771712	0	7077888	9223372036854771712	0	4105564160
309	2147459072	9223372036854771712	0	3855200256	9223372036854771712	0	6860800	9223372036854771712	0	7077888	9223372036854771712	0	4104450048
310	2147442688	9223372036854771712	0	3856523264	9223372036854771712	0	6860800	9223372036854771712	0	7077888	9223372036854771712	0	4102893568
311	2147397632	9223372036854771712	0	3857928192	9223372036854771712	0	6860800	9223372036854771712	0	7077888	9223372036854771712	0	4101083136
312	2147450880	9223372036854771712	0	3859591168	9223372036854771712	0	6860800	9223372036854771712	0	7077888	9223372036854771712	0	4099850240
313	2147479552	9223372036854771712	0	3860918272	9223372036854771712	0	6860800	9223372036854771712	0	7077888	9223372036854771712	0	4098084864
314	2147467264	9223372036854771712	0	3863052288	9223372036854771712	0	6860800	9223372036854771712	0	7077888	9223372036854771712	0	4094627840
315	2147459072	9223372036854771712	0	3864580096	9223372036854771712	0	6860800	9223372036854771712	0	7077888	9223372036854771712	0	4094394368
316	2147409920	9223372036854771712	0	3866152960	9223372036854771712	0	6860800	9223372036854771712	0	7077888	9223372036854771712	0	4092473344
317	2147434496	9223372036854771712	0	3867271168	9223372036854771712	0	6860800	9223372036854771712	0	7077888	9223372036854771712	0	4091559936
318	2147442688	9223372036854771712	0	3868065792	9223372036854771712	0	6860800	9223372036854771712	0	7077888	9223372036854771712	0	4090007552
319	2147442688	9223372036854771712	0	3869315072	9223372036854771712	0	6860800	9223372036854771712	0	7077888	9223372036854771712	0	4088664064
320	2147467264	9223372036854771712	0	3870621696	9223372036854771712	0	6860800	9223372036854771712	0	7077888	9223372036854771712	0	4087709696
321	2147442688	9223372036854771712	0	3871883264	9223372036854771712	0	6860800	9223372036854771712	0	7077888	9223372036854771712	0	4087640064
322	2043613184	9223372036854771712	0	3873144832	9223372036854771712	0	6860800	9223372036854771712	0	7077888	9223372036854771712	0	4189388800
323	2045042688	9223372036854771712	0	3874471936	9223372036854771712	0	6860800	9223372036854771712	0	7077888	9223372036854771712	0	4187627520
324	2046210048	9223372036854771712	0	3877617664	9223372036854771712	0	6860800	9223372036854771712	0	7077888	9223372036854771712	0	4182831104
325	2047508480	9223372036854771712	0	3878916096	9223372036854771712	0	6860800	9223372036854771712	0	7077888	9223372036854771712	0	4179800064
326	2049069056	9223372036854771712	0	3880333312	9223372036854771712	0	6860800	9223372036854771712	0	7077888	9223372036854771712	0	4178186240
327	2050367488	9223372036854771712	0	3881611264	9223372036854771712	0	6860800	9223372036854771712	0	7077888	9223372036854771712	0	4175360000
328	2051776512	9223372036854771712	0	3883040768	9223372036854771712	0	6860800	9223372036854771712	0	7077888	9223372036854771712	0	4173004800
329	2053074944	9223372036854771712	0	3884191744	9223372036854771712	0	6860800	9223372036854771712	0	7077888	9223372036854771712	0	4169539584
330	2054504448	9223372036854771712	0	3885449216	9223372036854771712	0	6860800	9223372036854771712	0	7077888	9223372036854771712	0	4166979584
331	2055774208	9223372036854771712	0	3886686208	9223372036854771712	0	6860800	9223372036854771712	0	7077888	9223372036854771712	0	4163321856
332	2057203712	9223372036854771712	0	3888193536	9223372036854771712	0	6860800	9223372036854771712	0	7077888	9223372036854771712	0	4161814528
333	2059157504	9223372036854771712	0	3889446912	9223372036854771712	0	6860800	9223372036854771712	0	7077888	9223372036854771712	0	4157689856
334	2062770176	9223372036854771712	0	3892711424	9223372036854771712	0	6860800	9223372036854771712	0	7077888	9223372036854771712	0	4150968320
335	2068131840	9223372036854771712	0	3894001664	9223372036854771712	0	6860800	9223372036854771712	0	7077888	9223372036854771712	0	4144480256
336	2074542080	9223372036854771712	0	3895410688	9223372036854771712	0	6860800	9223372036854771712	0	7077888	9223372036854771712	0	4135931904
337	2077380608	9223372036854771712	0	3896614912	9223372036854771712	0	6860800	9223372036854771712	0	7077888	9223372036854771712	0	4133081088
338	2080538624	9223372036854771712	0	3897782272	9223372036854771712	0	6860800	9223372036854771712	0	7077888	9223372036854771712	0	4128575488
339	2082058240	9223372036854771712	0	3898880000	9223372036854771712	0	6860800	9223372036854771712	0	7077888	9223372036854771712	0	4125155328
340	2083356672	9223372036854771712	0	3900063744	9223372036854771712	0	6860800	9223372036854771712	0	7077888	9223372036854771712	0	4122955776
341	2084626432	9223372036854771712	0	3901497344	9223372036854771712	0	6860800	9223372036854771712	0	7077888	9223372036854771712	0	4119773184
342	2086055936	9223372036854771712	0	3902865408	9223372036854771712	0	6860800	9223372036854771712	0	7077888	9223372036854771712	0	4117028864
343	2087370752	9223372036854771712	0	3904434176	9223372036854771712	0	6860800	9223372036854771712	0	7077888	9223372036854771712	0	4113510400
344	2088800256	9223372036854771712	0	3907997696	9223372036854771712	0	6860800	9223372036854771712	0	7077888	9223372036854771712	0	4109168640
345	2090098688	9223372036854771712	0	3909246976	9223372036854771712	0	6860800	9223372036854771712	0	7077888	9223372036854771712	0	4106719232
346	2091429888	9223372036854771712	0	3910635520	9223372036854771712	0	6860800	9223372036854771712	0	7077888	9223372036854771712	0	4103450624
347	2092728320	9223372036854771712	0	3911987200	9223372036854771712	0	6860800	9223372036854771712	0	7077888	9223372036854771712	0	4101210112
348	2093895680	9223372036854771712	0	3913146368	9223372036854771712	0	6860800	9223372036854771712	0	7077888	9223372036854771712	0	4098801664
349	2095308800	9223372036854771712	0	3914485760	9223372036854771712	0	6860800	9223372036854771712	0	7077888	9223372036854771712	0	4096593920
350	2096607232	9223372036854771712	0	3915796480	9223372036854771712	0	6860800	9223372036854771712	0	7077888	9223372036854771712	0	4093943808
351	2098008064	9223372036854771712	0	3917123584	9223372036854771712	0	6860800	9223372036854771712	0	7077888	9223372036854771712	0	4090929152
352	2099306496	9223372036854771712	0	3918548992	9223372036854771712	0	6860800	9223372036854771712	0	7077888	9223372036854771712	0	4087304192
353	2100559872	9223372036854771712	0	3919712256	9223372036854771712	0	6860800	9223372036854771712	0	7077888	9223372036854771712	0	4084940800
354	2101698560	9223372036854771712	0	3922972672	9223372036854771712	0	6860800	9223372036854771712	0	7077888	9223372036854771712	0	4079824896
355	2102996992	9223372036854771712	0	3924103168	9223372036854771712	0	6860800	9223372036854771712	0	7077888	9223372036854771712	0	4078157824
356	2104164352	9223372036854771712	0	3925508096	9223372036854771712	0	6860800	9223372036854771712	0	7077888	9223372036854771712	0	4075737088
357	2105200640	9223372036854771712	0	3926573056	9223372036854771712	0	6860800	9223372036854771712	0	7077888	9223372036854771712	0	4072566784
358	2106236928	9223372036854771712	0	3927609344	9223372036854771712	0	6860800	9223372036854771712	0	7077888	9223372036854771712	0	4070449152
359	2107535360	9223372036854771712	0	3929169920	9223372036854771712	0	6860800	9223372036854771712	0	7077888	9223372036854771712	0	4068507648
360	2108801024	9223372036854771712	0	3930456064	9223372036854771712	0	6860800	9223372036854771712	0	7077888	9223372036854771712	0	4065390592
361	2110050304	9223372036854771712	0	3931623424	9223372036854771712	0	6860800	9223372036854771712	0	7077888	9223372036854771712	0	4062216192
362	2111086592	9223372036854771712	0	3932884992	9223372036854771712	0	6860800	9223372036854771712	0	7077888	9223372036854771712	0	4060581888
363	2112253952	9223372036854771712	0	3934134272	9223372036854771712	0	6860800	9223372036854771712	0	7077888	9223372036854771712	0	4057554944
364	2113368064	9223372036854771712	0	3937456128	9223372036854771712	0	6860800	9223372036854771712	0	7077888	9223372036854771712	0	4052111360
365	2114797568	9223372036854771712	0	3938848768	9223372036854771712	0	6860800	9223372036854771712	0	7077888	9223372036854771712	0	4049072128
366	2115850240	9223372036854771712	0	3835506688	9223372036854771712	0	6860800	9223372036854771712	0	7077888	9223372036854771712	0	4153749504
367	2117152768	9223372036854771712	0	3836571648	9223372036854771712	0	6860800	9223372036854771712	0	7077888	9223372036854771712	0	4150116352
368	2118451200	9223372036854771712	0	3838070784	9223372036854771712	0	6860800	9223372036854771712	0	7077888	9223372036854771712	0	4150034432
369	2119659520	9223372036854771712	0	3839631360	9223372036854771712	0	6860800	9223372036854771712	0	7077888	9223372036854771712	0	4146733056
370	2120957952	9223372036854771712	0	3840860160	9223372036854771712	0	6860800	9223372036854771712	0	7077888	9223372036854771712	0	4143419392
371	2122162176	9223372036854771712	0	3842150400	9223372036854771712	0	6860800	9223372036854771712	0	7077888	9223372036854771712	0	4140888064
372	2123329536	9223372036854771712	0	3843403776	9223372036854771712	0	6860800	9223372036854771712	0	7077888	9223372036854771712	0	4138266624
373	2124627968	9223372036854771712	0	3844796416	9223372036854771712	0	6860800	9223372036854771712	0	7077888	9223372036854771712	0	4134993920
374	2125819904	9223372036854771712	0	3847962624	9223372036854771712	0	6860800	9223372036854771712	0	7077888	9223372036854771712	0	4130697216
375	2127110144	9223372036854771712	0	3849146368	9223372036854771712	0	6860800	9223372036854771712	0	7077888	9223372036854771712	0	4128686080
376	2128277504	9223372036854771712	0	3850432512	9223372036854771712	0	6860800	9223372036854771712	0	7077888	9223372036854771712	0	4124803072
377	2129444864	9223372036854771712	0	3851620352	9223372036854771712	0	6860800	9223372036854771712	0	7077888	9223372036854771712	0	4123140096
378	2130743296	9223372036854771712	0	3852910592	9223372036854771712	0	6860800	9223372036854771712	0	7077888	9223372036854771712	0	4120596480
379	2132041728	9223372036854771712	0	3854303232	9223372036854771712	0	6860800	9223372036854771712	0	7077888	9223372036854771712	0	4118663168
380	2133340160	9223372036854771712	0	3855581184	9223372036854771712	0	6860800	9223372036854771712	0	7077888	9223372036854771712	0	4116631552
381	2134605824	9223372036854771712	0	3856748544	9223372036854771712	0	6860800	9223372036854771712	0	7077888	9223372036854771712	0	4113068032
382	2147442688	9223372036854771712	0	3857891328	9223372036854771712	0	6860800	9223372036854771712	0	7077888	9223372036854771712	0	4099420160
383	2147442688	9223372036854771712	0	3859337216	9223372036854771712	0	6860800	9223372036854771712	0	7077888	9223372036854771712	0	4097056768
384	2147442688	9223372036854771712	0	3862708224	9223372036854771712	0	6860800	9223372036854771712	0	7077888	9223372036854771712	0	4093759488
385	2147393536	9223372036854771712	0	3864035328	9223372036854771712	0	6860800	9223372036854771712	0	7077888	9223372036854771712	0	4092686336
386	2147442688	9223372036854771712	0	3865403392	9223372036854771712	0	6860800	9223372036854771712	0	7077888	9223372036854771712	0	4091572224
387	2147430400	9223372036854771712	0	3866816512	9223372036854771712	0	6860800	9223372036854771712	0	7077888	9223372036854771712	0	4089679872
388	2147459072	9223372036854771712	0	3868639232	9223372036854771712	0	6860800	9223372036854771712	0	7077888	9223372036854771712	0	4087459840
389	2147442688	9223372036854771712	0	3870191616	9223372036854771712	0	6860800	9223372036854771712	0	7077888	9223372036854771712	0	4085161984
390	2147422208	9223372036854771712	0	3871584256	9223372036854771712	0	6860800	9223372036854771712	0	7077888	9223372036854771712	0	4084461568
391	2147450880	9223372036854771712	0	3872985088	9223372036854771712	0	6860800	9223372036854771712	0	7077888	9223372036854771712	0	4082036736
392	2147442688	9223372036854771712	0	3874451456	9223372036854771712	0	6860800	9223372036854771712	0	7077888	9223372036854771712	0	4081680384
393	2147479552	9223372036854771712	0	3875500032	9223372036854771712	0	6860800	9223372036854771712	0	7077888	9223372036854771712	0	4080353280
394	2147422208	9223372036854771712	0	3878408192	9223372036854771712	0	6860800	9223372036854771712	0	7077888	9223372036854771712	0	4077072384
395	2147479552	9223372036854771712	0	3879239680	9223372036854771712	0	6860800	9223372036854771712	0	7077888	9223372036854771712	0	4076802048
396	2147442688	9223372036854771712	0	3880546304	9223372036854771712	0	6860800	9223372036854771712	0	7077888	9223372036854771712	0	4074659840
397	2147483648	9223372036854771712	0	3882061824	9223372036854771712	0	6860800	9223372036854771712	0	7077888	9223372036854771712	0	4074049536
398	2147442688	9223372036854771712	0	3883069440	9223372036854771712	0	6860800	9223372036854771712	0	7077888	9223372036854771712	0	4072603648
399	2147479552	9223372036854771712	0	3884322816	9223372036854771712	0	6860800	9223372036854771712	0	7077888	9223372036854771712	0	4071878656
400	2043346944	9223372036854771712	0	3885703168	9223372036854771712	0	6860800	9223372036854771712	0	7077888	9223372036854771712	0	4174925824
401	2044719104	9223372036854771712	0	3886960640	9223372036854771712	0	6860800	9223372036854771712	0	7077888	9223372036854771712	0	4170067968
402	2045886464	9223372036854771712	0	3888185344	9223372036854771712	0	6860800	9223372036854771712	0	7077888	9223372036854771712	0	4167651328
403	2047008768	9223372036854771712	0	3889352704	9223372036854771712	0	6860800	9223372036854771712	0	7077888	9223372036854771712	0	4165509120
404	2048176128	9223372036854771712	0	3891511296	9223372036854771712	0	6860800	9223372036854771712	0	7077888	9223372036854771712	0	4019421184
405	2049212416	9223372036854771712	0	3892416512	9223372036854771712	0	6860800	9223372036854771712	0	7077888	9223372036854771712	0	3496407040
406	2050248704	9223372036854771712	0	3893190656	9223372036854771712	0	6860800	9223372036854771712	0	7077888	9223372036854771712	0	2920886272
407	2051416064	9223372036854771712	0	3893964800	9223372036854771712	0	6860800	9223372036854771712	0	7077888	9223372036854771712	0	2348765184
408	2052452352	9223372036854771712	0	3894870016	9223372036854771712	0	6860800	9223372036854771712	0	7077888	9223372036854771712	0	1735278592
409	2053533696	9223372036854771712	0	3895906304	9223372036854771712	0	6860800	9223372036854771712	0	7077888	9223372036854771712	0	1124724736
410	2054402048	9223372036854771712	0	3896549376	9223372036854771712	0	6860800	9223372036854771712	0	7077888	9223372036854771712	0	508362752
411	2054434816	9223372036854771712	0	3895996416	9223372036854771712	0	6860800	9223372036854771712	0	7077888	9223372036854771712	0	369696768
412	2055045120	9223372036854771712	0	3895984128	9223372036854771712	0	6860800	9223372036854771712	0	7077888	9223372036854771712	0	1626890240
413	2056736768	9223372036854771712	0	3896889344	9223372036854771712	0	6860800	9223372036854771712	0	7077888	9223372036854771712	0	1087614976
414	2061443072	9223372036854771712	0	3900071936	9223372036854771712	0	6860800	9223372036854771712	0	7077888	9223372036854771712	0	551088128
415	2049216512	9223372036854771712	0	3872792576	9223372036854771712	0	6860800	9223372036854771712	0	7077888	9223372036854771712	0	138919936
416	1950146560	9223372036854771712	0	3676237824	9223372036854771712	0	6836224	9223372036854771712	0	7045120	9223372036854771712	0	172371968
417	1855692800	9223372036854771712	0	3498053632	9223372036854771712	0	6811648	9223372036854771712	0	7012352	9223372036854771712	0	148664320
418	1762000896	9223372036854771712	0	3323138048	9223372036854771712	0	6787072	9223372036854771712	0	6995968	9223372036854771712	0	181202944
419	1669124096	9223372036854771712	0	3144384512	9223372036854771712	0	6750208	9223372036854771712	0	6926336	9223372036854771712	0	172191744
420	1582215168	9223372036854771712	0	2975625216	9223372036854771712	0	6705152	9223372036854771712	0	6725632	9223372036854771712	0	200544256
421	1583607808	9223372036854771712	0	2977054720	9223372036854771712	0	6705152	9223372036854771712	0	6725632	9223372036854771712	0	196501504
422	1584803840	9223372036854771712	0	2978312192	9223372036854771712	0	6705152	9223372036854771712	0	6725632	9223372036854771712	0	193937408
423	1585774592	9223372036854771712	0	2979356672	9223372036854771712	0	6705152	9223372036854771712	0	6725632	9223372036854771712	0	190697472
424	1587204096	9223372036854771712	0	2980741120	9223372036854771712	0	6705152	9223372036854771712	0	6725632	9223372036854771712	0	188866560
425	1588441088	9223372036854771712	0	2983780352	9223372036854771712	0	6705152	9223372036854771712	0	6725632	9223372036854771712	0	184680448
426	1589739520	9223372036854771712	0	2989027328	9223372036854771712	0	6705152	9223372036854771712	0	6725632	9223372036854771712	0	177811456
427	1591169024	9223372036854771712	0	2997665792	9223372036854771712	0	6705152	9223372036854771712	0	6725632	9223372036854771712	0	168046592
428	1579810816	9223372036854771712	0	3031388160	9223372036854771712	0	6705152	9223372036854771712	0	6709248	9223372036854771712	0	176955392
429	1575927808	9223372036854771712	0	3051585536	9223372036854771712	0	6705152	9223372036854771712	0	6709248	9223372036854771712	0	172826624
430	1563308032	9223372036854771712	0	3090710528	9223372036854771712	0	6705152	9223372036854771712	0	6701056	9223372036854771712	0	179900416
431	1578688512	9223372036854771712	0	3105955840	9223372036854771712	0	6705152	9223372036854771712	0	6676480	9223372036854771712	0	180449280
432	1667567616	9223372036854771712	0	3068674048	9223372036854771712	0	6696960	9223372036854771712	0	6594560	9223372036854771712	0	183586816
433	1716748288	9223372036854771712	0	3048099840	9223372036854771712	0	6692864	9223372036854771712	0	6565888	9223372036854771712	0	168144896
434	1771245568	9223372036854771712	0	3012177920	9223372036854771712	0	6692864	9223372036854771712	0	6557696	9223372036854771712	0	177922048
435	1824374784	9223372036854771712	0	2987122688	9223372036854771712	0	6692864	9223372036854771712	0	6541312	9223372036854771712	0	173875200
436	1847341056	9223372036854771712	0	2968555520	9223372036854771712	0	6692864	9223372036854771712	0	6508544	9223372036854771712	0	186478592
437	1847865344	9223372036854771712	0	2969460736	9223372036854771712	0	6692864	9223372036854771712	0	6508544	9223372036854771712	0	185225216
438	1847848960	9223372036854771712	0	2970890240	9223372036854771712	0	6692864	9223372036854771712	0	6508544	9223372036854771712	0	184635392
439	1847848960	9223372036854771712	0	2972262400	9223372036854771712	0	6692864	9223372036854771712	0	6508544	9223372036854771712	0	182439936
440	1847848960	9223372036854771712	0	2973573120	9223372036854771712	0	6692864	9223372036854771712	0	6508544	9223372036854771712	0	180576256
441	0	9223372036854771712	0	2869669888	9223372036854771712	0	6692864	9223372036854771712	0	6508544	9223372036854771712	0	1373630464
442	0	9223372036854771712	0	2869633024	9223372036854771712	0	6692864	9223372036854771712	0	6508544	9223372036854771712	0	1373069312
443	0	9223372036854771712	0	2981273600	9223372036854771712	0	6692864	9223372036854771712	0	6508544	9223372036854771712	0	1263263744
444	0	9223372036854771712	0	3037700096	9223372036854771712	0	6692864	9223372036854771712	0	6508544	9223372036854771712	0	1206108160
445	0	9223372036854771712	0	3037700096	9223372036854771712	0	6692864	9223372036854771712	0	6508544	9223372036854771712	0	1206554624
446	0	9223372036854771712	0	3037638656	9223372036854771712	0	6692864	9223372036854771712	0	6508544	9223372036854771712	0	1206366208
447	0	9223372036854771712	0	0	9223372036854771712	0	6955008	9223372036854771712	0	6508544	9223372036854771712	0	2888855552
