1	1436647424	536870912	0	2823700480	1073741824	0	1590435840	536870912	0	2781532160	1073741824	0	3437441024
2	1436831744	536870912	0	2823700480	1073741824	0	1623859200	536870912	0	2781532160	1073741824	0	3403759616
3	1462935552	536870912	0	2823831552	1073741824	0	1890197504	536870912	0	2781532160	1073741824	0	3110195200
4	1473671168	536870912	0	2824085504	1073741824	0	2103627776	536870912	0	2781532160	1073741824	0	2886881280
5	1492000768	536870912	0	2858807296	1073741824	0	2147356672	536870912	0	2781532160	1073741824	0	2791157760
6	1493344256	536870912	0	2865262592	1073741824	0	2147352576	536870912	0	2781532160	1073741824	0	2781904896
7	1493581824	536870912	0	2890579968	1073741824	0	2147483648	536870912	0	2781532160	1073741824	0	2756988928
8	1493848064	536870912	0	2901889024	1073741824	0	2147360768	536870912	0	2781532160	1073741824	0	2743939072
9	1494052864	536870912	0	2901991424	1073741824	0	2147364864	536870912	0	2781532160	1073741824	0	2743382016
10	1494646784	536870912	0	2902274048	1073741824	0	2147409920	536870912	0	2781532160	1073741824	0	2741575680
11	1494941696	536870912	0	2902519808	1073741824	0	2147377152	536870912	0	2781532160	1073741824	0	2741477376
12	1495289856	536870912	0	2902880256	1073741824	0	2147377152	536870912	0	2781532160	1073741824	0	2740580352
13	1495674880	536870912	0	2903425024	1073741824	0	2147381248	536870912	0	2781532160	1073741824	0	2739613696
14	1496326144	536870912	0	2903851008	1073741824	0	2147381248	536870912	0	2781532160	1073741824	0	2738368512
15	1497047040	536870912	0	2904276992	1073741824	0	2147471360	536870912	0	2781532160	1073741824	0	2737192960
16	1497608192	536870912	0	2904678400	1073741824	0	2147389440	536870912	0	2781532160	1073741824	0	2735968256
17	1498165248	536870912	0	2904969216	1073741824	0	2147393536	536870912	0	2781532160	1073741824	0	2733506560
18	1498570752	536870912	0	2905432064	1073741824	0	2147397632	536870912	0	2781532160	1073741824	0	2733662208
19	1499197440	536870912	0	2905972736	1073741824	0	2147192832	536870912	0	3109498880	1073741824	0	2400940032
20	1499746304	536870912	0	2906255360	1073741824	0	2147409920	536870912	0	3521302528	1073741824	0	1987403776
21	1500151808	536870912	0	2906927104	1073741824	0	2147426304	536870912	0	3939201024	1073741824	0	1568829440
22	1500717056	536870912	0	2907348992	1073741824	0	2147430400	536870912	0	4294950912	1073741824	0	1211658240
23	1500975104	536870912	0	2907684864	1073741824	0	2147422208	536870912	0	4294946816	1073741824	0	1209819136
24	1501515776	536870912	0	2908008448	1073741824	0	2147430400	536870912	0	4294881280	1073741824	0	1200312320
25	1502076928	536870912	0	2908602368	1073741824	0	2147430400	536870912	0	4294959104	1073741824	0	1198456832
26	1502515200	536870912	0	2908889088	1073741824	0	2147471360	536870912	0	4294692864	1073741824	0	1198415872
27	1503096832	536870912	0	2909200384	1073741824	0	1634484224	536870912	0	4294770688	1073741824	0	1712480256
28	1503588352	536870912	0	2909523968	1073741824	0	1636642816	536870912	0	4294836224	1073741824	0	1709498368
29	1504067584	536870912	0	2909904896	1073741824	0	1636683776	536870912	0	4294967296	1073741824	0	1708879872
30	1504669696	536870912	0	2910392320	1073741824	0	1636564992	536870912	0	4294864896	1073741824	0	1708269568
31	1505222656	536870912	0	2910756864	1073741824	0	1636564992	536870912	0	4294807552	1073741824	0	1705848832
32	1505738752	536870912	0	2911477760	1073741824	0	1636564992	536870912	0	4294868992	1073741824	0	1704919040
33	1561825280	536870912	0	2911682560	1073741824	0	1636564992	536870912	0	4294729728	1073741824	0	1640480768
34	1622290432	536870912	0	2912243712	1073741824	0	1636696064	536870912	0	4294717440	1073741824	0	1578508288
35	1687109632	536870912	0	2912346112	1073741824	0	1636737024	536870912	0	4294848512	1073741824	0	1511202816
36	1687461888	536870912	0	2912677888	1073741824	0	1636638720	536870912	0	4294852608	1073741824	0	1510060032
37	1688125440	536870912	0	2913083392	1073741824	0	1636638720	536870912	0	4294873088	1073741824	0	1506926592
38	1689120768	536870912	0	2913476608	1073741824	0	1636638720	536870912	0	4294942720	1073741824	0	1502507008
39	1690079232	536870912	0	2913804288	1073741824	0	1636638720	536870912	0	4294864896	1073741824	0	1501601792
40	1691049984	536870912	0	2914234368	1073741824	0	1636638720	536870912	0	4294864896	1073741824	0	1499619328
41	1692102656	536870912	0	2914627584	1073741824	0	1636638720	536870912	0	4294873088	1073741824	0	1496834048
42	1692778496	536870912	0	2915061760	1073741824	0	1636638720	536870912	0	4294873088	1073741824	0	1496256512
43	1693147136	536870912	0	2915508224	1073741824	0	1636638720	536870912	0	4294926336	1073741824	0	1494937600
44	1693843456	536870912	0	2916024320	1073741824	0	1636638720	536870912	0	4294877184	1073741824	0	1495220224
45	1694396416	536870912	0	2916634624	1073741824	0	1636638720	536870912	0	4294930432	1073741824	0	1493417984
46	1695502336	536870912	0	2917265408	1073741824	0	1636638720	536870912	0	4294897664	1073741824	0	1490997248
47	1696280576	536870912	0	2918080512	1073741824	0	1636638720	536870912	0	4294922240	1073741824	0	1489465344
48	1697144832	536870912	0	2918899712	1073741824	0	1636638720	536870912	0	4294901760	1073741824	0	1487286272
49	1698066432	536870912	0	2919612416	1073741824	0	1636638720	536870912	0	4294934528	1073741824	0	1484943360
50	1698983936	536870912	0	2920345600	1073741824	0	1636638720	536870912	0	4294901760	1073741824	0	1483415552
51	1699987456	536870912	0	2921091072	1073741824	0	1636638720	536870912	0	4294901760	1073741824	0	1481170944
52	1700757504	536870912	0	2921848832	1073741824	0	1636638720	536870912	0	4294914048	1073741824	0	1479876608
53	1701441536	536870912	0	2922475520	1073741824	0	1636622336	536870912	0	4294914048	1073741824	0	1479069696
54	1702338560	536870912	0	2922946560	1073741824	0	1636622336	536870912	0	4294930432	1073741824	0	1476968448
55	1702998016	536870912	0	2923581440	1073741824	0	1636622336	536870912	0	4294934528	1073741824	0	1467469824
56	1703993344	536870912	0	2924388352	1073741824	0	1636622336	536870912	0	4294918144	1073741824	0	1464856576
57	1705086976	536870912	0	2925334528	1073741824	0	1636556800	536870912	0	4294934528	1073741824	0	1463734272
58	1706049536	536870912	0	3010248704	1073741824	0	1636507648	536870912	0	4294852608	1073741824	0	1377636352
59	1707479040	536870912	0	3081023488	1073741824	0	1636454400	536870912	0	4294819840	1073741824	0	1303760896
60	1708875776	536870912	0	3169234944	1073741824	0	1636454400	536870912	0	4294828032	1073741824	0	1211764736
61	1709813760	536870912	0	3275665408	1073741824	0	1636454400	536870912	0	4294955008	1073741824	0	1100800000
62	1710850048	536870912	0	3297210368	1073741824	0	1636257792	536870912	0	4294946816	1073741824	0	1077338112
63	1711869952	536870912	0	3298226176	1073741824	0	1636241408	536870912	0	4294946816	1073741824	0	1075195904
64	1712914432	536870912	0	3299295232	1073741824	0	1636241408	536870912	0	4294946816	1073741824	0	1064255488
65	1713905664	536870912	0	3300237312	1073741824	0	1636241408	536870912	0	4294950912	1073741824	0	1062019072
66	1719398400	536870912	0	3301158912	1073741824	0	1636241408	536870912	0	4294955008	1073741824	0	1055391744
67	1720303616	536870912	0	3302203392	1073741824	0	1636241408	536870912	0	4294950912	1073741824	0	1053646848
68	1721602048	536870912	0	3303522304	1073741824	0	1636241408	536870912	0	2791743488	1073741824	0	2559401984
69	1722769408	536870912	0	3304480768	1073741824	0	1636241408	536870912	0	2791743488	1073741824	0	2557046784
70	1724067840	536870912	0	3305582592	1073741824	0	1636241408	536870912	0	2791743488	1073741824	0	2554691584
71	1725366272	536870912	0	3306811392	1073741824	0	1636241408	536870912	0	2791743488	1073741824	0	2550644736
72	1726660608	536870912	0	3308122112	1073741824	0	1638338560	536870912	0	2791743488	1073741824	0	2546135040
73	1727959040	536870912	0	3309383680	1073741824	0	1638338560	536870912	0	2791743488	1073741824	0	2543501312
74	1729310720	536870912	0	3310694400	1073741824	0	1638338560	536870912	0	2791743488	1073741824	0	2541301760
75	1730727936	536870912	0	3312001024	1073741824	0	1638338560	536870912	0	2793840640	1073741824	0	2536599552
76	1731944448	536870912	0	3313348608	1073741824	0	1638338560	536870912	0	2793840640	1073741824	0	2532839424
77	1733267456	536870912	0	3314892800	1073741824	0	1638338560	536870912	0	2793840640	1073741824	0	2530181120
78	1734680576	536870912	0	3315990528	1073741824	0	1638338560	536870912	0	2793840640	1073741824	0	2528108544
79	1735909376	536870912	0	3317198848	1073741824	0	1638338560	536870912	0	2793840640	1073741824	0	2524749824
80	1737207808	536870912	0	3318726656	1073741824	0	1638338560	536870912	0	2793840640	1073741824	0	2521210880
81	1738375168	536870912	0	3319959552	1073741824	0	1638338560	536870912	0	2793840640	1073741824	0	2518609920
82	1739657216	536870912	0	3321196544	1073741824	0	1638338560	536870912	0	2793840640	1073741824	0	2517000192
83	1741090816	536870912	0	3322494976	1073741824	0	1638338560	536870912	0	2793840640	1073741824	0	2513682432
84	1742229504	536870912	0	3323826176	1073741824	0	1638338560	536870912	0	2793840640	1073741824	0	2511667200
85	1743409152	536870912	0	3325190144	1073741824	0	1638338560	536870912	0	2793840640	1073741824	0	2508288000
86	1744707584	536870912	0	3326414848	1073741824	0	1638338560	536870912	0	2793840640	1073741824	0	2504937472
87	1746739200	536870912	0	3327696896	1073741824	0	1916735488	536870912	0	2793840640	1073741824	0	2221797376
88	1748692992	536870912	0	3328843776	1073741824	0	2140737536	536870912	0	2793840640	1073741824	0	1994788864
89	1750777856	536870912	0	3329929216	1073741824	0	2147430400	536870912	0	2793840640	1073741824	0	1983750144
90	1752731648	536870912	0	3331698688	1073741824	0	2147467264	536870912	0	2793840640	1073741824	0	1979428864
91	1754832896	536870912	0	3332935680	1073741824	0	2147463168	536870912	0	2793840640	1073741824	0	1976160256
92	1757024256	536870912	0	3334012928	1073741824	0	2147467264	536870912	0	2793840640	1073741824	0	1972346880
93	1758937088	536870912	0	3335086080	1073741824	0	2147483648	536870912	0	2793840640	1073741824	0	1968914432
94	1761046528	536870912	0	3336265728	1073741824	0	2147328000	536870912	0	2793807872	1073741824	0	1966039040
95	1762983936	536870912	0	3337355264	1073741824	0	2147463168	536870912	0	2793611264	1073741824	0	1963184128
96	1765199872	536870912	0	3338379264	1073741824	0	2147360768	536870912	0	2793418752	1073741824	0	1960067072
97	1778135040	536870912	0	3339436032	1073741824	0	2147377152	536870912	0	2793152512	1073741824	0	1944920064
98	1798438912	536870912	0	3340378112	1073741824	0	2147454976	536870912	0	2793103360	1073741824	0	1923354624
99	1803014144	536870912	0	3341185024	1073741824	0	2147405824	536870912	0	2792546304	1073741824	0	1918013440
100	1803919360	536870912	0	3342090240	1073741824	0	2147426304	536870912	0	2792218624	1073741824	0	1916755968
101	1804931072	536870912	0	3343015936	1073741824	0	2147434496	536870912	0	2792218624	1073741824	0	1909133312
102	1812127744	536870912	0	3343671296	1073741824	0	2147463168	536870912	0	2792218624	1073741824	0	1722793984
103	1833218048	536870912	0	3344789504	1073741824	0	2147471360	536870912	0	2792185856	1073741824	0	1478643712
104	1869381632	536870912	0	3346055168	1073741824	0	2147483648	536870912	0	2792169472	1073741824	0	1431822336
105	1921126400	536870912	0	3346984960	1073741824	0	2147459072	536870912	0	2792169472	1073741824	0	1379323904
106	1931730944	536870912	0	3348152320	1073741824	0	2147389440	536870912	0	2791915520	1073741824	0	1368027136
107	1933058048	536870912	0	3349368832	1073741824	0	2147434496	536870912	0	2791915520	1073741824	0	1365209088
108	1934225408	536870912	0	3350581248	1073741824	0	2147483648	536870912	0	2791915520	1073741824	0	1361739776
109	1991753728	536870912	0	3351531520	1073741824	0	2147463168	536870912	0	2791915520	1073741824	0	1301917696
110	2026745856	536870912	0	3352555520	1073741824	0	2147414016	536870912	0	2791915520	1073741824	0	1265000448
111	2078900224	536870912	0	3353387008	1073741824	0	2147483648	536870912	0	2791915520	1073741824	0	1202343936
112	2126336000	536870912	0	3354271744	1073741824	0	2147483648	536870912	0	2791915520	1073741824	0	1152933888
113	2130698240	536870912	0	3355250688	1073741824	0	2147389440	536870912	0	2791915520	1073741824	0	1147236352
114	2131582976	536870912	0	3356213248	1073741824	0	2147418112	536870912	0	2794012672	1073741824	0	1142919168
115	2132516864	536870912	0	3357270016	1073741824	0	2147454976	536870912	0	2794012672	1073741824	0	1141112832
116	2133475328	536870912	0	3358224384	1073741824	0	2147438592	536870912	0	2794012672	1073741824	0	1138597888
117	2134573056	536870912	0	3359047680	1073741824	0	2147467264	536870912	0	2794012672	1073741824	0	1137106944
118	2135556096	536870912	0	3360034816	1073741824	0	2147479552	536870912	0	2794012672	1073741824	0	1133920256
119	2136526848	536870912	0	3361005568	1073741824	0	2147426304	536870912	0	2794012672	1073741824	0	1131077632
120	2137546752	536870912	0	3362119680	1073741824	0	2147475456	536870912	0	2794012672	1073741824	0	1128595456
121	2138509312	536870912	0	3363086336	1073741824	0	2147471360	536870912	0	2794012672	1073741824	0	1126551552
122	2139381760	536870912	0	3364057088	1073741824	0	2147446784	536870912	0	2794012672	1073741824	0	1123459072
123	2140286976	536870912	0	3364974592	1073741824	0	2147467264	536870912	0	2794012672	1073741824	0	1121083392
124	2141081600	536870912	0	3365974016	1073741824	0	2147454976	536870912	0	2794012672	1073741824	0	1117892608
125	2141868032	536870912	0	3366887424	1073741824	0	2147364864	536870912	0	2794012672	1073741824	0	1116000256
126	2143035392	536870912	0	3367981056	1073741824	0	2147389440	536870912	0	2794012672	1073741824	0	1113133056
127	2144088064	536870912	0	3368747008	1073741824	0	2147368960	536870912	0	2794012672	1073741824	0	1110253568
128	2144927744	536870912	0	3374125056	1073741824	0	2147463168	536870912	0	3169169408	1073741824	0	724156416
129	2145914880	536870912	0	3374911488	1073741824	0	2147442688	536870912	0	3487653888	1073741824	0	403734528
130	2146525184	536870912	0	3359076352	1073741824	588488704	2147405824	536870912	0	3724578816	1073741824	227078144	181673984
131	2146668544	536870912	0	3385511936	1073741824	588488704	2147389440	536870912	0	3568459776	1073741824	696123392	331362304
132	2147430400	536870912	0	3422556160	1073741824	588488704	2147483648	536870912	0	3604951040	1073741824	696123392	248606720
133	2147430400	536870912	0	3454844928	1073741824	588488704	2147475456	536870912	0	3562385408	1073741824	1538056192	257527808
134	2147430400	536870912	0	3470434304	1073741824	588488704	2147479552	536870912	0	3528331264	1073741824	2045345792	277028864
135	2147450880	536870912	0	3479552000	1073741824	588488704	2147368960	536870912	0	3544031232	1073741824	2045345792	249573376
136	2147430400	536870912	0	3499626496	1073741824	588488704	2147459072	536870912	0	3565506560	1073741824	2045345792	204427264
137	2147471360	536870912	0	3579568128	1073741824	588488704	2147340288	536870912	0	3434020864	1073741824	3384672256	254529536
138	2147459072	536870912	0	3664453632	1073741824	588488704	2147471360	536870912	0	3434045440	1073741824	3384672256	167514112
139	2147430400	536870912	0	3527766016	1073741824	1988698112	2147401728	536870912	0	3467042816	1073741824	3384672256	273686528
140	2147430400	536870912	0	3582083072	1073741824	1988698112	2147422208	536870912	0	3472732160	1073741824	3384672256	211828736
141	2147430400	536870912	0	3582824448	1073741824	1988698112	2147315712	536870912	0	3479064576	1073741824	3384672256	204103680
142	2147430400	536870912	0	3583352832	1073741824	1988698112	2147414016	536870912	0	3506950144	1073741824	3384672256	175144960
143	2147430400	536870912	0	3479805952	1073741824	1988698112	2147446784	536870912	0	3567783936	1073741824	3384672256	217026560
144	2147459072	536870912	0	3480551424	1073741824	1988698112	2147414016	536870912	0	3618562048	1073741824	3384672256	161206272
145	2119520256	536870912	0	3439734784	1073741824	1988698112	2147405824	536870912	0	3584589824	1073741824	3487641600	154820608
146	2119548928	536870912	0	3272142848	1073741824	3778338816	2147446784	536870912	0	3311173632	1073741824	5602312192	348688384
147	2119561216	536870912	0	3180478464	1073741824	5789507584	2147336192	536870912	0	3099566080	1073741824	7071973376	257052672
148	2119446528	536870912	0	3057000448	1073741824	7598383104	2147467264	536870912	0	2803904512	1073741824	8740372480	456364032
149	2120687616	536870912	0	3056844800	1073741824	7598383104	2147430400	536870912	0	2772492288	1073741824	9131966464	487886848
150	2121986048	536870912	0	3056975872	1073741824	7598383104	2147434496	536870912	0	2772492288	1073741824	9131966464	486625280
151	2123284480	536870912	0	3057233920	1073741824	7598383104	2147418112	536870912	0	2772754432	1073741824	9131966464	485076992
152	2124451840	536870912	0	3058528256	1073741824	7598383104	2147434496	536870912	0	2773499904	1073741824	9131966464	481988608
153	2125750272	536870912	0	3059216384	1073741824	7598383104	2147426304	536870912	0	2774036480	1073741824	9131966464	479522816
154	2127020032	536870912	0	3060035584	1073741824	7598383104	2147373056	536870912	0	2776371200	1073741824	9131966464	474845184
155	2127724544	536870912	0	3062820864	1073741824	7598383104	2147385344	536870912	0	2801541120	1073741824	9131966464	443944960
156	2128367616	536870912	0	3065004032	1073741824	7598383104	2147467264	536870912	0	2823581696	1073741824	9131966464	416952320
157	2129272832	536870912	0	3067342848	1073741824	7598383104	2147418112	536870912	0	2846838784	1073741824	9131966464	389541888
158	2129944576	536870912	0	3069403136	1073741824	7598383104	1517211648	536870912	0	2869051392	1073741824	9131966464	995401728
159	2130788352	536870912	0	3071975424	1073741824	7598383104	1518809088	536870912	0	2889105408	1073741824	9131966464	969629696
160	2131693568	536870912	0	3074256896	1073741824	7598383104	1520279552	536870912	0	2912960512	1073741824	9131966464	938737664
161	2132733952	536870912	0	3076362240	1073741824	7598383104	1521664000	536870912	0	2937401344	1073741824	9131966464	907956224
162	2133655552	536870912	0	3078189056	1073741824	7598383104	1522864128	536870912	0	2957824000	1073741824	9131966464	881725440
163	2134716416	536870912	0	3079917568	1073741824	7598383104	1523924992	536870912	0	2978705408	1073741824	9131966464	855642112
164	2135506944	536870912	0	3081379840	1073741824	7598383104	1524973568	536870912	0	3001356288	1073741824	9131966464	827047936
165	2136387584	536870912	0	3083198464	1073741824	7598383104	1526075392	536870912	0	3021623296	1073741824	9131966464	801693696
166	2137305088	536870912	0	3085213696	1073741824	7598383104	1527521280	536870912	0	3043446784	1073741824	9131966464	773365760
167	2138210304	536870912	0	3087044608	1073741824	7598383104	1528332288	536870912	0	3064422400	1073741824	9131966464	747790336
168	2138996736	536870912	0	3088748544	1073741824	7598383104	1529270272	536870912	0	3088695296	1073741824	9131966464	716959744
169	2139901952	536870912	0	3090526208	1073741824	7598383104	1530322944	536870912	0	3110359040	1073741824	9131966464	688865280
170	2140925952	536870912	0	3092385792	1073741824	7598383104	1531232256	536870912	0	3129749504	1073741824	9131966464	663605248
171	2141908992	536870912	0	3093999616	1073741824	7598383104	1532051456	536870912	0	3151466496	1073741824	9131966464	634863616
172	2142785536	536870912	0	3095764992	1073741824	7598383104	1532936192	536870912	0	3170369536	1073741824	9131966464	610869248
173	2143498240	536870912	0	3097411584	1073741824	7598383104	1533607936	536870912	0	3189805056	1073741824	9131966464	585302016
174	2144272384	536870912	0	3106086912	1073741824	7598383104	1534410752	536870912	0	3210178560	1073741824	9131966464	552919040
175	2147418112	536870912	0	3114700800	1073741824	7598383104	1535041536	536870912	0	3228270592	1073741824	9131966464	513445888
176	2140475392	536870912	0	3101003776	1073741824	7721275392	1535213568	536870912	0	3202392064	1073741824	9362059264	215064576
177	2141360128	536870912	0	2986139648	1073741824	9540632576	1535213568	536870912	0	2987282432	1073741824	12357611520	179589120
178	2144124928	536870912	0	2855591936	1073741824	11556499456	1535217664	536870912	0	2844925952	1073741824	14552817664	154857472
179	2145787904	536870912	0	2783506432	1073741824	12471386112	1535221760	536870912	0	2845122560	1073741824	14552817664	214503424
180	2147479552	536870912	0	2785595392	1073741824	12471386112	1535475712	536870912	0	2853519360	1073741824	14552817664	202915840
181	2147475456	536870912	0	2790055936	1073741824	12471386112	1536131072	536870912	0	2872807424	1073741824	14552817664	175919104
182	2147352576	536870912	0	2793508864	1073741824	12471386112	1536450560	536870912	0	2817191936	1073741824	15480025088	226459648
183	2147430400	536870912	0	2810548224	1073741824	12471386112	1536729088	536870912	0	2824548352	1073741824	15480025088	200740864
184	2147405824	536870912	0	2810437632	1073741824	12471386112	1536831488	536870912	0	2824617984	1073741824	15480025088	199696384
185	2147418112	536870912	0	2810425344	1073741824	12471386112	1536704512	536870912	0	2824564736	1073741824	15480025088	199487488
186	2147299328	536870912	0	2810445824	1073741824	12471386112	1536835584	536870912	0	2824957952	1073741824	15480025088	198823936
187	2147483648	536870912	0	2810540032	1073741824	12471386112	1536876544	536870912	0	2824880128	1073741824	15480025088	198033408
188	2147418112	536870912	0	2810540032	1073741824	12471386112	1536884736	536870912	0	2825273344	1073741824	15480025088	198316032
189	2043531264	536870912	0	2824818688	1073741824	12471386112	1537323008	536870912	0	2846019584	1073741824	15480025088	266727424
190	2044297216	536870912	0	2837295104	1073741824	12471386112	1537814528	536870912	0	2867453952	1073741824	15480025088	228962304
191	2045317120	536870912	0	2843226112	1073741824	12471386112	1538473984	536870912	0	2887766016	1073741824	15480025088	197275648
192	2046193664	536870912	0	2857328640	1073741824	12471386112	1538891776	536870912	0	2907394048	1073741824	15480025088	159113216
193	2046889984	536870912	0	2863919104	1073741824	12471386112	1538830336	536870912	0	2863570944	1073741824	16421425152	195567616
194	2047635456	536870912	0	2871148544	1073741824	12471386112	1539272704	536870912	0	2884325376	1073741824	16421425152	161734656
195	2048409600	536870912	0	2873679872	1073741824	12471386112	1539502080	536870912	0	2847318016	1073741824	17357299712	215027712
196	2049351680	536870912	0	2878529536	1073741824	12471386112	1539883008	536870912	0	2866806784	1073741824	17357299712	188211200
197	2050244608	536870912	0	2884382720	1073741824	12471386112	1540444160	536870912	0	2888622080	1073741824	17357795328	155705344
198	2051006464	536870912	0	2889240576	1073741824	12471386112	1540612096	536870912	0	2842750976	1073741824	18305970176	195207168
199	2051846144	536870912	0	2893561856	1073741824	12471386112	1541201920	536870912	0	2862141440	1073741824	18305970176	166817792
200	2048479232	536870912	0	2822152192	1073741824	13396684800	1541435392	536870912	0	2878169088	1073741824	18305970176	234651648
201	2049413120	536870912	0	2826694656	1073741824	13396684800	1541894144	536870912	0	2898931712	1073741824	18305970176	205742080
202	2050400256	536870912	0	2831409152	1073741824	13396684800	1542328320	536870912	0	2921099264	1073741824	18305970176	173735936
203	2042609664	536870912	0	2834026496	1073741824	13396684800	1542516736	536870912	0	2943188992	1073741824	18305970176	171847680
204	2035003392	536870912	0	2845769728	1073741824	13396684800	1542676480	536870912	0	2964025344	1073741824	18305970176	163196928
205	2018820096	536870912	0	2848571392	1073741824	13396684800	1542778880	536870912	0	2982711296	1073741824	18305970176	184696832
206	2022297600	536870912	0	2862981120	1073741824	13396684800	1543045120	536870912	0	2917818368	1073741824	19313123328	230723584
207	2029920256	536870912	0	2901000192	1073741824	13396684800	1543241728	536870912	0	2936623104	1073741824	19313123328	163573760
208	2034155520	536870912	0	2782834688	1073741824	15007854592	1543286784	536870912	0	2836471808	1073741824	21177384960	154157056
209	2038284288	536870912	0	2638721024	1073741824	17359904768	1543405568	536870912	0	2717921280	1073741824	22118973440	142831616
210	1956835328	536870912	437350400	2535395328	1073741824	18943918080	1543405568	536870912	0	2544816128	1073741824	23394877440	263401472
211	1922199552	536870912	797728768	2459435008	1073741824	20037636096	1543270400	536870912	0	2389999616	1073741824	24220545024	228675584
212	1927348224	536870912	797728768	2459959296	1073741824	20037636096	1543278592	536870912	0	2390392832	1073741824	24220545024	223502336
213	1930260480	536870912	797728768	2459885568	1073741824	20037636096	1543409664	536870912	0	2390249472	1073741824	24220545024	220487680
214	1931661312	536870912	797728768	2459885568	1073741824	20037636096	1543282688	536870912	0	2390249472	1073741824	24220545024	218972160
215	1932697600	536870912	797728768	2479546368	1073741824	20037636096	1543544832	536870912	0	2403237888	1073741824	24220545024	184893440
216	1926926336	536870912	797728768	2491793408	1073741824	20037636096	1543766016	536870912	0	2423095296	1073741824	24220545024	172806144
217	1927610368	536870912	797728768	2453291008	1073741824	20766003200	1544007680	536870912	0	2438070272	1073741824	24220545024	193585152
218	1921675264	536870912	797728768	2461716480	1073741824	20766003200	1548476416	536870912	0	2457178112	1073741824	24220545024	179351552
219	1841016832	536870912	1179115520	2441789440	1073741824	21114265600	1763536896	536870912	0	2383613952	1073741824	24962637824	175284224
220	1841958912	536870912	1179115520	2413682688	1073741824	21459263488	1785090048	536870912	0	2374295552	1073741824	25297776640	191012864
221	1843257344	536870912	1179115520	2413572096	1073741824	21459263488	1785102336	536870912	0	2374328320	1073741824	25297776640	187887616
222	1844555776	536870912	1179115520	2413580288	1073741824	21459263488	1784987648	536870912	0	2374201344	1073741824	25297776640	187023360
223	1832669184	536870912	1179115520	2405416960	1073741824	21459263488	1843953664	536870912	0	2379608064	1073741824	25297776640	182124544
224	1833472000	536870912	1179115520	2364694528	1073741824	22139068416	1779474432	536870912	64102400	2388013056	1073741824	25297776640	276340736
225	1834639360	536870912	1179115520	2365419520	1073741824	22139068416	1614741504	536870912	699105280	2388258816	1073741824	25297776640	437497856
226	1835831296	536870912	1179115520	2376613888	1073741824	22139068416	1639624704	536870912	699105280	2392924160	1073741824	25297776640	396795904
227	1836638208	536870912	1179115520	2422308864	1073741824	22139068416	1705291776	536870912	699105280	2414174208	1073741824	25297776640	257839104
228	1837445120	536870912	1179115520	2439254016	1073741824	22139068416	1739632640	536870912	699105280	2435358720	1073741824	25297776640	179064832
229	1838059520	536870912	1179115520	2434740224	1073741824	22493122560	1758445568	536870912	699105280	2379816960	1073741824	25711132672	216489984
230	1838710784	536870912	1179115520	2448207872	1073741824	22493122560	1770418176	536870912	699105280	2393337856	1073741824	25711132672	173174784
231	1840078848	536870912	1179115520	2448191488	1073741824	22493122560	1770549248	536870912	699105280	2393178112	1073741824	25711132672	169357312
232	1834360832	536870912	1179115520	2440798208	1073741824	22493122560	1788854272	536870912	699105280	2412752896	1073741824	25711132672	163024896
233	1830219776	536870912	1179115520	2379460608	1073741824	23186206720	1804779520	536870912	699105280	2428321792	1073741824	25711132672	209694720
234	1831649280	536870912	1179115520	2382696448	1073741824	23186206720	1821204480	536870912	699105280	2446323712	1073741824	25711132672	167669760
235	1833046016	536870912	1179115520	2386087936	1073741824	23186206720	1837854720	536870912	699105280	2386239488	1073741824	26448347136	203079680
236	1834528768	536870912	1179115520	2389680128	1073741824	23186206720	1856868352	536870912	699105280	2377072640	1073741824	26796797952	182546432
237	1835819008	536870912	1179115520	2392616960	1073741824	23186206720	1874161664	536870912	699105280	2357207040	1073741824	27118358528	176754688
238	1837637632	536870912	1179115520	2394005504	1073741824	23186206720	1789480960	536870912	1416859648	2366263296	1073741824	27118358528	247197696
239	1839067136	536870912	1179115520	2397171712	1073741824	23186206720	1805209600	536870912	1416859648	2387775488	1073741824	27118358528	201289728
240	1840795648	536870912	1179115520	2400727040	1073741824	23186206720	1819709440	536870912	1416859648	2404978688	1073741824	27118358528	161320960
241	1842700288	536870912	1179115520	2364997632	1073741824	23523913728	1827373056	536870912	1416859648	2394349568	1073741824	27456081920	196149248
242	1843986432	536870912	1179115520	2368299008	1073741824	23523913728	1846005760	536870912	1416859648	2348433408	1073741824	28170481664	212631552
243	1845284864	536870912	1179115520	2371215360	1073741824	23523913728	1820327936	536870912	1754910720	2370199552	1073741824	28170481664	195751936
244	1847320576	536870912	1179115520	2371256320	1073741824	23523913728	1740414976	536870912	2096148480	2372726784	1073741824	28170481664	271310848
245	1848672256	536870912	1179115520	2374197248	1073741824	23523913728	1753964544	536870912	2096148480	2388115456	1073741824	28170481664	242085888
246	1795477504	536870912	1510768640	2357522432	1073741824	23523913728	1763651584	536870912	2096148480	2326925312	1073741824	29197328384	184143872
247	1730605056	536870912	2784100352	2254893056	1073741824	24844177408	1648193536	536870912	2684854272	2293833728	1073741824	29830676480	200663040
248	1659068416	536870912	3806113792	2180382720	1073741824	25746841600	1647419392	536870912	2738880512	2148511744	1073741824	30515273728	160145408
249	1587638272	536870912	4848873472	2128801792	1073741824	26271141888	1544278016	536870912	3333844992	2078961664	1073741824	30796591104	264474624
250	1588031488	536870912	4848873472	2128953344	1073741824	26271141888	1544409088	536870912	3333844992	2079354880	1073741824	30796591104	262619136
251	1588019200	536870912	4848873472	2128949248	1073741824	26271141888	1544323072	536870912	3333844992	2079186944	1073741824	30796591104	262385664
252	1588772864	536870912	4848873472	2129211392	1073741824	26271141888	1544634368	536870912	3333844992	2079563776	1073741824	30796591104	261410816
253	1588858880	536870912	4848873472	2129186816	1073741824	26271141888	1544585216	536870912	3333844992	2079563776	1073741824	30796591104	261447680
254	1588850688	536870912	4848873472	2129174528	1073741824	26271141888	1544585216	536870912	3333844992	2079563776	1073741824	30796591104	261410816
255	1588858880	536870912	4848873472	2129186816	1073741824	26271141888	1544585216	536870912	3333844992	2079563776	1073741824	30796591104	261120000
256	1592139776	536870912	4848873472	2130628608	1073741824	26271141888	1549303808	536870912	3333844992	2085462016	1073741824	30796591104	247459840
257	1605386240	536870912	4848873472	2135285760	1073741824	26271141888	1567408128	536870912	3333844992	2106822656	1073741824	30796591104	183390208
258	1610711040	536870912	4848873472	2123636736	1073741824	26271141888	1583071232	536870912	3333844992	2127290368	1073741824	30796591104	184152064
259	1609621504	536870912	4848873472	2112720896	1073741824	26271141888	1599758336	536870912	3333844992	2148728832	1073741824	30796591104	184487936
260	1627201536	536870912	4848873472	2116304896	1073741824	26271141888	1613725696	536870912	3333844992	2086752256	1073741824	31393316864	207106048
261	1614041088	536870912	5415927808	2119909376	1073741824	26271141888	1629896704	536870912	3333844992	2105331712	1073741824	31393316864	177373184
262	1637863424	536870912	5415927808	2123014144	1073741824	26271141888	1602293760	536870912	3902304256	2121433088	1073741824	31393316864	157609984
263	1587073024	536870912	6271242240	2126217216	1073741824	26271141888	1589669888	536870912	4181110784	2139144192	1073741824	31393316864	195899392
264	1607139328	536870912	6271242240	2128629760	1073741824	26271141888	1598889984	536870912	4181110784	2072915968	1073741824	31946534912	225918976
265	1619148800	536870912	6361444352	2132209664	1073741824	26271141888	1616945152	536870912	4181110784	2095685632	1073741824	31946534912	164843520
266	1602654208	536870912	6828265472	2134548480	1073741824	26271141888	1578090496	536870912	4741926912	2111909888	1073741824	31946534912	196255744
267	1580298240	536870912	7382462464	2137989120	1073741824	26271141888	1594257408	536870912	4741926912	2133082112	1073741824	31946534912	172134400
268	1595187200	536870912	7382462464	2112466944	1073741824	26543763456	1609424896	536870912	4741926912	2132877312	1073741824	32224874496	161452032
269	1602076672	536870912	7382462464	2108260352	1073741824	26543763456	1582018560	536870912	5297844224	2151317504	1073741824	32224874496	178872320
270	1609797632	536870912	7382462464	2116968448	1073741824	26543763456	1597440000	536870912	5297844224	2103083008	1073741824	32802000896	191344640
271	1581948928	536870912	7933743104	2127425536	1073741824	26543763456	1611210752	536870912	5297844224	2118963200	1073741824	32802000896	172736512
272	1574785024	536870912	8197685248	2136592384	1073741824	26543763456	1587277824	536870912	5592965120	2127044608	1073741824	32802000896	184303616
273	1574965248	536870912	8197685248	2136690688	1073741824	26543763456	1587359744	536870912	5592965120	2127233024	1073741824	32802000896	183492608
274	1574985728	536870912	8197685248	2136735744	1073741824	26543763456	1587445760	536870912	5592965120	2127208448	1073741824	32802000896	182185984
275	1579839488	536870912	8197685248	2137784320	1073741824	26543763456	1570766848	536870912	5850968064	2137571328	1073741824	32802000896	175124480
276	1584414720	536870912	8197685248	2107768832	1073741824	26832711680	1569300480	536870912	5886005248	2147692544	1073741824	32802000896	188817408
277	1591472128	536870912	8197685248	2124091392	1073741824	26832711680	1579159552	536870912	5886005248	2087374848	1073741824	33344872448	212926464
278	1597796352	536870912	8197685248	2124750848	1073741824	26832711680	1595838464	536870912	5886005248	2105991168	1073741824	33344872448	180572160
279	1602609152	536870912	8197685248	2131083264	1073741824	26832711680	1605980160	536870912	5886005248	2110447616	1073741824	33344872448	166264832
280	1602609152	536870912	8197685248	2131083264	1073741824	26832711680	1605906432	536870912	5886005248	2110447616	1073741824	33344872448	165732352
281	1592737792	536870912	8475852800	2136752128	1073741824	26832711680	1582219264	536870912	6160805888	2115133440	1073741824	33344872448	186593280
282	1593528320	536870912	8475852800	2134380544	1073741824	26832711680	1598189568	536870912	6160805888	2133405696	1073741824	33344872448	161026048
283	1597190144	536870912	8475852800	2136854528	1073741824	26832711680	1569562624	536870912	6426537984	2100862976	1073741824	33638596608	211181568
284	1594376192	536870912	8753295360	2139234304	1073741824	26832711680	1585684480	536870912	6426537984	2119585792	1073741824	33638596608	169193472
285	1545711616	536870912	9280749568	2069905408	1073741824	27370090496	1571692544	536870912	6490447872	2072768512	1073741824	33930559488	189231104
286	1478815744	536870912	10303401984	1982320640	1073741824	28128944128	1450045440	536870912	7744229376	1984004096	1073741824	34693230592	202440704
287	1388781568	536870912	11398344704	1922744320	1073741824	28820185088	1390239744	536870912	8220012544	1877417984	1073741824	35332857856	233189376
288	1337339904	536870912	11944673280	1885532160	1073741824	29045481472	1347747840	536870912	8671354880	1877471232	1073741824	35337367552	192552960
289	1337458688	536870912	11944673280	1885876224	1073741824	29045481472	1347837952	536870912	8671354880	1877663744	1073741824	35337367552	190189568
290	1341747200	536870912	11944673280	1887350784	1073741824	29045481472	1350635520	536870912	8879808512	1891876864	1073741824	35337367552	182235136
291	1349980160	536870912	11944673280	1870508032	1073741824	29262516224	1363185664	536870912	8879808512	1905856512	1073741824	35337367552	160423936
292	1350545408	536870912	11944673280	1871441920	1073741824	29262516224	1363853312	536870912	8879808512	1898242048	1073741824	35550986240	162230272
293	1271513088	536870912	11944673280	1883533312	1073741824	29262516224	1370664960	536870912	8879808512	1848778752	1073741824	35805839360	272596992
294	1271586816	536870912	11944673280	1883570176	1073741824	29262516224	1370710016	536870912	8879808512	1848827904	1073741824	35805839360	267984896
295	1272070144	536870912	11944673280	1885618176	1073741824	29262516224	1371512832	536870912	8879808512	1849667584	1073741824	35805839360	265023488
296	1275777024	536870912	11944673280	1901580288	1073741824	29262516224	1378820096	536870912	8879808512	1856520192	1073741824	35805839360	226713600
297	1279008768	536870912	11944673280	1918898176	1073741824	29262516224	1385881600	536870912	8879808512	1863344128	1073741824	35805839360	191836160
298	1277681664	536870912	11944673280	1928130560	1073741824	29262516224	1394429952	536870912	8879808512	1871732736	1073741824	35805839360	180068352
299	1280065536	536870912	11944673280	1903869952	1073741824	29492244480	1402540032	536870912	8879808512	1876316160	1073741824	36008251392	186167296
300	1278386176	536870912	11944673280	1913004032	1073741824	29492244480	1411096576	536870912	8879808512	1884995584	1073741824	36008251392	171282432
301	1276825600	536870912	11944673280	1926402048	1073741824	29492244480	1413218304	536870912	8967098368	1893482496	1073741824	36008251392	163319808
302	1278922752	536870912	11944673280	1917698048	1073741824	29613715456	1398648832	536870912	9514156032	1900093440	1073741824	36008251392	174731264
303	1279430656	536870912	11944673280	1907449856	1073741824	29711904768	1400045568	536870912	9514156032	1901518848	1073741824	36008251392	181854208
304	1279987712	536870912	11944673280	1909862400	1073741824	29711904768	1402142720	536870912	9514156032	1902645248	1073741824	36008251392	172408832
305	1278291968	536870912	11944673280	1911926784	1073741824	29711904768	1408864256	536870912	9514156032	1910669312	1073741824	36008251392	172773376
306	1276223488	536870912	11944673280	1913622528	1073741824	29711904768	1415098368	536870912	9514156032	1917849600	1073741824	36008251392	172474368
307	1274642432	536870912	11944673280	1919262720	1073741824	29711904768	1423695872	536870912	9514156032	1926664192	1073741824	36008251392	163647488
308	1276833792	536870912	11944673280	1929203712	1073741824	29711904768	1398992896	536870912	9981566976	1931722752	1073741824	36008251392	168398848
309	1271476224	536870912	11944673280	1932926976	1073741824	29711904768	1405992960	536870912	9981566976	1939283968	1073741824	36008251392	184549376
310	1270427648	536870912	11944673280	1936412672	1073741824	29711904768	1415380992	536870912	9981566976	1947131904	1073741824	36008251392	176095232
311	1268957184	536870912	11944673280	1947193344	1073741824	29711904768	1423917056	536870912	9981566976	1954353152	1073741824	36008251392	160178176
312	1271095296	536870912	11944673280	1961390080	1073741824	29711904768	1400229888	536870912	10425872384	1960357888	1073741824	36008251392	159674368
313	1272631296	536870912	11944673280	1947275264	1073741824	29954240512	1404162048	536870912	10469715968	1965359104	1073741824	36008251392	162062336
314	1266835456	536870912	11944673280	1951350784	1073741824	29954240512	1411661824	536870912	10469715968	1972723712	1073741824	36008251392	171769856
315	1264541696	536870912	11944673280	1955971072	1073741824	29954240512	1417072640	536870912	10469715968	1978363904	1073741824	36008251392	170160128
316	1264193536	536870912	11944673280	1868640256	1073741824	31063916544	1317593088	536870912	11372474368	1845239808	1073741824	36954488832	177881088
317	1263661056	536870912	11944673280	1778315264	1073741824	32063086592	1247674368	536870912	11775934464	1795289088	1073741824	37156044800	183947264
318	1257660416	536870912	12129460224	1790496768	1073741824	32063086592	1253576704	536870912	11775934464	1800310784	1073741824	37156044800	164028416
319	1236455424	536870912	12327452672	1790779392	1073741824	32245678080	1261096960	536870912	11775934464	1801961472	1073741824	37156044800	174252032
320	1250676736	536870912	12327452672	1805275136	1073741824	32245678080	1269534720	536870912	11775934464	1770934272	1073741824	37349314560	164401152
321	1252630528	536870912	12327452672	1806233600	1073741824	32439623680	1233891328	536870912	11979042816	1775333376	1073741824	37349314560	190058496
322	1261629440	536870912	12327452672	1798578176	1073741824	32510451712	1231749120	536870912	12156633088	1781411840	1073741824	37349314560	179695616
323	1263616000	536870912	12327452672	1792864256	1073741824	32655659008	1238695936	536870912	12156633088	1788358656	1073741824	37349314560	167219200
324	1253171200	536870912	12520235008	1789865984	1073741824	32845193216	1244344320	536870912	12156633088	1793531904	1073741824	37349314560	167849984
325	1258950656	536870912	12520235008	1766072320	1073741824	33045516288	1249972224	536870912	12156633088	1788731392	1073741824	37537480704	183164928
326	1240936448	536870912	12708171776	1777254400	1073741824	33045516288	1257213952	536870912	12156633088	1781428224	1073741824	37805256704	183635968
327	1243435008	536870912	12708171776	1785868288	1073741824	33045516288	1263325184	536870912	12156633088	1773076480	1073741824	37919993856	174260224
328	1249681408	536870912	12708171776	1785667584	1073741824	33045516288	1270730752	536870912	12156633088	1780137984	1073741824	37919993856	179793920
329	1248468992	536870912	12708171776	1792831488	1073741824	33045516288	1279225856	536870912	12156633088	1787408384	1073741824	37919993856	168583168
330	1258663936	536870912	12708171776	1793441792	1073741824	33045516288	1237237760	536870912	12557639680	1792811008	1073741824	37919993856	205844480
331	1261469696	536870912	12708171776	1801916416	1073741824	33045516288	1244160000	536870912	12557639680	1796562944	1073741824	37919993856	181526528
332	1261121536	536870912	12708171776	1771937792	1073741824	33443123200	1251147776	536870912	12557639680	1803042816	1073741824	37919993856	208007168
333	1271595008	536870912	12708171776	1784795136	1073741824	33443123200	1258037248	536870912	12557639680	1808601088	1073741824	37919993856	167264256
334	1273020416	536870912	12708171776	1795940352	1073741824	33443123200	1259032576	536870912	12738850816	1773395968	1073741824	38118264832	184766464
335	1279942656	536870912	12708171776	1805324288	1073741824	33443123200	1266790400	536870912	12738850816	1780563968	1073741824	38118264832	164704256
336	1283104768	536870912	12708171776	1806389248	1073741824	33443123200	1272258560	536870912	12738850816	1785876480	1073741824	38118264832	176570368
337	1285718016	536870912	12708171776	1812008960	1073741824	33443123200	1280737280	536870912	12738850816	1792606208	1073741824	38118264832	161841152
338	1267482624	536870912	12902748160	1811062784	1073741824	33629114368	1284567040	536870912	12738850816	1795911680	1073741824	38118264832	172548096
339	1267523584	536870912	12902748160	1811189760	1073741824	33629114368	1284632576	536870912	12738850816	1795944448	1073741824	38118264832	171159552
340	1268154368	536870912	12902748160	1814163456	1073741824	33629114368	1287172096	536870912	12738850816	1797738496	1073741824	38118264832	164585472
341	1272057856	536870912	12902748160	1823432704	1073741824	33629114368	1257377792	536870912	13121351680	1800286208	1073741824	38118264832	174960640
342	1272393728	536870912	12902748160	1833365504	1073741824	33629114368	1263992832	536870912	13121351680	1801035776	1073741824	38118264832	168366080
343	1267367936	536870912	12902748160	1843290112	1073741824	33629114368	1271152640	536870912	13121351680	1802272768	1073741824	38118264832	181428224
344	1265963008	536870912	12902748160	1855242240	1073741824	33629114368	1277308928	536870912	13121351680	1803337728	1073741824	38118264832	173662208
345	1267056640	536870912	12902748160	1829724160	1073741824	34041442304	1281179648	536870912	13121351680	1804238848	1073741824	38118264832	187314176
346	1268740096	536870912	12902748160	1832263680	1073741824	34041442304	1283518464	536870912	13121351680	1804963840	1073741824	38118264832	164814848
347	1186537472	536870912	13995663360	1731506176	1073741824	35328749568	1201266688	536870912	13725007872	1739587584	1073741824	38475055104	162381824
348	1175863296	536870912	14165114880	1692913664	1073741824	35679678464	1121677312	536870912	14110240768	1679708160	1073741824	38846447616	186761216
349	1176076288	536870912	14165114880	1693147136	1073741824	35679678464	1122095104	536870912	14110240768	1679843328	1073741824	38846447616	185659392
350	1179537408	536870912	14165114880	1699115008	1073741824	35679678464	1130156032	536870912	14110240768	1682391040	1073741824	38846447616	164290560
351	1179025408	536870912	14165114880	1698623488	1073741824	35679678464	1138868224	536870912	14110240768	1685274624	1073741824	38846447616	165224448
352	1178234880	536870912	14165114880	1697165312	1073741824	35679678464	1148510208	536870912	14110240768	1688055808	1073741824	38846447616	165707776
353	1150251008	536870912	14655950848	1688621056	1073741824	35794300928	1152864256	536870912	14110240768	1689194496	1073741824	38846447616	195264512
354	1165422592	536870912	14655950848	1685155840	1073741824	35840012288	1156509696	536870912	14110240768	1690509312	1073741824	38846447616	175407104
355	1150103552	536870912	15146659840	1686544384	1073741824	35840012288	1103880192	536870912	14296829952	1691176960	1073741824	38846447616	238821376
356	1184882688	536870912	15146659840	1690296320	1073741824	35840012288	1107349504	536870912	14296829952	1692041216	1073741824	38846447616	191938560
357	1189380096	536870912	15146659840	1695043584	1073741824	35840012288	1115758592	536870912	14296829952	1693433856	1073741824	38846447616	171114496
358	1195663360	536870912	15146659840	1702166528	1073741824	35840012288	1122926592	536870912	14296829952	1695559680	1073741824	38846447616	159027200
359	1197305856	536870912	15146659840	1698971648	1073741824	35840012288	1131601920	536870912	14296829952	1700028416	1073741824	38846447616	173330432
360	1198419968	536870912	15146659840	1699172352	1073741824	35840012288	1140748288	536870912	14296829952	1706045440	1073741824	38846447616	167600128
361	1164181504	536870912	15823200256	1704050688	1073741824	35840012288	1146855424	536870912	14296829952	1709690880	1073741824	38846447616	183816192
362	1174396928	536870912	15823200256	1712869376	1073741824	35840012288	1153540096	536870912	14296829952	1669156864	1073741824	39123517440	193945600
363	1183203328	536870912	15823200256	1720377344	1073741824	35840012288	1159225344	536870912	14296829952	1663393792	1073741824	39167254528	174215168
364	1193758720	536870912	15823200256	1720205312	1073741824	35840012288	1166331904	536870912	14296829952	1665392640	1073741824	39167254528	165670912
365	1201709056	536870912	15823200256	1717645312	1073741824	35840012288	1172566016	536870912	14296829952	1668857856	1073741824	39167254528	162807808
366	1173430272	536870912	16319815680	1720270848	1073741824	35894210560	1178464256	536870912	14296829952	1671884800	1073741824	39167254528	174047232
367	1176207360	536870912	16424943616	1715073024	1073741824	36019048448	1185255424	536870912	14296829952	1676414976	1073741824	39167254528	163041280
368	1162772480	536870912	16668377088	1721688064	1073741824	36019048448	1191710720	536870912	14296829952	1680375808	1073741824	39167254528	157601792
369	1166057472	536870912	16831410176	1730781184	1073741824	36019048448	1151434752	536870912	14492729344	1683156992	1073741824	39167254528	178413568
370	1180332032	536870912	16831410176	1697193984	1073741824	36363948032	1158926336	536870912	14492729344	1687601152	1073741824	39167254528	181456896
371	1167368192	536870912	17184350208	1702895616	1073741824	36363948032	1166155776	536870912	14492729344	1691717632	1073741824	39167254528	174481408
372	1172561920	536870912	17349074944	1687834624	1073741824	36537126912	1171902464	536870912	14492729344	1695387648	1073741824	39167254528	170442752
373	1179852800	536870912	17513037824	1691848704	1073741824	36537126912	1151225856	536870912	14671941632	1699299328	1073741824	39167254528	172916736
374	1182957568	536870912	17513037824	1692598272	1073741824	36537126912	1153826816	536870912	14671941632	1700380672	1073741824	39167254528	175468544
375	1190313984	536870912	17513037824	1692151808	1073741824	36537126912	1159020544	536870912	14671941632	1703596032	1073741824	39167254528	170635264
376	1160568832	536870912	17870495744	1700450304	1073741824	36537126912	1164054528	536870912	14671941632	1706749952	1073741824	39167254528	171122688
377	1129955328	536870912	18340016128	1681879040	1073741824	36697456640	1132736512	536870912	14854344704	1637064704	1073741824	39672893440	145313792
378	1052401664	536870912	18805600256	1601458176	1073741824	37307580416	1057341440	536870912	15338790912	1551978496	1073741824	39988707328	158638080
379	1066319872	536870912	18805600256	1565556736	1073741824	37577318400	1062359040	536870912	15338790912	1552867328	1073741824	39988707328	173445120
380	1063862272	536870912	19092619264	1568014336	1073741824	37577318400	1012338688	536870912	15412428800	1553309696	1073741824	39988707328	218583040
381	1075060736	536870912	19092619264	1572478976	1073741824	37577318400	1000185856	536870912	15538937856	1553739776	1073741824	39988707328	213262336
382	1086193664	536870912	19092619264	1579573248	1073741824	37577318400	1004711936	536870912	15538937856	1554669568	1073741824	39988707328	185692160
383	1066008576	536870912	19388362752	1581285376	1073741824	37577318400	1011613696	536870912	15538937856	1555218432	1073741824	39988707328	206688256
384	1072734208	536870912	19388362752	1582817280	1073741824	37577318400	1013215232	536870912	15538937856	1555550208	1073741824	39988707328	195391488
385	1072955392	536870912	19388362752	1582874624	1073741824	37577318400	1013288960	536870912	15538937856	1555587072	1073741824	39988707328	193773568
386	1084211200	536870912	19388362752	1584816128	1073741824	37577318400	1017053184	536870912	15538937856	1556774912	1073741824	39988707328	174788608
387	1066823680	536870912	19667611648	1598545920	1073741824	37577318400	1020362752	536870912	15538937856	1558028288	1073741824	39988707328	171769856
388	1060941824	536870912	19957334016	1602650112	1073741824	37577318400	1027276800	536870912	15538937856	1559494656	1073741824	39988707328	161021952
389	1049116672	536870912	20175167488	1604820992	1073741824	37577318400	1033228288	536870912	15538937856	1560707072	1073741824	39988707328	173109248
390	1065619456	536870912	20175167488	1607479296	1073741824	37577318400	1037979648	536870912	15538937856	1562001408	1073741824	39988707328	159424512
391	1079640064	536870912	20175167488	1606152192	1073741824	37577318400	1045442560	536870912	15538937856	1562480640	1073741824	39988707328	160448512
392	1096253440	536870912	20175167488	1595699200	1073741824	37577318400	1051422720	536870912	15538937856	1562939392	1073741824	39988707328	171560960
393	1080442880	536870912	20473307136	1599053824	1073741824	37577318400	1058512896	536870912	15538937856	1565741056	1073741824	39988707328	181211136
394	1054134272	536870912	20901064704	1610313728	1073741824	37577318400	1063419904	536870912	15538937856	1567965184	1073741824	39988707328	187621376
395	1068761088	536870912	20901064704	1607753728	1073741824	37577318400	1070813184	536870912	15538937856	1571217408	1073741824	39988707328	174489600
396	1059958784	536870912	21185875968	1614852096	1073741824	37577318400	1076539392	536870912	15538937856	1573064704	1073741824	39988707328	168960000
397	1071226880	536870912	21185875968	1591742464	1073741824	37860491264	1007898624	536870912	15835000832	1575571456	1073741824	39988707328	242479104
398	1087860736	536870912	21185875968	1595060224	1073741824	37860491264	1015324672	536870912	15835000832	1579393024	1073741824	39988707328	207683584
399	1101086720	536870912	21185875968	1609146368	1073741824	37860491264	1021673472	536870912	15835000832	1581993984	1073741824	39988707328	165314560
400	1084133376	536870912	21474611200	1617534976	1073741824	37860491264	1026822144	536870912	15835000832	1584824320	1073741824	39988707328	163676160
401	1074864128	536870912	21766602752	1612840960	1073741824	38008197120	1033244672	536870912	15835000832	1586864128	1073741824	39988707328	166391808
402	1084108800	536870912	21766602752	1608208384	1073741824	38008197120	1041502208	536870912	15835000832	1590677504	1073741824	39988707328	171573248
403	1092292608	536870912	21766602752	1612730368	1073741824	38008197120	1049563136	536870912	15835000832	1594392576	1073741824	39988707328	168108032
404	1070600192	536870912	22051680256	1607389184	1073741824	38008197120	1057304576	536870912	15835000832	1597665280	1073741824	39988707328	202203136
405	1074114560	536870912	22051680256	1607860224	1073741824	38008197120	1058484224	536870912	15835000832	1598095360	1073741824	39988707328	197677056
406	1084981248	536870912	22051680256	1614217216	1073741824	38008197120	1061531648	536870912	15835000832	1598660608	1073741824	39988707328	174948352
407	1056428032	536870912	22517882880	1608474624	1073741824	38147244032	1066352640	536870912	15835000832	1599107072	1073741824	39988707328	147386368
408	964370432	536870912	23121584128	1517256704	1073741824	38959894528	972640256	536870912	16261382144	1504104448	1073741824	40385019904	189853696
409	957591552	536870912	23188566016	1479905280	1073741824	39288438784	927690752	536870912	16496254976	1469243392	1073741824	40559054848	176664576
410	957841408	536870912	23296180224	1482477568	1073741824	39288438784	932773888	536870912	16496254976	1470484480	1073741824	40592326656	179183616
411	968577024	536870912	23296180224	1483702272	1073741824	39288438784	938610688	536870912	16496254976	1471848448	1073741824	40592326656	169455616
412	959709184	536870912	23520190464	1488351232	1073741824	39288438784	946634752	536870912	16496254976	1475100672	1073741824	40592326656	170622976
413	946618368	536870912	23754338304	1493835776	1073741824	39288438784	953319424	536870912	16496254976	1478053888	1073741824	40592326656	174620672
414	957755392	536870912	23754338304	1469644800	1073741824	39613140992	930942976	536870912	16609755136	1481375744	1073741824	40592326656	204541952
415	959299584	536870912	23754338304	1471168512	1073741824	39613140992	931799040	536870912	16609755136	1481764864	1073741824	40592326656	198701056
416	966438912	536870912	23754338304	1476259840	1073741824	39613140992	934916096	536870912	16609755136	1482502144	1073741824	40592326656	180203520
417	963309568	536870912	23870611456	1483431936	1073741824	39613140992	942538752	536870912	16609755136	1483276288	1073741824	40592326656	163708928
418	949157888	536870912	23991566336	1488277504	1073741824	39613140992	948961280	536870912	16609755136	1484009472	1073741824	40592326656	161923072
419	953348096	536870912	23991566336	1474486272	1073741824	39725805568	942788608	536870912	16714420224	1484406784	1073741824	40592326656	176087040
420	958255104	536870912	23991566336	1480019968	1073741824	39725805568	949510144	536870912	16714420224	1484963840	1073741824	40592326656	156577792
421	934785024	536870912	24218050560	1486327808	1073741824	39725805568	956182528	536870912	16714420224	1486499840	1073741824	40592326656	162304000
422	936734720	536870912	24317935616	1491021824	1073741824	39725805568	910221312	536870912	16860708864	1487376384	1073741824	40592326656	196124672
423	941166592	536870912	24317935616	1499041792	1073741824	39725805568	918147072	536870912	16860708864	1489457152	1073741824	40592326656	171782144
424	938041344	536870912	24317935616	1496621056	1073741824	39725805568	925982720	536870912	16860708864	1492639744	1073741824	40592326656	175783936
425	938262528	536870912	24317935616	1471647744	1073741824	39950204928	933470208	536870912	16860708864	1495523328	1073741824	40592326656	194543616
426	943321088	536870912	24317935616	1481760768	1073741824	39950204928	943665152	536870912	16860708864	1498607616	1073741824	40592326656	162779136
427	943235072	536870912	24317935616	1484214272	1073741824	39950204928	950738944	536870912	16860708864	1444995072	1073741824	40838922240	212844544
428	947576832	536870912	24317935616	1491259392	1073741824	39950204928	957771776	536870912	16860708864	1447387136	1073741824	40838922240	188252160
429	948609024	536870912	24317935616	1498456064	1073741824	39950204928	967016448	536870912	16860708864	1451220992	1073741824	40838922240	175755264
430	961466368	536870912	24317935616	1499041792	1073741824	40064913408	935768064	536870912	16996397056	1454952448	1073741824	40838922240	186195968
431	967008256	536870912	24317935616	1505832960	1073741824	40064913408	943468544	536870912	16996397056	1458192384	1073741824	40838922240	171200512
432	970629120	536870912	24317935616	1497866240	1073741824	40180817920	952451072	536870912	16996397056	1461714944	1073741824	40838922240	182956032
433	985927680	536870912	24317935616	1494962176	1073741824	40291303424	960839680	536870912	16996397056	1463115776	1073741824	40838922240	156979200
434	946585600	536870912	24782045184	1487503360	1073741824	40416702464	968212480	536870912	16996397056	1466044416	1073741824	40838922240	190660608
435	952147968	536870912	24782045184	1493479424	1073741824	40416702464	974999552	536870912	16996397056	1468932096	1073741824	40838922240	177565696
436	960974848	536870912	24782045184	1504985088	1073741824	40416702464	945352704	536870912	17228992512	1471246336	1073741824	40838922240	181022720
437	958713856	536870912	24892252160	1481244672	1073741824	40745197568	952238080	536870912	17228992512	1473011712	1073741824	40838922240	192634880
438	966426624	536870912	24892252160	1490087936	1073741824	40745197568	957153280	536870912	17228992512	1474572288	1073741824	40838922240	1549799424
439	973811712	536870912	24892252160	1500676096	1073741824	40745197568	963424256	536870912	17228992512	1476812800	1073741824	40838922240	3203530752
440	974766080	536870912	24892252160	1503698944	1073741824	40745197568	965120000	536870912	17228992512	1477779456	1073741824	40838922240	5159272448
441	974733312	536870912	24892252160	1507491840	1073741824	40745197568	967786496	536870912	17228992512	1479225344	1073741824	40838922240	7567515648
442	974733312	536870912	24892252160	1519214592	1073741824	40745197568	972730368	536870912	17228992512	1482383360	1073741824	40838922240	7847956480
443	974733312	536870912	24892252160	1526571008	1073741824	40745197568	976834560	536870912	17228992512	1482809344	1073741824	40838922240	7865565184
444	974733312	536870912	24892252160	1531576320	1073741824	40745197568	979447808	536870912	17228992512	1482969088	1073741824	40838922240	7857209344
445	974749696	536870912	24892252160	1535299584	1073741824	40745197568	981471232	536870912	17228992512	1483030528	1073741824	40838922240	7848902656
446	974749696	536870912	24892252160	1537429504	1073741824	40745197568	985665536	536870912	17228992512	1483161600	1073741824	40838922240	7842172928
447	974749696	536870912	24892252160	1542549504	1073741824	40745197568	988565504	536870912	17228992512	1483440128	1073741824	40838922240	7826251776
448	974749696	536870912	24892252160	1546223616	1073741824	40745197568	991830016	536870912	17228992512	993611776	1073741824	40838922240	8376995840
449	974749696	536870912	24892252160	1553428480	1073741824	40745197568	995692544	536870912	17228992512	994791424	1073741824	40838922240	8363560960
450	974749696	536870912	24892252160	1562972160	1073741824	40745197568	1000263680	536870912	17228992512	996823040	1073741824	40838922240	8344891392
451	974749696	536870912	24892252160	1570824192	1073741824	40745197568	1003450368	536870912	17228992512	998383616	1073741824	40838922240	8329011200
452	974749696	536870912	24892252160	1582821376	1073741824	40745197568	1008304128	536870912	17228992512	1000222720	1073741824	40838922240	8312471552
453	974749696	536870912	24892252160	1595899904	1073741824	40745197568	1013288960	536870912	17228992512	1002229760	1073741824	40838922240	8288755712
454	974749696	536870912	24892252160	1606950912	1073741824	40745197568	1018585088	536870912	17228992512	1004208128	1073741824	40838922240	8268226560
455	974749696	536870912	24892252160	1618288640	1073741824	40745197568	1023987712	536870912	17228992512	1006632960	1073741824	40838922240	8245530624
456	974749696	536870912	24892252160	1625862144	1073741824	40745197568	1028382720	536870912	17228992512	1007951872	1073741824	40838922240	8230469632
457	974749696	536870912	24892252160	1628246016	1073741824	40745197568	1030950912	536870912	17228992512	1008218112	1073741824	40838922240	8224653312
