1	907186176	2147483648	0	1823547392	4294967296	0	1497100288	2147483648	0	3574018048	4294967296	0	181428224
2	907304960	2147483648	0	1823666176	4294967296	0	1497100288	2147483648	0	3596562432	4294967296	0	158113792
3	905306112	2147483648	0	1815322624	4294967296	0	1488117760	2147483648	0	3605225472	4294967296	0	185257984
4	901705728	2147483648	0	1800863744	4294967296	0	1472380928	2147483648	0	3676577792	4294967296	0	177209344
5	934522880	2147483648	0	1797472256	4294967296	0	1458196480	2147483648	0	3683463168	4294967296	0	183611392
6	940687360	2147483648	0	1807011840	4294967296	0	1451229184	2147483648	0	3695992832	4294967296	0	174735360
7	940265472	2147483648	0	1803603968	4294967296	0	1447407616	2147483648	0	3713748992	4294967296	0	172150784
8	939208704	2147483648	0	1798889472	4294967296	0	1442140160	2147483648	0	3735969792	4294967296	0	172949504
9	938627072	2147483648	0	1795637248	4294967296	0	1438466048	2147483648	0	3765882880	4294967296	0	156594176
10	937672704	2147483648	0	1789153280	4294967296	0	1431269376	2147483648	0	3776344064	4294967296	0	174026752
11	936857600	2147483648	0	1782833152	4294967296	0	1424293888	2147483648	0	3794505728	4294967296	0	183877632
12	930619392	2147483648	0	1759830016	4294967296	0	1581690880	2147483648	0	3723231232	4294967296	0	177819648
13	927748096	2147483648	0	1748733952	4294967296	0	1635872768	2147483648	0	3706314752	4294967296	0	181256192
14	926138368	2147483648	0	1741107200	4294967296	0	1666637824	2147483648	0	3701948416	4294967296	0	183619584
15	924319744	2147483648	0	1733267456	4294967296	0	1691144192	2147483648	0	3700838400	4294967296	0	189169664
16	921559040	2147483648	0	1740156928	4294967296	0	1710346240	2147483648	0	3684626432	4294967296	0	201928704
17	920203264	2147483648	0	1759371264	4294967296	0	1731260416	2147483648	0	3688894464	4294967296	0	177602560
18	918147072	2147483648	0	1792737280	4294967296	0	1743200256	2147483648	0	3669286912	4294967296	0	178954240
19	917094400	2147483648	0	1785950208	4294967296	0	1762742272	2147483648	0	3674046464	4294967296	0	178155520
20	916082688	2147483648	0	1779060736	4294967296	0	1785491456	2147483648	0	3679444992	4294967296	0	174301184
21	915054592	2147483648	0	1772494848	4294967296	0	1806512128	2147483648	0	3682734080	4294967296	0	176041984
22	913924096	2147483648	0	1765326848	4294967296	0	1833267200	2147483648	0	3685216256	4294967296	0	175362048
23	913338368	2147483648	0	1760858112	4294967296	0	1860784128	2147483648	0	3337027584	4294967296	0	512811008
24	913960960	2147483648	0	1761234944	4294967296	0	1909268480	2147483648	0	3096084480	4294967296	0	708304896
25	914436096	2147483648	0	1798520832	4294967296	0	1959710720	2147483648	0	3096166400	4294967296	0	620044288
26	915079168	2147483648	0	1819181056	4294967296	0	2003296256	2147483648	0	3096219648	4294967296	0	554909696
27	915890176	2147483648	0	1819570176	4294967296	0	2041499648	2147483648	0	3096264704	4294967296	0	516677632
28	917188608	2147483648	0	1819619328	4294967296	0	2090762240	2147483648	0	3096408064	4294967296	0	465354752
29	918102016	2147483648	0	1820446720	4294967296	0	2136354816	2147483648	0	3096502272	4294967296	0	418000896
30	918786048	2147483648	0	1821003776	4294967296	0	2147336192	2147483648	0	3096535040	4294967296	0	404160512
31	919650304	2147483648	0	1821859840	4294967296	0	2147336192	2147483648	0	3096571904	4294967296	0	402219008
32	920653824	2147483648	0	1822658560	4294967296	0	2147340288	2147483648	0	3096608768	4294967296	0	400003072
33	921489408	2147483648	0	1823555584	4294967296	0	2147479552	2147483648	0	3096674304	4294967296	0	398741504
34	922333184	2147483648	0	1824600064	4294967296	0	2147479552	2147483648	0	3096711168	4294967296	0	396992512
35	923062272	2147483648	0	1825472512	4294967296	0	2147483648	2147483648	0	3096801280	4294967296	0	394633216
36	923848704	2147483648	0	1826402304	4294967296	0	2147352576	2147483648	0	3096842240	4294967296	0	393879552
37	924909568	2147483648	0	1826693120	4294967296	0	2147360768	2147483648	0	3096879104	4294967296	0	392515584
38	926199808	2147483648	0	1827295232	4294967296	0	1604919296	2147483648	0	3096928256	4294967296	0	934481920
39	927379456	2147483648	0	1828401152	4294967296	0	1604829184	2147483648	0	3096989696	4294967296	0	931700736
40	928677888	2147483648	0	1829572608	4294967296	0	1604829184	2147483648	0	3097055232	4294967296	0	929292288
41	930062336	2147483648	0	1830875136	4294967296	0	1604829184	2147483648	0	3097108480	4294967296	0	925859840
42	931020800	2147483648	0	1832280064	4294967296	0	1604829184	2147483648	0	3097239552	4294967296	0	924311552
43	932061184	2147483648	0	1833504768	4294967296	0	1604829184	2147483648	0	3097239552	4294967296	0	921223168
44	933490688	2147483648	0	1834921984	4294967296	0	1604829184	2147483648	0	3097309184	4294967296	0	917630976
45	935129088	2147483648	0	1840996352	4294967296	0	1604829184	2147483648	0	3097366528	4294967296	0	910385152
46	936239104	2147483648	0	1856303104	4294967296	0	1604829184	2147483648	0	3097427968	4294967296	0	893362176
47	937537536	2147483648	0	1864126464	4294967296	0	1604829184	2147483648	0	3097473024	4294967296	0	884813824
48	938848256	2147483648	0	1879613440	4294967296	0	1604829184	2147483648	0	3097522176	4294967296	0	867991552
49	940433408	2147483648	0	1897725952	4294967296	0	1606926336	2147483648	0	3097612288	4294967296	0	844746752
50	941699072	2147483648	0	1915596800	4294967296	0	1606926336	2147483648	0	3097665536	4294967296	0	826060800
51	942776320	2147483648	0	1927565312	4294967296	0	1606926336	2147483648	0	3097726976	4294967296	0	812503040
52	944103424	2147483648	0	1942536192	4294967296	0	1606926336	2147483648	0	3097759744	4294967296	0	796868608
53	946843648	2147483648	0	1957351424	4294967296	0	1606926336	2147483648	0	3097829376	4294967296	0	778616832
54	1056145408	2147483648	0	1963425792	4294967296	0	1606926336	2147483648	0	3097882624	4294967296	0	661069824
55	1128615936	2147483648	0	1975689216	4294967296	0	1606926336	2147483648	0	3100041216	4294967296	0	571334656
56	1152589824	2147483648	0	1988657152	4294967296	0	1606926336	2147483648	0	3100073984	4294967296	0	534425600
57	1202778112	2147483648	0	2001547264	4294967296	0	1606926336	2147483648	0	3100102656	4294967296	0	469463040
58	1233698816	2147483648	0	2018013184	4294967296	0	1606926336	2147483648	0	3100119040	4294967296	0	421396480
59	1284411392	2147483648	0	2018598912	4294967296	0	1606926336	2147483648	0	3099992064	4294967296	0	367489024
60	1315201024	2147483648	0	2032721920	4294967296	0	1606926336	2147483648	0	3099992064	4294967296	0	322379776
61	1330733056	2147483648	0	2043375616	4294967296	0	1606926336	2147483648	0	3100254208	4294967296	0	295280640
62	1371820032	2147483648	0	2054705152	4294967296	0	1606926336	2147483648	0	3100168192	4294967296	0	241704960
63	1373118464	2147483648	0	2054639616	4294967296	0	1606926336	2147483648	0	3100213248	4294967296	0	240087040
64	1374269440	2147483648	0	2055294976	4294967296	0	1606926336	2147483648	0	3100233728	4294967296	0	237035520
65	1375703040	2147483648	0	2072481792	4294967296	0	1606926336	2147483648	0	3100258304	4294967296	0	218611712
66	1376858112	2147483648	0	2089394176	4294967296	0	1606926336	2147483648	0	3100274688	4294967296	0	200007680
67	1378250752	2147483648	0	2103566336	4294967296	0	1606926336	2147483648	0	3100282880	4294967296	0	184115200
68	1381027840	2147483648	0	2106658816	4294967296	0	1606926336	2147483648	0	3100180480	4294967296	0	178614272
69	1395904512	2147483648	0	2107940864	4294967296	0	1606926336	2147483648	0	3100180480	4294967296	0	160931840
70	1403113472	2147483648	0	2102517760	4294967296	0	1600208896	2147483648	0	3089047552	4294967296	0	181075968
71	1416740864	2147483648	0	2103558144	4294967296	0	1600208896	2147483648	0	3089047552	4294967296	0	167219200
72	1422172160	2147483648	0	2104827904	4294967296	0	1600208896	2147483648	0	3089047552	4294967296	0	159211520
73	1432252416	2147483648	0	2098610176	4294967296	0	1594142720	2147483648	0	3077959680	4294967296	0	177872896
74	1443557376	2147483648	0	2099732480	4294967296	0	1594142720	2147483648	0	3077959680	4294967296	0	167104512
75	1446559744	2147483648	0	2093531136	4294967296	0	1588162560	2147483648	0	3067162624	4294967296	0	191307776
76	1447649280	2147483648	0	2094804992	4294967296	0	1588162560	2147483648	0	3067162624	4294967296	0	188497920
77	1448873984	2147483648	0	2096091136	4294967296	0	1588162560	2147483648	0	3067162624	4294967296	0	186286080
78	1463984128	2147483648	0	2097303552	4294967296	0	1588162560	2147483648	0	3067162624	4294967296	0	169246720
79	1469423616	2147483648	0	2098241536	4294967296	0	1588162560	2147483648	0	3067162624	4294967296	0	162656256
80	1479897088	2147483648	0	2095673344	4294967296	0	1585254400	2147483648	0	3061927936	4294967296	0	165445632
81	1483235328	2147483648	0	2089467904	4294967296	0	1579413504	2147483648	0	3051372544	4294967296	0	189448192
82	1491681280	2147483648	0	2090442752	4294967296	0	1579413504	2147483648	0	3051372544	4294967296	0	179830784
83	1497432064	2147483648	0	2091409408	4294967296	0	1579413504	2147483648	0	3051372544	4294967296	0	174243840
84	1490341888	2147483648	0	2085253120	4294967296	0	1573662720	2147483648	0	3067019264	4294967296	0	179769344
85	1479524352	2147483648	0	2076659712	4294967296	0	1566044160	2147483648	0	3109621760	4294967296	0	171196416
86	1465331712	2147483648	0	2070786048	4294967296	0	1556058112	2147483648	0	3142467584	4294967296	0	178126848
87	1443381248	2147483648	0	2123390976	4294967296	0	1541484544	2147483648	0	3151089664	4294967296	0	169172992
88	1422716928	2147483648	0	2162294784	4294967296	0	1527320576	2147483648	0	3163865088	4294967296	0	166928384
89	1405181952	2147483648	0	2199138304	4294967296	0	1515425792	2147483648	0	3173003264	4294967296	0	163192832
90	1391304704	2147483648	0	2215264256	4294967296	0	1505959936	2147483648	0	3191009280	4294967296	0	161779712
91	1371148288	2147483648	0	2225860608	4294967296	0	1492287488	2147483648	0	3207593984	4294967296	0	183169024
92	1358897152	2147483648	0	2240065536	4294967296	0	1483522048	2147483648	0	3238719488	4294967296	0	169365504
93	1346502656	2147483648	0	2258911232	4294967296	0	1475002368	2147483648	0	3255263232	4294967296	0	165249024
94	1328541696	2147483648	0	2273247232	4294967296	0	1462730752	2147483648	0	3275067392	4294967296	0	176152576
95	1314267136	2147483648	0	2281115648	4294967296	0	1452965888	2147483648	0	3301548032	4294967296	0	178057216
96	1306902528	2147483648	0	2267619328	4294967296	0	1447579648	2147483648	0	3336998912	4294967296	0	176693248
97	1299730432	2147483648	0	2254970880	4294967296	0	1442390016	2147483648	0	3370065920	4294967296	0	174514176
98	1292267520	2147483648	0	2241810432	4294967296	0	1437020160	2147483648	0	3405090816	4294967296	0	171810816
99	1277304832	2147483648	0	2216050688	4294967296	0	1465356288	2147483648	0	3419717632	4294967296	0	180572160
100	1263824896	2147483648	0	2192760832	4294967296	0	1495977984	2147483648	0	3439706112	4294967296	0	178503680
101	1253556224	2147483648	0	2174603264	4294967296	0	1525161984	2147483648	0	3451138048	4294967296	0	170668032
102	1240424448	2147483648	0	2151772160	4294967296	0	1559465984	2147483648	0	3464302592	4294967296	0	172015616
103	1228292096	2147483648	0	2131087360	4294967296	0	1591062528	2147483648	0	3470680064	4294967296	0	179175424
104	1217277952	2147483648	0	2111451136	4294967296	0	1625907200	2147483648	0	3481899008	4294967296	0	177807360
105	1204822016	2147483648	0	2088841216	4294967296	0	1668173824	2147483648	0	3489091584	4294967296	0	176852992
106	1195024384	2147483648	0	2072338432	4294967296	0	1700098048	2147483648	0	3503980544	4294967296	0	163184640
107	1183109120	2147483648	0	2052210688	4294967296	0	1727856640	2147483648	0	3512827904	4294967296	0	169648128
108	1174351872	2147483648	0	2037039104	4294967296	0	1750257664	2147483648	0	3530510336	4294967296	0	161943552
109	1165336576	2147483648	0	2022187008	4294967296	0	1774206976	2147483648	0	3538419712	4294967296	0	166752256
110	1163563008	2147483648	0	2018865152	4294967296	0	1804230656	2147483648	0	3565842432	4294967296	0	2152267776
111	1164193792	2147483648	0	2026450944	4294967296	0	1838264320	2147483648	0	3599384576	4294967296	0	4590059520
112	1164910592	2147483648	0	2034196480	4294967296	0	1873420288	2147483648	0	3631661056	4294967296	0	5208932352
113	1165725696	2147483648	0	2046160896	4294967296	0	1906225152	2147483648	0	3669667840	4294967296	0	5122830336
114	1166716928	2147483648	0	2049589248	4294967296	0	1938219008	2147483648	0	3708784640	4294967296	0	5045260288
115	1167646720	2147483648	0	2055106560	4294967296	0	1971019776	2147483648	0	3733131264	4294967296	0	4981284864
116	1168465920	2147483648	0	2056028160	4294967296	0	2005168128	2147483648	0	3755323392	4294967296	0	4922314752
117	1169608704	2147483648	0	2056929280	4294967296	0	2036928512	2147483648	0	3780681728	4294967296	0	4862488576
118	1170698240	2147483648	0	2057994240	4294967296	0	2064924672	2147483648	0	3801989120	4294967296	0	4809695232
119	1171611648	2147483648	0	2059108352	4294967296	0	2084675584	2147483648	0	3839627264	4294967296	0	4749275136
120	1172676608	2147483648	0	2060029952	4294967296	0	2103943168	2147483648	0	3876872192	4294967296	0	4690391040
121	1173590016	2147483648	0	2060832768	4294967296	0	2132602880	2147483648	0	3911634944	4294967296	0	4623003648
122	1174560768	2147483648	0	2061819904	4294967296	0	2147397632	2147483648	0	3946319872	4294967296	0	4568535040
123	1175781376	2147483648	0	2062942208	4294967296	0	2147405824	2147483648	0	3979747328	4294967296	0	4532731904
124	1194143744	2147483648	0	2064003072	4294967296	0	2147454976	2147483648	0	4014055424	4294967296	0	4478799872
125	1244794880	2147483648	0	2064769024	4294967296	0	2147479552	2147483648	0	4043735040	4294967296	0	4395556864
126	1296424960	2147483648	0	2065580032	4294967296	0	2147037184	2147483648	0	4072681472	4294967296	0	4311183360
127	1338789888	2147483648	0	2066485248	4294967296	0	2147393536	2147483648	0	4098928640	4294967296	0	4241981440
128	1378754560	2147483648	0	2067234816	4294967296	0	2147430400	2147483648	0	4130623488	4294967296	0	4167622656
129	1390931968	2147483648	0	2067869696	4294967296	0	2147299328	2147483648	0	4165783552	4294967296	0	4120510464
130	1396072448	2147483648	0	2068701184	4294967296	0	2147483648	2147483648	0	4202852352	4294967296	0	4075155456
131	1400844288	2147483648	0	2069622784	4294967296	0	2147475456	2147483648	0	4239810560	4294967296	0	4031250432
132	1408323584	2147483648	0	2070925312	4294967296	0	2147430400	2147483648	0	4278915072	4294967296	0	3981754368
133	1415544832	2147483648	0	2071150592	4294967296	0	2147418112	2147483648	0	4294905856	4294967296	0	3957661696
134	1419182080	2147483648	0	2071531520	4294967296	0	1649381376	2147483648	0	4294897664	4294967296	0	4454944768
135	1422626816	2147483648	0	2072395776	4294967296	0	1649352704	2147483648	0	4294946816	4294967296	0	4449566720
136	1428320256	2147483648	0	2073440256	4294967296	0	1649352704	2147483648	0	4294938624	4294967296	0	4441288704
137	1433382912	2147483648	0	2074697728	4294967296	0	1649352704	2147483648	0	4294926336	4294967296	0	4437643264
138	1438867456	2147483648	0	2075787264	4294967296	0	1649352704	2147483648	0	4294926336	4294967296	0	4430118912
139	1443790848	2147483648	0	2076684288	4294967296	0	1649352704	2147483648	0	4294840320	4294967296	0	4421898240
140	1450348544	2147483648	0	2077544448	4294967296	0	1649352704	2147483648	0	3488169984	4294967296	0	5140758528
141	1454444544	2147483648	0	2077786112	4294967296	0	1649352704	2147483648	0	3488169984	4294967296	0	4765011968
142	1465692160	2147483648	0	2078552064	4294967296	0	1649352704	2147483648	0	3488169984	4294967296	0	4378189824
143	1493286912	2147483648	0	2079129600	4294967296	0	1649352704	2147483648	0	3488169984	4294967296	0	4134436864
144	1538449408	2147483648	0	2080235520	4294967296	0	1651449856	2147483648	0	3488169984	4294967296	0	4085231616
145	1580335104	2147483648	0	2081460224	4294967296	0	1651449856	2147483648	0	3488169984	4294967296	0	4039208960
146	1585135616	2147483648	0	2082230272	4294967296	0	1651449856	2147483648	0	3488169984	4294967296	0	4034772992
147	1586257920	2147483648	0	2082762752	4294967296	0	1651449856	2147483648	0	3488169984	4294967296	0	4033642496
148	1587408896	2147483648	0	2083409920	4294967296	0	1651449856	2147483648	0	3488169984	4294967296	0	4030521344
149	1538818048	2147483648	0	2083512320	4294967296	0	1651449856	2147483648	0	3488169984	4294967296	0	4079149056
150	1540091904	2147483648	0	2085105664	4294967296	0	1651449856	2147483648	0	3488169984	4294967296	0	4075892736
151	1541328896	2147483648	0	2086281216	4294967296	0	1651449856	2147483648	0	3488169984	4294967296	0	4075388928
152	1542590464	2147483648	0	2087972864	4294967296	0	1651449856	2147483648	0	3488169984	4294967296	0	4071972864
153	1543589888	2147483648	0	2089132032	4294967296	0	1651449856	2147483648	0	3488169984	4294967296	0	4068401152
154	1544749056	2147483648	0	2090188800	4294967296	0	1651449856	2147483648	0	3490267136	4294967296	0	4065542144
155	1545916416	2147483648	0	2091626496	4294967296	0	1651449856	2147483648	0	3490267136	4294967296	0	4062396416
156	1569890304	2147483648	0	2092793856	4294967296	0	1651449856	2147483648	0	3490267136	4294967296	0	4033826816
157	1574113280	2147483648	0	2114183168	4294967296	0	1651449856	2147483648	0	3490267136	4294967296	0	4009648128
158	1588715520	2147483648	0	2168201216	4294967296	0	1651449856	2147483648	0	3490267136	4294967296	0	3940700160
159	1594953728	2147483648	0	2229530624	4294967296	0	1651449856	2147483648	0	3490267136	4294967296	0	3872784384
160	1600708608	2147483648	0	2290831360	4294967296	0	1651449856	2147483648	0	3490267136	4294967296	0	3803176960
161	1601982464	2147483648	0	2354982912	4294967296	0	1651449856	2147483648	0	3490267136	4294967296	0	3734507520
162	1603653632	2147483648	0	2436628480	4294967296	0	1651449856	2147483648	0	3490267136	4294967296	0	3649138688
163	1604820992	2147483648	0	2513555456	4294967296	0	1651449856	2147483648	0	3490267136	4294967296	0	3568893952
164	1606250496	2147483648	0	2577506304	4294967296	0	1651449856	2147483648	0	3490267136	4294967296	0	3500232704
165	1607163904	2147483648	0	2661335040	4294967296	0	1651449856	2147483648	0	3490267136	4294967296	0	3414441984
166	1607749632	2147483648	0	2723213312	4294967296	0	1651449856	2147483648	0	3490267136	4294967296	0	3350847488
167	1608855552	2147483648	0	2733502464	4294967296	0	1651449856	2147483648	0	3490267136	4294967296	0	3337654272
168	1610022912	2147483648	0	2734145536	4294967296	0	1651449856	2147483648	0	3490267136	4294967296	0	3336884224
169	1613058048	2147483648	0	2734678016	4294967296	0	1651449856	2147483648	0	3490267136	4294967296	0	3327037440
170	1614077952	2147483648	0	2735714304	4294967296	0	1651449856	2147483648	0	3490267136	4294967296	0	3320967168
171	1615073280	2147483648	0	2717298688	4294967296	0	1651449856	2147483648	0	3490267136	4294967296	0	3346526208
172	1615814656	2147483648	0	2717933568	4294967296	0	1651449856	2147483648	0	3490267136	4294967296	0	2298388480
173	1616719872	2147483648	0	2718945280	4294967296	0	1651449856	2147483648	0	3490267136	4294967296	0	2296127488
174	1617915904	2147483648	0	2720268288	4294967296	0	1651449856	2147483648	0	3490267136	4294967296	0	2293985280
175	1619017728	2147483648	0	2721456128	4294967296	0	1651449856	2147483648	0	3490267136	4294967296	0	2291118080
176	1620316160	2147483648	0	2722471936	4294967296	0	1651449856	2147483648	0	3490267136	4294967296	0	2288414720
177	1621323776	2147483648	0	2723442688	4294967296	0	1651449856	2147483648	0	3490267136	4294967296	0	2285494272
178	1622458368	2147483648	0	2724380672	4294967296	0	1651449856	2147483648	0	3490267136	4294967296	0	2284056576
179	1624662016	2147483648	0	2725519360	4294967296	0	1651449856	2147483648	0	3490267136	4294967296	0	2280091648
180	1626001408	2147483648	0	2733461504	4294967296	0	1651449856	2147483648	0	3490267136	4294967296	0	2270568448
181	1627115520	2147483648	0	2746941440	4294967296	0	1651449856	2147483648	0	3490267136	4294967296	0	2254610432
182	1628340224	2147483648	0	2758561792	4294967296	0	1651449856	2147483648	0	3490267136	4294967296	0	2243039232
183	1629474816	2147483648	0	2772541440	4294967296	0	1651449856	2147483648	0	3490267136	4294967296	0	2228211712
184	1630773248	2147483648	0	2778767360	4294967296	0	1651449856	2147483648	0	3490267136	4294967296	0	2219597824
185	1632055296	2147483648	0	2780078080	4294967296	0	1651449856	2147483648	0	3490267136	4294967296	0	2216202240
186	1633087488	2147483648	0	2781040640	4294967296	0	1651449856	2147483648	0	3490267136	4294967296	0	2214309888
187	1634529280	2147483648	0	2782330880	4294967296	0	1651449856	2147483648	0	3490267136	4294967296	0	2211708928
188	1635454976	2147483648	0	2783404032	4294967296	0	1651449856	2147483648	0	3490267136	4294967296	0	2209095680
189	1636352000	2147483648	0	2784489472	4294967296	0	1651449856	2147483648	0	3490267136	4294967296	0	2206343168
190	1637445632	2147483648	0	2785607680	4294967296	0	1651449856	2147483648	0	3490267136	4294967296	0	2205184000
191	1638723584	2147483648	0	2786930688	4294967296	0	1651449856	2147483648	0	3490267136	4294967296	0	2201206784
192	1640022016	2147483648	0	2788024320	4294967296	0	1651449856	2147483648	0	3490267136	4294967296	0	2200363008
193	1641320448	2147483648	0	2789335040	4294967296	0	1651449856	2147483648	0	3490267136	4294967296	0	2196893696
194	1642618880	2147483648	0	2790707200	4294967296	0	1651449856	2147483648	0	3490267136	4294967296	0	2194415616
195	1643655168	2147483648	0	2791763968	4294967296	0	1702563840	2147483648	0	3490267136	4294967296	0	2139832320
196	1644703744	2147483648	0	2792697856	4294967296	0	1751134208	2147483648	0	3490267136	4294967296	0	2087780352
197	1645748224	2147483648	0	2793861120	4294967296	0	1797861376	2147483648	0	3490267136	4294967296	0	2037800960
198	1646845952	2147483648	0	2794999808	4294967296	0	1845268480	2147483648	0	3490267136	4294967296	0	1986445312
199	1647865856	2147483648	0	2796179456	4294967296	0	1894129664	2147483648	0	3490267136	4294967296	0	1935654912
200	1649090560	2147483648	0	2797092864	4294967296	0	1945169920	2147483648	0	3490267136	4294967296	0	1881030656
201	1650118656	2147483648	0	2798186496	4294967296	0	1994006528	2147483648	0	3524710400	4294967296	0	1788329984
202	1650753536	2147483648	0	2798878720	4294967296	0	2031546368	2147483648	0	3557986304	4294967296	0	1443135488
203	1651404800	2147483648	0	2799767552	4294967296	0	2070188032	2147483648	0	3593973760	4294967296	0	589885440
204	1652465664	2147483648	0	2800807936	4294967296	0	2114945024	2147483648	0	3638386688	4294967296	0	496353280
205	1653370880	2147483648	0	2801836032	4294967296	0	2147332096	2147483648	0	3678216192	4294967296	0	420646912
206	1654276096	2147483648	0	2802757632	4294967296	0	2147475456	2147483648	0	3715710976	4294967296	0	380510208
207	1654976512	2147483648	0	2803712000	4294967296	0	2147381248	2147483648	0	3756204032	4294967296	0	338120704
208	1655541760	2147483648	0	2804400128	4294967296	0	2147352576	2147483648	0	3790565376	4294967296	0	301649920
209	1664229376	2147483648	0	2805424128	4294967296	0	2147454976	2147483648	0	3831922688	4294967296	0	251637760
210	1711181824	2147483648	0	2805911552	4294967296	0	2147463168	2147483648	0	3864764416	4294967296	0	160006144
211	1740435456	2147483648	0	2780008448	4294967296	0	2147418112	2147483648	0	3866726400	4294967296	0	161775616
212	1759653888	2147483648	0	2754625536	4294967296	0	2146816000	2147483648	0	3866341376	4294967296	0	176214016
213	1788862464	2147483648	0	2725568512	4294967296	0	2145738752	2147483648	0	3862872064	4294967296	0	184721408
214	1815298048	2147483648	0	2701238272	4294967296	0	2146762752	2147483648	0	3870670848	4294967296	0	179900416
215	1833414656	2147483648	0	2679181312	4294967296	0	2147446784	2147483648	0	3880255488	4294967296	0	177438720
216	1851473920	2147483648	0	2659143680	4294967296	0	2147385344	2147483648	0	3888185344	4294967296	0	176087040
217	1884880896	2147483648	0	2641117184	4294967296	0	2147479552	2147483648	0	3895590912	4294967296	0	156737536
218	1894490112	2147483648	0	2612965376	4294967296	0	2147352576	2147483648	0	3901566976	4294967296	0	175669248
219	1913335808	2147483648	0	2594963456	4294967296	0	2147483648	2147483648	0	3921453056	4294967296	0	158695424
220	1919803392	2147483648	0	2567323648	4294967296	0	2147356672	2147483648	0	3929255936	4294967296	0	177315840
221	1912971264	2147483648	0	2560901120	4294967296	0	2145640448	2147483648	0	3953999872	4294967296	0	170758144
222	1898897408	2147483648	0	2547564544	4294967296	0	2145255424	2147483648	0	3980533760	4294967296	0	174022656
223	1796419584	2147483648	0	2534748160	4294967296	0	1727389696	2147483648	0	4006268928	4294967296	0	686497792
224	1797292032	2147483648	0	2535665664	4294967296	0	1727336448	2147483648	0	4053106688	4294967296	0	638533632
225	1798537216	2147483648	0	2536632320	4294967296	0	1727336448	2147483648	0	4100689920	4294967296	0	588496896
226	1799544832	2147483648	0	2537680896	4294967296	0	1727336448	2147483648	0	4148494336	4294967296	0	539234304
227	1800515584	2147483648	0	2539057152	4294967296	0	1727336448	2147483648	0	4194459648	4294967296	0	492101632
228	1801510912	2147483648	0	2540777472	4294967296	0	1727336448	2147483648	0	4240994304	4294967296	0	440815616
229	1802383360	2147483648	0	2542620672	4294967296	0	1727336448	2147483648	0	4285952000	4294967296	0	392433664
230	1803452416	2147483648	0	2544427008	4294967296	0	1727336448	2147483648	0	4294909952	4294967296	0	379936768
231	1804525568	2147483648	0	2571251712	4294967296	0	1727336448	2147483648	0	4294844416	4294967296	0	351117312
232	1805414400	2147483648	0	2652209152	4294967296	0	1727336448	2147483648	0	4294914048	4294967296	0	259940352
233	1806450688	2147483648	0	2711060480	4294967296	0	1727336448	2147483648	0	4294922240	4294967296	0	198402048
234	1799761920	2147483648	0	2770202624	4294967296	0	1718628352	2147483648	0	4277723136	4294967296	0	174194688
235	1784737792	2147483648	0	2818793472	4294967296	0	1705570304	2147483648	0	4259627008	4294967296	0	176775168
236	1770979328	2147483648	0	2862891008	4294967296	0	1694208000	2147483648	0	4249542656	4294967296	0	172740608
237	1763405824	2147483648	0	2891169792	4294967296	0	1682022400	2147483648	0	4235083776	4294967296	0	179752960
238	1759928320	2147483648	0	2908282880	4294967296	0	1674551296	2147483648	0	4234313728	4294967296	0	175673344
239	1751818240	2147483648	0	2939908096	4294967296	0	1669746688	2147483648	0	4230447104	4294967296	0	176197632
240	1743794176	2147483648	0	2973179904	4294967296	0	1659072512	2147483648	0	4219461632	4294967296	0	176840704
241	1738416128	2147483648	0	2994049024	4294967296	0	1648209920	2147483648	0	4216373248	4294967296	0	178921472
242	1734758400	2147483648	0	2982281216	4294967296	0	1644376064	2147483648	0	4243918848	4294967296	0	171651072
243	1737244672	2147483648	0	2972303360	4294967296	0	1641066496	2147483648	0	4267556864	4294967296	0	158814208
244	1718452224	2147483648	0	2932015104	4294967296	0	1628020736	2147483648	0	4265873408	4294967296	0	165511168
245	1649647616	2147483648	0	2755481600	4294967296	0	1591078912	2147483648	0	4176125952	4294967296	0	154718208
246	1545670656	2147483648	0	2593587200	4294967296	0	1535721472	2147483648	0	4030320640	4294967296	0	156327936
247	1519890432	2147483648	0	2552578048	4294967296	0	1521143808	2147483648	0	4012158976	4294967296	0	190586880
248	1520746496	2147483648	0	2553565184	4294967296	0	1521143808	2147483648	0	4044001280	4294967296	0	156495872
249	1513852928	2147483648	0	2542227456	4294967296	0	1517019136	2147483648	0	4064854016	4294967296	0	160829440
250	1503924224	2147483648	0	2526273536	4294967296	0	1511264256	2147483648	0	4082597888	4294967296	0	177606656
251	1497886720	2147483648	0	2516131840	4294967296	0	1507545088	2147483648	0	4104253440	4294967296	0	177917952
252	1491881984	2147483648	0	2506174464	4294967296	0	1503821824	2147483648	0	4125003776	4294967296	0	179642368
253	1486184448	2147483648	0	2496688128	4294967296	0	1500385280	2147483648	0	4144259072	4294967296	0	179228672
254	1484439552	2147483648	0	2493181952	4294967296	0	1498984448	2147483648	0	4171829248	4294967296	0	159068160
255	1477988352	2147483648	0	2482675712	4294967296	0	1495089152	2147483648	0	4188643328	4294967296	0	167628800
256	1470214144	2147483648	0	2470121472	4294967296	0	1490550784	2147483648	0	4206825472	4294967296	0	176951296
257	1466228736	2147483648	0	2463002624	4294967296	0	1487892480	2147483648	0	4221112320	4294967296	0	178524160
258	1467322368	2147483648	0	2463805440	4294967296	0	1487892480	2147483648	0	4235337728	4294967296	0	162701312
259	1458995200	2147483648	0	2449743872	4294967296	0	1483104256	2147483648	0	4251447296	4294967296	0	178249728
260	1460170752	2147483648	0	2454335488	4294967296	0	1483104256	2147483648	0	4265123840	4294967296	0	158388224
261	1461370880	2147483648	0	2466824192	4294967296	0	1483104256	2147483648	0	3440410624	4294967296	0	971251712
262	1462800384	2147483648	0	2478940160	4294967296	0	1483104256	2147483648	0	3440410624	4294967296	0	957222912
263	1464229888	2147483648	0	2489245696	4294967296	0	1483104256	2147483648	0	3440410624	4294967296	0	944951296
264	1465397248	2147483648	0	2508369920	4294967296	0	1483104256	2147483648	0	3442507776	4294967296	0	922095616
265	1466863616	2147483648	0	2530443264	4294967296	0	1483104256	2147483648	0	3442507776	4294967296	0	897667072
266	1467969536	2147483648	0	2547208192	4294967296	0	1483104256	2147483648	0	3442507776	4294967296	0	879124480
267	1469136896	2147483648	0	2563231744	4294967296	0	1483104256	2147483648	0	3442507776	4294967296	0	861409280
268	1470304256	2147483648	0	2567745536	4294967296	0	1483104256	2147483648	0	3442507776	4294967296	0	856403968
269	1471455232	2147483648	0	2581999616	4294967296	0	1483104256	2147483648	0	3442507776	4294967296	0	835649536
270	1472372736	2147483648	0	2598072320	4294967296	0	1483104256	2147483648	0	3442507776	4294967296	0	820338688
271	1473269760	2147483648	0	2609065984	4294967296	0	1483104256	2147483648	0	3442507776	4294967296	0	525692928
272	1457119232	2147483648	0	2588950528	4294967296	0	1474625536	2147483648	0	3409801216	4294967296	0	178044928
273	1400569856	2147483648	0	2496307200	4294967296	0	1445724160	2147483648	0	3297792000	4294967296	0	156254208
274	1394294784	2147483648	0	2486898688	4294967296	0	1442086912	2147483648	0	3283701760	4294967296	0	191901696
275	1395347456	2147483648	0	2494337024	4294967296	0	1442086912	2147483648	0	3283701760	4294967296	0	183701504
276	1396514816	2147483648	0	2495500288	4294967296	0	1442086912	2147483648	0	3283701760	4294967296	0	181743616
277	1397571584	2147483648	0	2496499712	4294967296	0	1442086912	2147483648	0	3283701760	4294967296	0	178360320
278	1398784000	2147483648	0	2497531904	4294967296	0	1442086912	2147483648	0	3283701760	4294967296	0	175616000
279	1399332864	2147483648	0	2495610880	4294967296	0	1441259520	2147483648	0	3280384000	4294967296	0	183902208
280	1400287232	2147483648	0	2496757760	4294967296	0	1441259520	2147483648	0	3280384000	4294967296	0	182718464
281	1401266176	2147483648	0	2498064384	4294967296	0	1441259520	2147483648	0	3280384000	4294967296	0	179220480
282	1402531840	2147483648	0	2499084288	4294967296	0	1441259520	2147483648	0	3280384000	4294967296	0	176001024
283	1411080192	2147483648	0	2500300800	4294967296	0	1441259520	2147483648	0	3280384000	4294967296	0	166957056
284	1439625216	2147483648	0	2463051776	4294967296	0	1484333056	2147483648	0	3240554496	4294967296	0	174522368
285	1465708544	2147483648	0	2431754240	4294967296	0	1518186496	2147483648	0	3207266304	4294967296	0	185675776
286	1490399232	2147483648	0	2420359168	4294967296	0	1546502144	2147483648	0	3194568704	4294967296	0	159490048
287	1510363136	2147483648	0	2385309696	4294967296	0	1577254912	2147483648	0	3157614592	4294967296	0	188366848
288	1532198912	2147483648	0	2363305984	4294967296	0	1611329536	2147483648	0	3133906944	4294967296	0	183107584
289	1551806464	2147483648	0	2351554560	4294967296	0	1642983424	2147483648	0	3120975872	4294967296	0	163377152
290	1536950272	2147483648	0	2330091520	4294967296	0	1683857408	2147483648	0	3098378240	4294967296	0	185995264
291	1539039232	2147483648	0	2319405056	4294967296	0	1729748992	2147483648	0	3087343616	4294967296	0	160440320
292	1533599744	2147483648	0	2298990592	4294967296	0	1768611840	2147483648	0	3065786368	4294967296	0	173154304
293	1553993728	2147483648	0	2280484864	4294967296	0	1804029952	2147483648	0	3044802560	4294967296	0	162091008
294	1569296384	2147483648	0	2260938752	4294967296	0	1833439232	2147483648	0	3024523264	4294967296	0	161234944
295	1583099904	2147483648	0	2242060288	4294967296	0	1867649024	2147483648	0	3004866560	4294967296	0	156962816
296	1584336896	2147483648	0	2224332800	4294967296	0	1887490048	2147483648	0	2985803776	4294967296	0	175992832
297	1574252544	2147483648	0	2215247872	4294967296	0	1901613056	2147483648	0	2976493568	4294967296	0	191483904
298	1579614208	2147483648	0	2215641088	4294967296	0	1924362240	2147483648	0	2976493568	4294967296	0	164732928
299	1579503616	2147483648	0	2198585344	4294967296	0	1949597696	2147483648	0	2958290944	4294967296	0	177401856
300	1570729984	2147483648	0	2190032896	4294967296	0	1979539456	2147483648	0	2949394432	4294967296	0	167890944
301	1562038272	2147483648	0	2182033408	4294967296	0	2013294592	2147483648	0	2940633088	4294967296	0	167731200
302	1470603264	2147483648	0	2102841344	4294967296	0	1965158400	2147483648	0	2859212800	4294967296	0	192057344
303	1350815744	2147483648	0	1998217216	4294967296	0	1886666752	2147483648	0	2752311296	4294967296	0	157118464
304	1273876480	2147483648	0	1931350016	4294967296	0	1841213440	2147483648	0	2683686912	4294967296	0	171282432
305	1265205248	2147483648	0	1938112512	4294967296	0	1857298432	2147483648	0	2675118080	4294967296	0	168755200
306	1245392896	2147483648	0	1978462208	4294967296	0	1870229504	2147483648	0	2656665600	4294967296	0	161353728
307	1226821632	2147483648	0	1989918720	4294967296	0	1883324416	2147483648	0	2639691776	4294967296	0	178143232
308	1209622528	2147483648	0	2025791488	4294967296	0	1903104000	2147483648	0	2623762432	4294967296	0	163803136
309	1193435136	2147483648	0	2039160832	4294967296	0	1920188416	2147483648	0	2608803840	4294967296	0	169508864
310	1181265920	2147483648	0	2029682688	4294967296	0	1940054016	2147483648	0	2594742272	4294967296	0	192278528
311	1174593536	2147483648	0	2068586496	4294967296	0	1947869184	2147483648	0	2581078016	4294967296	0	171483136
312	1157079040	2147483648	0	2119774208	4294967296	0	1934741504	2147483648	0	2562383872	4294967296	0	177704960
313	1156595712	2147483648	0	2131271680	4294967296	0	1935761408	2147483648	0	2556293120	4294967296	0	173051904
314	1157890048	2147483648	0	2132242432	4294967296	0	1483849728	2147483648	0	2556293120	4294967296	0	626106368
315	1159581696	2147483648	0	2133299200	4294967296	0	1483849728	2147483648	0	2556293120	4294967296	0	623398912
316	1160646656	2147483648	0	2134568960	4294967296	0	1483849728	2147483648	0	2556293120	4294967296	0	620130304
317	1161973760	2147483648	0	2136510464	4294967296	0	1483849728	2147483648	0	2556293120	4294967296	0	616374272
318	1163173888	2147483648	0	2137980928	4294967296	0	1483849728	2147483648	0	2556293120	4294967296	0	613511168
319	1164316672	2147483648	0	2139631616	4294967296	0	1483849728	2147483648	0	2556293120	4294967296	0	611164160
320	1165484032	2147483648	0	2141151232	4294967296	0	1483849728	2147483648	0	2558390272	4294967296	0	606146560
321	1166684160	2147483648	0	2142748672	4294967296	0	1483849728	2147483648	0	2558390272	4294967296	0	604295168
322	1167839232	2147483648	0	2144333824	4294967296	0	1483849728	2147483648	0	2605604864	4294967296	0	550592512
323	1169190912	2147483648	0	2146263040	4294967296	0	1483849728	2147483648	0	2647576576	4294967296	0	503934976
324	1170612224	2147483648	0	2147721216	4294967296	0	1483849728	2147483648	0	2691121152	4294967296	0	457621504
325	1171910656	2147483648	0	2149433344	4294967296	0	1483849728	2147483648	0	2738528256	4294967296	0	407769088
326	1173278720	2147483648	0	2151251968	4294967296	0	1483849728	2147483648	0	2783862784	4294967296	0	358895616
327	1174511616	2147483648	0	2154356736	4294967296	0	1483849728	2147483648	0	2827304960	4294967296	0	313319424
328	1175642112	2147483648	0	2170720256	4294967296	0	1483849728	2147483648	0	2870034432	4294967296	0	251375616
329	1176965120	2147483648	0	2180014080	4294967296	0	1483849728	2147483648	0	2911035392	4294967296	0	200146944
330	1174237184	2147483648	0	2181742592	4294967296	0	1479622656	2147483648	0	2949509120	4294967296	0	167915520
331	1165058048	2147483648	0	2165854208	4294967296	0	1468526592	2147483648	0	2978250752	4294967296	0	176721920
332	1158676480	2147483648	0	2149687296	4294967296	0	1460043776	2147483648	0	3013394432	4294967296	0	175120384
333	1155784704	2147483648	0	2142265344	4294967296	0	1455833088	2147483648	0	3039395840	4294967296	0	165441536
334	1147805696	2147483648	0	2121338880	4294967296	0	1445638144	2147483648	0	3070554112	4294967296	0	176750592
335	1141231616	2147483648	0	2106249216	4294967296	0	1437716480	2147483648	0	3095973888	4294967296	0	174383104
336	1132146688	2147483648	0	2085675008	4294967296	0	1427226624	2147483648	0	3114803200	4294967296	0	203448320
337	1104949248	2147483648	0	2025201664	4294967296	0	1397649408	2147483648	0	3081269248	4294967296	0	161583104
338	1043369984	2147483648	0	1890336768	4294967296	0	1332043776	2147483648	0	2966237184	4294967296	0	142770176
339	994066432	2147483648	0	1782112256	4294967296	0	1205870592	2147483648	0	2877022208	4294967296	0	159363072
340	987447296	2147483648	0	1766969344	4294967296	0	1205342208	2147483648	0	2895237120	4294967296	0	171462656
341	984788992	2147483648	0	1759920128	4294967296	0	1203544064	2147483648	0	2916577280	4294967296	0	166739968
342	982196224	2147483648	0	1753223168	4294967296	0	1203560448	2147483648	0	2939363328	4294967296	0	157880320
343	972476416	2147483648	0	1731985408	4294967296	0	1203154944	2147483648	0	2938458112	4294967296	0	201998336
344	973373440	2147483648	0	1733316608	4294967296	0	1203298304	2147483648	0	2974121984	4294967296	0	165879808
345	968159232	2147483648	0	1721712640	4294967296	0	1202946048	2147483648	0	2982699008	4294967296	0	180920320
346	966115328	2147483648	0	1716731904	4294967296	0	1202892800	2147483648	0	3005890560	4294967296	0	167571456
347	962420736	2147483648	0	1708691456	4294967296	0	1202704384	2147483648	0	3020423168	4294967296	0	170115072
348	958812160	2147483648	0	1700200448	4294967296	0	1202417664	2147483648	0	3034877952	4294967296	0	175415296
349	956170240	2147483648	0	1692880896	4294967296	0	1202282496	2147483648	0	3048022016	4294967296	0	180310016
350	953946112	2147483648	0	1687474176	4294967296	0	1200914432	2147483648	0	3061252096	4294967296	0	181235712
351	950423552	2147483648	0	1679527936	4294967296	0	1194741760	2147483648	0	3066613760	4294967296	0	201588736
352	951717888	2147483648	0	1681108992	4294967296	0	1194770432	2147483648	0	3105189888	4294967296	0	160260096
353	950218752	2147483648	0	1675710464	4294967296	0	1192345600	2147483648	0	3118727168	4294967296	0	163700736
354	949026816	2147483648	0	1671340032	4294967296	0	1189752832	2147483648	0	3126456320	4294967296	0	172941312
355	948674560	2147483648	0	1668440064	4294967296	0	1187762176	2147483648	0	3133337600	4294967296	0	176951296
356	947789824	2147483648	0	1664987136	4294967296	0	1186951168	2147483648	0	3130748928	4294967296	0	191967232
357	949927936	2147483648	0	1666469888	4294967296	0	1186983936	2147483648	0	3155472384	4294967296	0	163217408
358	949243904	2147483648	0	1663684608	4294967296	0	1186119680	2147483648	0	3151962112	4294967296	0	180371456
359	948924416	2147483648	0	1660796928	4294967296	0	1185464320	2147483648	0	3160342528	4294967296	0	184451072
360	949370880	2147483648	0	1657495552	4294967296	0	1184858112	2147483648	0	3165175808	4294967296	0	189976576
361	970039296	2147483648	0	1655296000	4294967296	0	1184559104	2147483648	0	3174522880	4294967296	0	169938944
362	976969728	2147483648	0	1653641216	4294967296	0	1184227328	2147483648	0	3187736576	4294967296	0	158175232
363	988553216	2147483648	0	1649434624	4294967296	0	1183649792	2147483648	0	3183480832	4294967296	0	168472576
364	1013620736	2147483648	0	1645568000	4294967296	0	1182748672	2147483648	0	3175698432	4294967296	0	173494272
365	1035870208	2147483648	0	1643167744	4294967296	0	1181761536	2147483648	0	3173117952	4294967296	0	168738816
366	1056968704	2147483648	0	1641144320	4294967296	0	1180282880	2147483648	0	3176574976	4294967296	0	160223232
367	1057390592	2147483648	0	1638674432	4294967296	0	1177407488	2147483648	0	3165921280	4294967296	0	187699200
368	1064333312	2147483648	0	1637601280	4294967296	0	1174716416	2147483648	0	3168276480	4294967296	0	187576320
369	1064202240	2147483648	0	1636438016	4294967296	0	1171709952	2147483648	0	3175034880	4294967296	0	186580992
370	1047752704	2147483648	0	1636102144	4294967296	0	1169707008	2147483648	0	3193962496	4294967296	0	192495616
371	1062629376	2147483648	0	1635803136	4294967296	0	1169190912	2147483648	0	3202211840	4294967296	0	172290048
372	1072926720	2147483648	0	1636913152	4294967296	0	1162706944	2147483648	0	3216375808	4294967296	0	175620096
373	1093275648	2147483648	0	1636999168	4294967296	0	1159958528	2147483648	0	3222740992	4294967296	0	159813632
374	1102970880	2147483648	0	1636519936	4294967296	0	1156304896	2147483648	0	3215093760	4294967296	0	173649920
375	1097629696	2147483648	0	1685598208	4294967296	0	1154142208	2147483648	0	3222196224	4294967296	0	139079680
376	1029365760	2147483648	0	1758486528	4294967296	0	1147064320	2147483648	0	3207143424	4294967296	0	183500800
377	998932480	2147483648	0	1769037824	4294967296	0	1146302464	2147483648	0	3208249344	4294967296	0	220323840
378	991625216	2147483648	0	1838428160	4294967296	0	1144741888	2147483648	0	3195568128	4294967296	0	180379648
379	991780864	2147483648	0	1872027648	4294967296	0	1143934976	2147483648	0	3203563520	4294967296	0	138387456
380	985083904	2147483648	0	1856884736	4294967296	0	1142333440	2147483648	0	3209351168	4294967296	0	166502400
381	985079808	2147483648	0	1856995328	4294967296	0	1146597376	2147483648	0	2440491008	4294967296	0	923660288
382	985235456	2147483648	0	1858490368	4294967296	0	1154445312	2147483648	0	2375581696	4294967296	0	985108480
383	985825280	2147483648	0	1877225472	4294967296	0	1184419840	2147483648	0	2375581696	4294967296	0	933793792
384	985804800	2147483648	0	1960001536	4294967296	0	1215942656	2147483648	0	2375581696	4294967296	0	814686208
385	985923584	2147483648	0	2067828736	4294967296	0	1218236416	2147483648	0	2375581696	4294967296	0	701173760
386	986173440	2147483648	0	2098298880	4294967296	0	1227530240	2147483648	0	2375581696	4294967296	0	657825792
387	987377664	2147483648	0	2099191808	4294967296	0	1234386944	2147483648	0	2375581696	4294967296	0	647446528
388	990748672	2147483648	0	2100248576	4294967296	0	1240584192	2147483648	0	2375581696	4294967296	0	635871232
389	991862784	2147483648	0	2101608448	4294967296	0	1273425920	2147483648	0	2375581696	4294967296	0	586801152
390	992788480	2147483648	0	2102784000	4294967296	0	1306710016	2147483648	0	2375581696	4294967296	0	548839424
391	998162432	2147483648	0	2103812096	4294967296	0	1343610880	2147483648	0	2375581696	4294967296	0	502808576
392	1007960064	2147483648	0	2105012224	4294967296	0	1379889152	2147483648	0	2375581696	4294967296	0	455716864
393	1025290240	2147483648	0	2106150912	4294967296	0	1407868928	2147483648	0	2375581696	4294967296	0	407928832
394	1041006592	2147483648	0	2107105280	4294967296	0	1435312128	2147483648	0	2375581696	4294967296	0	363200512
395	1046499328	2147483648	0	2108456960	4294967296	0	1477009408	2147483648	0	2375581696	4294967296	0	314093568
396	1053921280	2147483648	0	2109124608	4294967296	0	1495040000	2147483648	0	2375581696	4294967296	0	286302208
397	1059676160	2147483648	0	2110697472	4294967296	0	1539555328	2147483648	0	2375581696	4294967296	0	234979328
398	1061146624	2147483648	0	2112081920	4294967296	0	1584226304	2147483648	0	2375581696	4294967296	0	186105856
399	1058639872	2147483648	0	2098122752	4294967296	0	1608007680	2147483648	0	2375282688	4294967296	0	178257920
400	1053028352	2147483648	0	2074402816	4294967296	0	1640108032	2147483648	0	2374418432	4294967296	0	178503680
401	1048641536	2147483648	0	2056183808	4294967296	0	1671565312	2147483648	0	2373951488	4294967296	0	171319296
402	1046360064	2147483648	0	2055573504	4294967296	0	1685475328	2147483648	0	2373533696	4294967296	0	160690176
403	1044004864	2147483648	0	2047070208	4294967296	0	1677725696	2147483648	0	2372796416	4294967296	0	180883456
404	1045696512	2147483648	0	2047070208	4294967296	0	1677725696	2147483648	0	2372796416	4294967296	0	178638848
405	1047650304	2147483648	0	2047188992	4294967296	0	1677725696	2147483648	0	2372796416	4294967296	0	176766976
406	1049473024	2147483648	0	2047176704	4294967296	0	1677725696	2147483648	0	2372796416	4294967296	0	174833664
407	1051426816	2147483648	0	2047164416	4294967296	0	1677725696	2147483648	0	2372796416	4294967296	0	172699648
408	1053511680	2147483648	0	2047152128	4294967296	0	1677725696	2147483648	0	2372796416	4294967296	0	170708992
409	1055465472	2147483648	0	2047102976	4294967296	0	1677725696	2147483648	0	2372796416	4294967296	0	168632320
410	1056862208	2147483648	0	2047090688	4294967296	0	1677725696	2147483648	0	2372796416	4294967296	0	167026688
411	1058050048	2147483648	0	2047082496	4294967296	0	1679560704	2147483648	0	2372800512	4294967296	0	163954688
412	1055608832	2147483648	0	2040643584	4294967296	0	1692008448	2147483648	0	2372534272	4294967296	0	159469568
413	1049841664	2147483648	0	2016755712	4294967296	0	1700376576	2147483648	0	2371956736	4294967296	0	183128064
414	1047019520	2147483648	0	2016821248	4294967296	0	1716670464	2147483648	0	2371497984	4294967296	0	168284160
415	1047793664	2147483648	0	2016940032	4294967296	0	1717641216	2147483648	0	2371497984	4294967296	0	166572032
416	1044901888	2147483648	0	2004336640	4294967296	0	1720197120	2147483648	0	2371162112	4294967296	0	178499584
417	1039503360	2147483648	0	1996255232	4294967296	0	1724780544	2147483648	0	2370699264	4294967296	0	189779968
418	1041063936	2147483648	0	1996128256	4294967296	0	1724780544	2147483648	0	2370699264	4294967296	0	188186624
419	1042587648	2147483648	0	1996283904	4294967296	0	1727545344	2147483648	0	2370703360	4294967296	0	183345152
420	1038696448	2147483648	0	1985474560	4294967296	0	1739890688	2147483648	0	2370154496	4294967296	0	172056576
421	1031786496	2147483648	0	1971302400	4294967296	0	1741692928	2147483648	0	2369114112	4294967296	0	182816768
422	1026850816	2147483648	0	1961283584	4294967296	0	1756487680	2147483648	0	2367848448	4294967296	0	172044288
423	1022218240	2147483648	0	1946820608	4294967296	0	1769078784	2147483648	0	2366386176	4294967296	0	174051328
424	1017851904	2147483648	0	1930969088	4294967296	0	1786494976	2147483648	0	2365894656	4294967296	0	175599616
425	1013456896	2147483648	0	1928728576	4294967296	0	1792385024	2147483648	0	2365566976	4294967296	0	173096960
426	1009782784	2147483648	0	1922215936	4294967296	0	1804861440	2147483648	0	2365157376	4294967296	0	172617728
427	1006596096	2147483648	0	1922826240	4294967296	0	1802043392	2147483648	0	2364735488	4294967296	0	192851968
428	1007894528	2147483648	0	1939542016	4294967296	0	1809031168	2147483648	0	2364747776	4294967296	0	161394688
429	1004580864	2147483648	0	1935568896	4294967296	0	1806462976	2147483648	0	2364198912	4294967296	0	172933120
430	1002483712	2147483648	0	1928335360	4294967296	0	1808314368	2147483648	0	2363785216	4294967296	0	179458048
431	1003520000	2147483648	0	1930575872	4294967296	0	1811501056	2147483648	0	2363654144	4294967296	0	162607104
432	948076544	2147483648	0	1761927168	4294967296	0	1710284800	2147483648	0	2355535872	4294967296	0	201457664
433	937562112	2147483648	0	1654394880	4294967296	0	1652322304	2147483648	0	2343583744	4294967296	0	165629952
434	922742784	2147483648	0	1641594880	4294967296	0	1636261888	2147483648	0	2327392256	4294967296	0	139870208
435	919441408	2147483648	0	1631780864	4294967296	0	1625825280	2147483648	0	2318807040	4294967296	0	138678272
436	895303680	2147483648	0	1615400960	4294967296	0	1626271744	2147483648	0	2268893184	4294967296	0	138534912
437	885391360	2147483648	0	1596674048	4294967296	0	1631838208	2147483648	0	2261860352	4294967296	0	167907328
438	866283520	2147483648	0	1596735488	4294967296	0	1641222144	2147483648	0	2266103808	4294967296	0	187195392
439	875843584	2147483648	0	1597386752	4294967296	0	1641394176	2147483648	0	2266652672	4294967296	0	171446272
440	881668096	2147483648	0	1593876480	4294967296	0	1642340352	2147483648	0	2264178688	4294967296	0	186814464
441	871112704	2147483648	0	1618190336	4294967296	0	1647771648	2147483648	0	2267959296	4294967296	0	185004032
442	850595840	2147483648	0	1619570688	4294967296	0	1650962432	2147483648	0	2271395840	4294967296	0	198459392
443	854986752	2147483648	0	1611628544	4294967296	0	1651195904	2147483648	0	2271465472	4294967296	0	195354624
444	855511040	2147483648	0	1611747328	4294967296	0	1651326976	2147483648	0	2271596544	4294967296	0	194654208
445	855642112	2147483648	0	1611735040	4294967296	0	1651326976	2147483648	0	2271596544	4294967296	0	194367488
446	870309888	2147483648	0	1613455360	4294967296	0	1652072448	2147483648	0	2273243136	4294967296	0	165892096
447	864485376	2147483648	0	1592795136	4294967296	0	1652715520	2147483648	0	2273173504	4294967296	0	202313728
448	872554496	2147483648	0	1586360320	4294967296	0	1654767616	2147483648	0	2275381248	4294967296	0	191336448
449	886022144	2147483648	0	1570410496	4294967296	0	1657221120	2147483648	0	2279272448	4294967296	0	192012288
450	913408000	2147483648	0	1528205312	4294967296	0	1665064960	2147483648	0	2286796800	4294967296	0	186535936
451	917520384	2147483648	0	1491783680	4294967296	0	1668837376	2147483648	0	2289750016	4294967296	0	184545280
452	923725824	2147483648	0	1491275776	4294967296	0	1671118848	2147483648	0	2291269632	4294967296	0	167874560
453	923713536	2147483648	0	1491394560	4294967296	0	1671118848	2147483648	0	2291269632	4294967296	0	168071168
454	923963392	2147483648	0	1492058112	4294967296	0	1671041024	2147483648	0	2291400704	4294967296	0	166703104
455	922923008	2147483648	0	1474600960	4294967296	0	1671901184	2147483648	0	2292637696	4294967296	0	180699136
456	932978688	2147483648	0	1437736960	4294967296	0	1676128256	2147483648	0	2295451648	4294967296	0	193507328
457	937455616	2147483648	0	1427386368	4294967296	0	1678741504	2147483648	0	2297102336	4294967296	0	191422464
458	925605888	2147483648	0	1410596864	4294967296	0	1690279936	2147483648	0	2304942080	4294967296	0	194334720
459	919605248	2147483648	0	1394110464	4294967296	0	1708425216	2147483648	0	2319147008	4294967296	0	184348672
460	912855040	2147483648	0	1379663872	4294967296	0	1722228736	2147483648	0	2327310336	4294967296	0	184836096
461	906883072	2147483648	0	1368072192	4294967296	0	1733570560	2147483648	0	2337239040	4294967296	0	170459136
462	903749632	2147483648	0	1353940992	4294967296	0	1723482112	2147483648	0	2349654016	4294967296	0	185401344
463	902795264	2147483648	0	1349230592	4294967296	0	1720344576	2147483648	0	2355814400	4294967296	0	188870656
464	902914048	2147483648	0	1349349376	4294967296	0	1720344576	2147483648	0	2355814400	4294967296	0	188985344
465	902795264	2147483648	0	1349230592	4294967296	0	1257865216	2147483648	0	2364358656	4294967296	0	638926848
466	902795264	2147483648	0	1349275648	4294967296	0	1257787392	2147483648	0	2382884864	4294967296	0	601251840
467	902795264	2147483648	0	1349275648	4294967296	0	1257787392	2147483648	0	2391027712	4294967296	0	343498752
468	884891648	2147483648	0	1248698368	4294967296	0	1196290048	2147483648	0	2327437312	4294967296	0	147980288
469	816840704	2147483648	0	1095380992	4294967296	0	1188540416	2147483648	0	2311692288	4294967296	0	139599872
470	731758592	2147483648	0	1087315968	4294967296	0	1187778560	2147483648	0	2322272256	4294967296	0	205459456
471	731758592	2147483648	0	1087315968	4294967296	0	1187778560	2147483648	0	2335588352	4294967296	0	191823872
472	731877376	2147483648	0	1087434752	4294967296	0	1187778560	2147483648	0	2335588352	4294967296	0	191754240
473	731758592	2147483648	0	1087315968	4294967296	0	1187778560	2147483648	0	2341523456	4294967296	0	183201792
474	731758592	2147483648	0	1087315968	4294967296	0	1188040704	2147483648	0	2359324672	4294967296	0	162422784
475	730873856	2147483648	0	1069412352	4294967296	0	1187483648	2147483648	0	2350313472	4294967296	0	191844352
476	731729920	2147483648	0	1069412352	4294967296	0	1187483648	2147483648	0	2365329408	4294967296	0	179613696
477	731729920	2147483648	0	1069412352	4294967296	0	1187483648	2147483648	0	2384302080	4294967296	0	160673792
478	731131904	2147483648	0	1057419264	4294967296	0	1187086336	2147483648	0	2396164096	4294967296	0	161787904
479	727584768	2147483648	0	1047023616	4294967296	0	1186729984	2147483648	0	2406907904	4294967296	0	165502976
480	722558976	2147483648	0	1033093120	4294967296	0	1185759232	2147483648	0	2417885184	4294967296	0	173907968
481	714100736	2147483648	0	1025335296	4294967296	0	1185259520	2147483648	0	2423881728	4294967296	0	184958976
482	714219520	2147483648	0	1025454080	4294967296	0	1185259520	2147483648	0	2424012800	4294967296	0	184868864
483	714100736	2147483648	0	1025335296	4294967296	0	1185259520	2147483648	0	2443329536	4294967296	0	164380672
484	703016960	2147483648	0	1018732544	4294967296	0	1184456704	2147483648	0	2457903104	4294967296	0	167460864
485	689020928	2147483648	0	1013813248	4294967296	0	1183657984	2147483648	0	2471972864	4294967296	0	173375488
486	688533504	2147483648	0	1013542912	4294967296	0	1183543296	2147483648	0	2489421824	4294967296	0	156737536
487	676511744	2147483648	0	1007124480	4294967296	0	1181970432	2147483648	0	2494730240	4294967296	0	165298176
488	665522176	2147483648	0	1004597248	4294967296	0	1181626368	2147483648	0	2509135872	4294967296	0	163049472
489	656400384	2147483648	0	998936576	4294967296	0	1180692480	2147483648	0	2521866240	4294967296	0	166612992
490	645890048	2147483648	0	993722368	4294967296	0	1179783168	2147483648	0	2532982784	4294967296	0	172974080
491	646008832	2147483648	0	993841152	4294967296	0	1179783168	2147483648	0	2538000384	4294967296	0	167800832
492	635662336	2147483648	0	988659712	4294967296	0	1178796032	2147483648	0	2542952448	4294967296	0	177704960
493	603316224	2147483648	0	974917632	4294967296	0	1176195072	2147483648	0	2534809600	4294967296	0	179929088
494	592560128	2147483648	0	971284480	4294967296	0	1175228416	2147483648	0	2545012736	4294967296	0	164446208
495	582090752	2147483648	0	966533120	4294967296	0	1174048768	2147483648	0	2556354560	4294967296	0	169586688
496	582471680	2147483648	0	966533120	4294967296	0	1174048768	2147483648	0	2560679936	4294967296	0	166207488
497	584372224	2147483648	0	966533120	4294967296	0	1174048768	2147483648	0	2564493312	4294967296	0	157888512
498	572948480	2147483648	0	956698624	4294967296	0	1171460096	2147483648	0	2565095424	4294967296	0	184717312
499	571355136	2147483648	0	955191296	4294967296	0	1171034112	2147483648	0	2584674304	4294967296	0	168607744
500	563105792	2147483648	0	948527104	4294967296	0	1168674816	2147483648	0	2589429760	4294967296	0	182353920
501	561668096	2147483648	0	947130368	4294967296	0	1168257024	2147483648	0	2590420992	4294967296	0	185786368
502	561557504	2147483648	0	947011584	4294967296	0	1168257024	2147483648	0	2610192384	4294967296	0	166064128
503	552230912	2147483648	0	939376640	4294967296	0	1165643776	2147483648	0	2611945472	4294967296	0	185085952
504	550764544	2147483648	0	939356160	4294967296	0	1165041664	2147483648	0	2622017536	4294967296	0	176095232
505	546451456	2147483648	0	937852928	4294967296	0	1164275712	2147483648	0	2632028160	4294967296	0	172580864
506	543006720	2147483648	0	935317504	4294967296	0	1163399168	2147483648	0	2645864448	4294967296	0	166367232
507	536068096	2147483648	0	930222080	4294967296	0	1161302016	2147483648	0	2639417344	4294967296	0	187998208
508	536068096	2147483648	0	930222080	4294967296	0	1161302016	2147483648	0	2648592384	4294967296	0	174829568
509	536186880	2147483648	0	930340864	4294967296	0	1161302016	2147483648	0	2657374208	4294967296	0	169934848
510	536068096	2147483648	0	930222080	4294967296	0	1161302016	2147483648	0	2664751104	4294967296	0	161902592
511	530096128	2147483648	0	926838784	4294967296	0	1159352320	2147483648	0	2663043072	4294967296	0	176713728
512	519827456	2147483648	0	922447872	4294967296	0	1158311936	2147483648	0	2670702592	4294967296	0	184184832
513	519827456	2147483648	0	922451968	4294967296	0	1158004736	2147483648	0	2686455808	4294967296	0	166621184
514	514416640	2147483648	0	918257664	4294967296	0	1156235264	2147483648	0	2679496704	4294967296	0	187777024
515	514629632	2147483648	0	918257664	4294967296	0	1156235264	2147483648	0	2697818112	4294967296	0	168251392
516	506130432	2147483648	0	910282752	4294967296	0	1153994752	2147483648	0	2706448384	4294967296	0	177598464
517	503140352	2147483648	0	908636160	4294967296	0	1153433600	2147483648	0	2729631744	4294967296	0	159215616
518	493703168	2147483648	0	904605696	4294967296	0	1152212992	2147483648	0	2737291264	4294967296	0	168280064
519	482107392	2147483648	0	897126400	4294967296	0	1149353984	2147483648	0	2742071296	4294967296	0	186867712
520	479870976	2147483648	0	894836736	4294967296	0	1148338176	2147483648	0	2749341696	4294967296	0	185155584
521	479870976	2147483648	0	894955520	4294967296	0	1148338176	2147483648	0	2749341696	4294967296	0	185110528
522	471789568	2147483648	0	890986496	4294967296	0	1159299072	2147483648	0	2748805120	4294967296	0	174870528
523	463007744	2147483648	0	885116928	4294967296	0	1170657280	2147483648	0	2748002304	4294967296	0	178782208
524	459333632	2147483648	0	877383680	4294967296	0	1174364160	2147483648	0	2746179584	4294967296	0	168505344
525	458149888	2147483648	0	871600128	4294967296	0	1178505216	2147483648	0	2748915712	4294967296	0	170446848
526	455684096	2147483648	0	864923648	4294967296	0	1192034304	2147483648	0	2748575744	4294967296	0	164577280
527	457547776	2147483648	0	851484672	4294967296	0	1205436416	2147483648	0	2725105664	4294967296	0	182272000
528	474161152	2147483648	0	837599232	4294967296	0	1220354048	2147483648	0	2705784832	4294967296	0	183218176
529	480616448	2147483648	0	837599232	4294967296	0	1226416128	2147483648	0	2708201472	4294967296	0	165335040
530	480616448	2147483648	0	837599232	4294967296	0	1226313728	2147483648	0	2708201472	4294967296	0	167849984
531	488411136	2147483648	0	830840832	4294967296	0	1232326656	2147483648	0	2685378560	4294967296	0	185831424
532	494751744	2147483648	0	824193024	4294967296	0	1247846400	2147483648	0	2666110976	4294967296	0	190214144
533	505708544	2147483648	0	823844864	4294967296	0	1266585600	2147483648	0	2370846720	4294967296	0	457162752
534	0	2147483648	0	823853056	4294967296	0	1278603264	2147483648	0	2369257472	4294967296	0	952172544
535	0	2147483648	0	831561728	4294967296	0	1294544896	2147483648	0	2369257472	4294967296	0	903966720
536	0	2147483648	0	839454720	4294967296	0	1314074624	2147483648	0	2369257472	4294967296	0	863240192
537	0	2147483648	0	852258816	4294967296	0	1335177216	2147483648	0	2369257472	4294967296	0	823672832
538	0	2147483648	0	862314496	4294967296	0	1353265152	2147483648	0	2369257472	4294967296	0	787939328
539	0	2147483648	0	873443328	4294967296	0	1371746304	2147483648	0	2369257472	4294967296	0	755617792
540	0	2147483648	0	881188864	4294967296	0	1386950656	2147483648	0	2369257472	4294967296	0	731447296
541	0	2147483648	0	892989440	4294967296	0	1407737856	2147483648	0	2369257472	4294967296	0	692903936
542	0	2147483648	0	903905280	4294967296	0	1425694720	2147483648	0	2369257472	4294967296	0	659046400
543	0	2147483648	0	915410944	4294967296	0	1443258368	2147483648	0	2369257472	4294967296	0	620281856
544	0	2147483648	0	919855104	4294967296	0	1449488384	2147483648	0	2369257472	4294967296	0	603131904
545	0	2147483648	0	0	4294967296	0	1197539328	2147483648	0	2369257472	4294967296	0	1783721984
546	0	2147483648	0	0	4294967296	0	1225809920	2147483648	0	2369257472	4294967296	0	1756168192
547	0	2147483648	0	0	4294967296	0	1254252544	2147483648	0	2369257472	4294967296	0	1727303680
548	0	2147483648	0	0	4294967296	0	1283059712	2147483648	0	2369257472	4294967296	0	1698070528
549	0	2147483648	0	0	4294967296	0	1310035968	2147483648	0	2369257472	4294967296	0	1669885952
550	0	2147483648	0	0	4294967296	0	1336250368	2147483648	0	2369257472	4294967296	0	1641906176
551	0	2147483648	0	0	4294967296	0	1361416192	2147483648	0	2369257472	4294967296	0	1616015360
552	0	2147483648	0	0	4294967296	0	1389203456	2147483648	0	2369257472	4294967296	0	1587122176
553	0	2147483648	0	0	4294967296	0	1420210176	2147483648	0	2369257472	4294967296	0	1555910656
554	0	2147483648	0	0	4294967296	0	1449242624	2147483648	0	2369257472	4294967296	0	1527332864
555	0	2147483648	0	0	4294967296	0	281186304	2147483648	0	2369257472	4294967296	0	2696052736
556	0	2147483648	0	0	4294967296	0	281186304	2147483648	0	2369257472	4294967296	0	2696232960
557	0	2147483648	0	0	4294967296	0	0	2147483648	0	2369257472	4294967296	0	2695979008
558	0	2147483648	0	0	4294967296	0	0	2147483648	0	2386706432	4294967296	0	2679779328
559	0	2147483648	0	0	4294967296	0	0	2147483648	0	2403483648	4294967296	0	2661199872
560	0	2147483648	0	0	4294967296	0	0	2147483648	0	2422882304	4294967296	0	2640932864
561	0	2147483648	0	0	4294967296	0	0	2147483648	0	2446868480	4294967296	0	2615902208
562	0	2147483648	0	0	4294967296	0	0	2147483648	0	2472296448	4294967296	0	2589765632
563	0	2147483648	0	0	4294967296	0	0	2147483648	0	2497310720	4294967296	0	2563510272
564	0	2147483648	0	0	4294967296	0	0	2147483648	0	2522869760	4294967296	0	2536665088
565	0	2147483648	0	0	4294967296	0	0	2147483648	0	2545938432	4294967296	0	2513367040
566	0	2147483648	0	0	4294967296	0	0	2147483648	0	2570842112	4294967296	0	2487382016
567	0	2147483648	0	0	4294967296	0	0	2147483648	0	2543968256	4294967296	0	2513043456
