1	1225121792	2147483648	0	2448322560	4294967296	0	6955008	2147483648	0	7102464	4294967296	0	730390528
2	1225154560	2147483648	0	2448322560	4294967296	0	6955008	2147483648	0	7102464	4294967296	0	730279936
3	1236021248	2147483648	0	2448510976	4294967296	0	6955008	2147483648	0	7102464	4294967296	0	718610432
4	1268383744	2147483648	0	2464681984	4294967296	0	6955008	2147483648	0	7102464	4294967296	0	669855744
5	1268944896	2147483648	0	2468753408	4294967296	0	6955008	2147483648	0	7102464	4294967296	0	664018944
6	1269710848	2147483648	0	2469285888	4294967296	0	6955008	2147483648	0	7102464	4294967296	0	662548480
7	1270685696	2147483648	0	2470178816	4294967296	0	6955008	2147483648	0	7102464	4294967296	0	661401600
8	1271685120	2147483648	0	2471383040	4294967296	0	6955008	2147483648	0	7102464	4294967296	0	659693568
9	1272721408	2147483648	0	2472439808	4294967296	0	6955008	2147483648	0	7102464	4294967296	0	656359424
10	1273757696	2147483648	0	2473553920	4294967296	0	6955008	2147483648	0	7102464	4294967296	0	654979072
11	1274793984	2147483648	0	2474536960	4294967296	0	6955008	2147483648	0	7102464	4294967296	0	652374016
12	1275666432	2147483648	0	2475663360	4294967296	0	6955008	2147483648	0	7102464	4294967296	0	649748480
13	1281429504	2147483648	0	2524774400	4294967296	0	6955008	2147483648	0	7102464	4294967296	0	597004288
14	1287471104	2147483648	0	2578731008	4294967296	0	6955008	2147483648	0	7102464	4294967296	0	535470080
15	1291231232	2147483648	0	2579816448	4294967296	0	6955008	2147483648	0	7102464	4294967296	0	531075072
16	1325174784	2147483648	0	2630377472	4294967296	0	6955008	2147483648	0	7102464	4294967296	0	446722048
17	1326542848	2147483648	0	2674585600	4294967296	0	6955008	2147483648	0	7102464	4294967296	0	401375232
18	1327878144	2147483648	0	2708193280	4294967296	0	6955008	2147483648	0	7102464	4294967296	0	366415872
19	1329229824	2147483648	0	2709544960	4294967296	0	6955008	2147483648	0	7102464	4294967296	0	363642880
20	1346764800	2147483648	0	2710966272	4294967296	0	6955008	2147483648	0	7102464	4294967296	0	343658496
21	1364271104	2147483648	0	2712535040	4294967296	0	6955008	2147483648	0	7102464	4294967296	0	325455872
22	1369100288	2147483648	0	2713976832	4294967296	0	6955008	2147483648	0	7102464	4294967296	0	319340544
23	1388916736	2147483648	0	2715447296	4294967296	0	6955008	2147483648	0	7102464	4294967296	0	298205184
24	1404215296	2147483648	0	2724257792	4294967296	0	6955008	2147483648	0	7102464	4294967296	0	273293312
25	1408282624	2147483648	0	2744532992	4294967296	0	6955008	2147483648	0	7102464	4294967296	0	248680448
26	1409925120	2147483648	0	2755575808	4294967296	0	6955008	2147483648	0	7102464	4294967296	0	234868736
27	1411682304	2147483648	0	2757242880	4294967296	0	6955008	2147483648	0	7102464	4294967296	0	230965248
28	1413300224	2147483648	0	2758651904	4294967296	0	6955008	2147483648	0	7102464	4294967296	0	227917824
29	1414696960	2147483648	0	2759892992	4294967296	0	6955008	2147483648	0	7102464	4294967296	0	225345536
30	1415909376	2147483648	0	2761129984	4294967296	0	6955008	2147483648	0	7102464	4294967296	0	223240192
31	1417129984	2147483648	0	2762465280	4294967296	0	6955008	2147483648	0	7102464	4294967296	0	220930048
32	1418338304	2147483648	0	2773430272	4294967296	0	6955008	2147483648	0	7102464	4294967296	0	207708160
33	1419350016	2147483648	0	2774491136	4294967296	0	6955008	2147483648	0	7102464	4294967296	0	206225408
34	1420500992	2147483648	0	2779578368	4294967296	0	6955008	2147483648	0	7102464	4294967296	0	198856704
35	1421234176	2147483648	0	2798153728	4294967296	0	6955008	2147483648	0	7102464	4294967296	0	179126272
36	1422229504	2147483648	0	2816753664	4294967296	0	6955008	2147483648	0	7102464	4294967296	0	160374784
37	1419493376	2147483648	0	2827415552	4294967296	0	6955008	2147483648	0	7102464	4294967296	0	164139008
38	1420705792	2147483648	0	2831630336	4294967296	0	6955008	2147483648	0	7102464	4294967296	0	158408704
39	1415393280	2147483648	0	2836328448	4294967296	0	6955008	2147483648	0	7102464	4294967296	0	178229248
40	1416540160	2147483648	0	2841088000	4294967296	0	6955008	2147483648	0	7102464	4294967296	0	172879872
41	1417711616	2147483648	0	2842255360	4294967296	0	6955008	2147483648	0	7102464	4294967296	0	168968192
42	1418948608	2147483648	0	2843607040	4294967296	0	6955008	2147483648	0	7102464	4294967296	0	165969920
43	1420214272	2147483648	0	2844852224	4294967296	0	6955008	2147483648	0	7102464	4294967296	0	164458496
44	1422065664	2147483648	0	2846199808	4294967296	0	6955008	2147483648	0	7102464	4294967296	0	160702464
45	1419104256	2147483648	0	2838151168	4294967296	0	6955008	2147483648	0	7102464	4294967296	0	183513088
46	1420533760	2147483648	0	2839560192	4294967296	0	6955008	2147483648	0	7102464	4294967296	0	181886976
47	1422082048	2147483648	0	2841235456	4294967296	0	6955008	2147483648	0	7102464	4294967296	0	179179520
48	1423380480	2147483648	0	2842570752	4294967296	0	6955008	2147483648	0	7102464	4294967296	0	176775168
49	1424941056	2147483648	0	2844065792	4294967296	0	6955008	2147483648	0	7102464	4294967296	0	173727744
50	1426374656	2147483648	0	2845474816	4294967296	0	6955008	2147483648	0	7102464	4294967296	0	169639936
51	1427677184	2147483648	0	2846769152	4294967296	0	6955008	2147483648	0	7102464	4294967296	0	167264256
52	1429123072	2147483648	0	2848366592	4294967296	0	6955008	2147483648	0	7102464	4294967296	0	164016128
53	1430552576	2147483648	0	2849927168	4294967296	0	6955008	2147483648	0	7102464	4294967296	0	160960512
54	1427501056	2147483648	0	2841853952	4294967296	0	6955008	2147483648	0	7102464	4294967296	0	184352768
55	1429979136	2147483648	0	2843258880	4294967296	0	6955008	2147483648	0	7102464	4294967296	0	180092928
56	1432195072	2147483648	0	2844647424	4294967296	0	6955008	2147483648	0	7102464	4294967296	0	176615424
57	1434791936	2147483648	0	2846052352	4294967296	0	6955008	2147483648	0	7102464	4294967296	0	172859392
58	1437794304	2147483648	0	2847555584	4294967296	0	6955008	2147483648	0	7102464	4294967296	0	168734720
59	1440284672	2147483648	0	2849132544	4294967296	0	6955008	2147483648	0	7102464	4294967296	0	163815424
60	1443115008	2147483648	0	2850824192	4294967296	0	6955008	2147483648	0	7102464	4294967296	0	159338496
61	1440743424	2147483648	0	2842611712	4294967296	0	6955008	2147483648	0	7102464	4294967296	0	183017472
62	1468968960	2147483648	0	2834460672	4294967296	0	6955008	2147483648	0	7102464	4294967296	0	175915008
63	1486921728	2147483648	0	2835787776	4294967296	0	6955008	2147483648	0	7102464	4294967296	0	155860992
64	1529864192	2147483648	0	2810433536	4294967296	0	6955008	2147483648	0	7102464	4294967296	0	173498368
65	1573031936	2147483648	0	2793549824	4294967296	0	6955008	2147483648	0	7102464	4294967296	0	171425792
66	1601490944	2147483648	0	2785865728	4294967296	0	6955008	2147483648	0	7102464	4294967296	0	163057664
67	1632362496	2147483648	0	2769395712	4294967296	0	6955008	2147483648	0	7102464	4294967296	0	176148480
68	1663934464	2147483648	0	2754310144	4294967296	0	6955008	2147483648	0	7102464	4294967296	0	181678080
69	1685463040	2147483648	0	2754211840	4294967296	0	6955008	2147483648	0	7102464	4294967296	0	161865728
70	1699389440	2147483648	0	2746966016	4294967296	0	6955008	2147483648	0	7102464	4294967296	0	167731200
71	1716289536	2147483648	0	2739871744	4294967296	0	6955008	2147483648	0	7102464	4294967296	0	168914944
72	1737998336	2147483648	0	2732744704	4294967296	0	6955008	2147483648	0	7102464	4294967296	0	166420480
73	1765351424	2147483648	0	2725797888	4294967296	0	6955008	2147483648	0	7102464	4294967296	0	156909568
74	1764171776	2147483648	0	2718203904	4294967296	0	6955008	2147483648	0	7102464	4294967296	0	176689152
75	1765564416	2147483648	0	2719559680	4294967296	0	6955008	2147483648	0	7102464	4294967296	0	173731840
76	1767133184	2147483648	0	2721206272	4294967296	0	6955008	2147483648	0	7102464	4294967296	0	170643456
77	1768448000	2147483648	0	2722869248	4294967296	0	6955008	2147483648	0	7102464	4294967296	0	167223296
78	1770700800	2147483648	0	2715901952	4294967296	0	6955008	2147483648	0	7102464	4294967296	0	183496704
79	1780518912	2147483648	0	2717515776	4294967296	0	6955008	2147483648	0	7102464	4294967296	0	172212224
80	1777754112	2147483648	0	2746347520	4294967296	0	6955008	2147483648	0	7102464	4294967296	0	156856320
81	1755136000	2147483648	0	2802364416	4294967296	0	6955008	2147483648	0	7102464	4294967296	0	162836480
82	1735237632	2147483648	0	2848440320	4294967296	0	6955008	2147483648	0	7102464	4294967296	0	172351488
83	1715286016	2147483648	0	2896269312	4294967296	0	6955008	2147483648	0	7102464	4294967296	0	180584448
84	1695535104	2147483648	0	2948177920	4294967296	0	6955008	2147483648	0	7102464	4294967296	0	184229888
85	1685925888	2147483648	0	2995073024	4294967296	0	6955008	2147483648	0	7102464	4294967296	0	163225600
86	1673441280	2147483648	0	3034288128	4294967296	0	6955008	2147483648	0	7102464	4294967296	0	159035392
87	1656029184	2147483648	0	3060891648	4294967296	0	6955008	2147483648	0	7102464	4294967296	0	178593792
88	1654329344	2147483648	0	3111464960	4294967296	0	6955008	2147483648	0	7102464	4294967296	0	139096064
89	1650380800	2147483648	0	3118604288	4294967296	0	6955008	2147483648	0	7102464	4294967296	0	141049856
90	1650094080	2147483648	0	3115794432	4294967296	0	6955008	2147483648	0	7102464	4294967296	0	144916480
91	1642237952	2147483648	0	3098333184	4294967296	0	6955008	2147483648	0	7098368	4294967296	0	184664064
92	1643274240	2147483648	0	3099045888	4294967296	0	6955008	2147483648	0	7098368	4294967296	0	182636544
93	1644703744	2147483648	0	2995527680	4294967296	0	6955008	2147483648	0	7098368	4294967296	0	285777920
94	1645940736	2147483648	0	2996744192	4294967296	0	6955008	2147483648	0	7098368	4294967296	0	282828800
95	1647251456	2147483648	0	2998235136	4294967296	0	6955008	2147483648	0	7098368	4294967296	0	279638016
96	1648680960	2147483648	0	2999672832	4294967296	0	6955008	2147483648	0	7098368	4294967296	0	276905984
97	1650225152	2147483648	0	3001208832	4294967296	0	6955008	2147483648	0	7098368	4294967296	0	273747968
98	1651654656	2147483648	0	3002417152	4294967296	0	6955008	2147483648	0	7098368	4294967296	0	270991360
99	1654001664	2147483648	0	3003785216	4294967296	0	6955008	2147483648	0	7098368	4294967296	0	268304384
100	1656217600	2147483648	0	3012612096	4294967296	0	6955008	2147483648	0	7098368	4294967296	0	256483328
101	1658638336	2147483648	0	3028402176	4294967296	0	6955008	2147483648	0	7098368	4294967296	0	235024384
102	1593892864	2147483648	0	2922479616	4294967296	0	6938624	2147483648	0	7081984	4294967296	0	184983552
103	1476665344	2147483648	0	2718306304	4294967296	0	6885376	2147483648	0	7028736	4294967296	0	160952320
104	1364480000	2147483648	0	2521509888	4294967296	0	6828032	2147483648	0	6963200	4294967296	0	236986368
105	1366679552	2147483648	0	2540376064	4294967296	0	6828032	2147483648	0	6963200	4294967296	0	217702400
106	1369026560	2147483648	0	2562514944	4294967296	0	6828032	2147483648	0	6963200	4294967296	0	193392640
107	1371488256	2147483648	0	2581344256	4294967296	0	6828032	2147483648	0	6963200	4294967296	0	171196416
108	1373704192	2147483648	0	2585690112	4294967296	0	6828032	2147483648	0	6963200	4294967296	0	165134336
109	1376051200	2147483648	0	2587541504	4294967296	0	6828032	2147483648	0	6963200	4294967296	0	161054720
110	1378349056	2147483648	0	2588872704	4294967296	0	6828032	2147483648	0	6963200	4294967296	0	157233152
111	1372852224	2147483648	0	2575048704	4294967296	0	6819840	2147483648	0	6955008	4294967296	0	189526016
112	1375461376	2147483648	0	2576687104	4294967296	0	6819840	2147483648	0	6955008	4294967296	0	185520128
113	1378467840	2147483648	0	2578333696	4294967296	0	6819840	2147483648	0	6955008	4294967296	0	179982336
114	1380859904	2147483648	0	2580148224	4294967296	0	6819840	2147483648	0	6955008	4294967296	0	176263168
115	1383206912	2147483648	0	2581946368	4294967296	0	6819840	2147483648	0	6955008	4294967296	0	172486656
116	1385029632	2147483648	0	2583506944	4294967296	0	6819840	2147483648	0	6955008	4294967296	0	169316352
117	1386962944	2147483648	0	2585149440	4294967296	0	6819840	2147483648	0	6955008	4294967296	0	164257792
118	1389572096	2147483648	0	2586664960	4294967296	0	6819840	2147483648	0	6955008	4294967296	0	161202176
119	1383567360	2147483648	0	2572939264	4294967296	0	6811648	2147483648	0	6942720	4294967296	0	193105920
120	1386045440	2147483648	0	2574409728	4294967296	0	6811648	2147483648	0	6942720	4294967296	0	189243392
121	1388498944	2147483648	0	2575949824	4294967296	0	6811648	2147483648	0	6942720	4294967296	0	185319424
122	1390714880	2147483648	0	2577444864	4294967296	0	6811648	2147483648	0	6942720	4294967296	0	180752384
123	1393229824	2147483648	0	2579202048	4294967296	0	6811648	2147483648	0	6942720	4294967296	0	177741824
124	1397374976	2147483648	0	2580774912	4294967296	0	6811648	2147483648	0	6942720	4294967296	0	171442176
125	1399660544	2147483648	0	2582405120	4294967296	0	6811648	2147483648	0	6942720	4294967296	0	168235008
126	1402007552	2147483648	0	2583896064	4294967296	0	6811648	2147483648	0	6942720	4294967296	0	162856960
127	1404182528	2147483648	0	2585546752	4294967296	0	6811648	2147483648	0	6942720	4294967296	0	159264768
128	1398566912	2147483648	0	2571780096	4294967296	0	6807552	2147483648	0	6938624	4294967296	0	191524864
129	1401307136	2147483648	0	2573381632	4294967296	0	6807552	2147483648	0	6938624	4294967296	0	186732544
130	1403785216	2147483648	0	2575052800	4294967296	0	6807552	2147483648	0	6938624	4294967296	0	183156736
131	1406046208	2147483648	0	2576494592	4294967296	0	6807552	2147483648	0	6938624	4294967296	0	173006848
132	1407475712	2147483648	0	2577125376	4294967296	0	6807552	2147483648	0	6938624	4294967296	0	165883904
133	1407860736	2147483648	0	2576642048	4294967296	0	6807552	2147483648	0	6938624	4294967296	0	156299264
134	1296150528	2147483648	0	2365784064	4294967296	0	6742016	2147483648	0	6828032	4294967296	0	184172544
135	1175769088	2147483648	0	2141179904	4294967296	0	6041600	2147483648	0	6086656	4294967296	0	201064448
136	1178378240	2147483648	0	2144382976	4294967296	0	5918720	2147483648	0	6086656	4294967296	0	185655296
137	1219489792	2147483648	0	2130243584	4294967296	0	5828608	2147483648	0	5988352	4294967296	0	175239168
138	1250635776	2147483648	0	2117332992	4294967296	0	5738496	2147483648	0	5890048	4294967296	0	173674496
139	1283899392	2147483648	0	2103734272	4294967296	0	5648384	2147483648	0	5791744	4294967296	0	168955904
140	1323319296	2147483648	0	2090942464	4294967296	0	5558272	2147483648	0	5705728	4294967296	0	158736384
141	1352806400	2147483648	0	2078388224	4294967296	0	5464064	2147483648	0	5619712	4294967296	0	156676096
142	1380515840	2147483648	0	2064887808	4294967296	0	5373952	2147483648	0	5533696	4294967296	0	158011392
143	1407201280	2147483648	0	2050408448	4294967296	0	5283840	2147483648	0	5447680	4294967296	0	160784384
144	1437040640	2147483648	0	2037256192	4294967296	0	5242880	2147483648	0	5406720	4294967296	0	161267712
145	1456033792	2147483648	0	2020466688	4294967296	0	5201920	2147483648	0	5365760	4294967296	0	176603136
146	1482473472	2147483648	0	2015854592	4294967296	0	5193728	2147483648	0	5357568	4294967296	0	164614144
147	1491234816	2147483648	0	2005655552	4294967296	0	5099520	2147483648	0	5267456	4294967296	0	179372032
148	1511972864	2147483648	0	2001580032	4294967296	0	5070848	2147483648	0	5234688	4294967296	0	169275392
149	1525383168	2147483648	0	1991647232	4294967296	0	5038080	2147483648	0	5193728	4294967296	0	178888704
150	1525694464	2147483648	0	1991708672	4294967296	0	5038080	2147483648	0	5193728	4294967296	0	178450432
151	1526304768	2147483648	0	1991659520	4294967296	0	5038080	2147483648	0	5193728	4294967296	0	176930816
152	1518866432	2147483648	0	1993187328	4294967296	0	5038080	2147483648	0	5193728	4294967296	0	183910400
153	1500909568	2147483648	0	2034700288	4294967296	0	4960256	2147483648	0	5103616	4294967296	0	174977024
154	1474342912	2147483648	0	2077646848	4294967296	0	4923392	2147483648	0	5066752	4294967296	0	182251520
155	1456713728	2147483648	0	2118270976	4294967296	0	4882432	2147483648	0	5025792	4294967296	0	185384960
156	1437679616	2147483648	0	2167312384	4294967296	0	4845568	2147483648	0	4988928	4294967296	0	177692672
157	1431908352	2147483648	0	2215043072	4294967296	0	4825088	2147483648	0	4968448	4294967296	0	157188096
158	1404272640	2147483648	0	2264547328	4294967296	0	4698112	2147483648	0	4837376	4294967296	0	168210432
159	1389232128	2147483648	0	2307772416	4294967296	0	4624384	2147483648	0	4763648	4294967296	0	165638144
160	1389326336	2147483648	0	2307772416	4294967296	0	4624384	2147483648	0	4763648	4294967296	0	163409920
161	1389412352	2147483648	0	2307772416	4294967296	0	4624384	2147483648	0	4763648	4294967296	0	162873344
162	1376706560	2147483648	0	2324914176	4294967296	0	4587520	2147483648	0	4726784	4294967296	0	184586240
163	1370730496	2147483648	0	2354339840	4294967296	0	4534272	2147483648	0	4673536	4294967296	0	178688000
164	1358381056	2147483648	0	2387066880	4294967296	0	4521984	2147483648	0	4661248	4294967296	0	177164288
165	1242333184	2147483648	0	2191421440	4294967296	0	3805184	2147483648	0	3948544	4294967296	0	172339200
166	1108070400	2147483648	0	1966092288	4294967296	0	2916352	2147483648	0	3350528	4294967296	0	175640576
167	1110478848	2147483648	0	1972551680	4294967296	0	2916352	2147483648	0	3362816	4294967296	0	166060032
168	1113198592	2147483648	0	1979654144	4294967296	0	2916352	2147483648	0	3362816	4294967296	0	157204480
169	1108557824	2147483648	0	1974702080	4294967296	0	2879488	2147483648	0	3325952	4294967296	0	178909184
170	1110900736	2147483648	0	1982103552	4294967296	0	2879488	2147483648	0	3325952	4294967296	0	168779776
171	1113378816	2147483648	0	1988583424	4294967296	0	2879488	2147483648	0	3325952	4294967296	0	159744000
172	1108467712	2147483648	0	1982746624	4294967296	0	2846720	2147483648	0	3284992	4294967296	0	183087104
173	1110507520	2147483648	0	1989246976	4294967296	0	2846720	2147483648	0	3284992	4294967296	0	173641728
174	1112551424	2147483648	0	1995448320	4294967296	0	2846720	2147483648	0	3284992	4294967296	0	165912576
175	1107689472	2147483648	0	1999826944	4294967296	0	2818048	2147483648	0	3244032	4294967296	0	178614272
176	1103171584	2147483648	0	2013863936	4294967296	0	2789376	2147483648	0	3203072	4294967296	0	180740096
177	1098555392	2147483648	0	2024079360	4294967296	0	2760704	2147483648	0	3166208	4294967296	0	186994688
178	1100140544	2147483648	0	2046943232	4294967296	0	2760704	2147483648	0	3166208	4294967296	0	161849344
179	1095847936	2147483648	0	2046083072	4294967296	0	2732032	2147483648	0	3129344	4294967296	0	179118080
180	1097814016	2147483648	0	2062843904	4294967296	0	2732032	2147483648	0	3129344	4294967296	0	160567296
181	1091862528	2147483648	0	2067521536	4294967296	0	2703360	2147483648	0	3092480	4294967296	0	175161344
182	1087004672	2147483648	0	2076577792	4294967296	0	2674688	2147483648	0	3055616	4294967296	0	181358592
183	1088524288	2147483648	0	2091470848	4294967296	0	2674688	2147483648	0	3055616	4294967296	0	164880384
184	1084321792	2147483648	0	2099023872	4294967296	0	2646016	2147483648	0	3018752	4294967296	0	173080576
185	1080606720	2147483648	0	2100740096	4294967296	0	2617344	2147483648	0	2981888	4294967296	0	185929728
186	1083092992	2147483648	0	2112978944	4294967296	0	2617344	2147483648	0	2981888	4294967296	0	172249088
187	1078259712	2147483648	0	2115592192	4294967296	0	2588672	2147483648	0	2945024	4294967296	0	184545280
188	1079615488	2147483648	0	2117234688	4294967296	0	2588672	2147483648	0	2945024	4294967296	0	182591488
189	1082015744	2147483648	0	2135212032	4294967296	0	2588672	2147483648	0	2945024	4294967296	0	161288192
190	1078099968	2147483648	0	2142101504	4294967296	0	2560000	2147483648	0	2908160	4294967296	0	169021440
191	1074716672	2147483648	0	2148294656	4294967296	0	2531328	2147483648	0	2875392	4294967296	0	176680960
192	1076670464	2147483648	0	2155110400	4294967296	0	2531328	2147483648	0	2875392	4294967296	0	168288256
193	1073106944	2147483648	0	2156752896	4294967296	0	2502656	2147483648	0	2850816	4294967296	0	180183040
194	1069395968	2147483648	0	2160029696	4294967296	0	2478080	2147483648	0	2826240	4294967296	0	184299520
195	1070841856	2147483648	0	2174205952	4294967296	0	2478080	2147483648	0	2826240	4294967296	0	172253184
196	1026211840	2147483648	0	2032697344	4294967296	0	2207744	2147483648	0	2510848	4294967296	0	151953408
197	984408064	2147483648	0	1897955328	4294967296	0	1814528	2147483648	0	2064384	4294967296	0	205631488
198	986284032	2147483648	0	1902497792	4294967296	0	1814528	2147483648	0	2064384	4294967296	0	200716288
199	988094464	2147483648	0	1906786304	4294967296	0	1814528	2147483648	0	2064384	4294967296	0	194871296
200	989880320	2147483648	0	1911058432	4294967296	0	1814528	2147483648	0	2064384	4294967296	0	188497920
201	991551488	2147483648	0	1915650048	4294967296	0	1814528	2147483648	0	2064384	4294967296	0	181727232
202	992980992	2147483648	0	1917054976	4294967296	0	1814528	2147483648	0	2064384	4294967296	0	177541120
203	994889728	2147483648	0	1920786432	4294967296	0	1814528	2147483648	0	2064384	4294967296	0	172998656
204	996581376	2147483648	0	1924370432	4294967296	0	1814528	2147483648	0	2064384	4294967296	0	167854080
205	998404096	2147483648	0	1927892992	4294967296	0	1814528	2147483648	0	2064384	4294967296	0	162418688
206	1000099840	2147483648	0	1931579392	4294967296	0	1814528	2147483648	0	2064384	4294967296	0	158015488
207	998207488	2147483648	0	1923358720	4294967296	0	1802240	2147483648	0	2052096	4294967296	0	175984640
208	999727104	2147483648	0	1927172096	4294967296	0	1802240	2147483648	0	2052096	4294967296	0	170905600
209	1001500672	2147483648	0	1930792960	4294967296	0	1802240	2147483648	0	2052096	4294967296	0	165130240
210	1003184128	2147483648	0	1934123008	4294967296	0	1802240	2147483648	0	2052096	4294967296	0	159924224
211	997998592	2147483648	0	1916436480	4294967296	0	1757184	2147483648	0	2002944	4294967296	0	196276224
212	1035313152	2147483648	0	1919799296	4294967296	0	1757184	2147483648	0	2002944	4294967296	0	156672000
213	1062428672	2147483648	0	1883791360	4294967296	0	1683456	2147483648	0	1916928	4294967296	0	194646016
214	1095385088	2147483648	0	1876836352	4294967296	0	1679360	2147483648	0	1908736	4294967296	0	175439872
215	1123590144	2147483648	0	1860521984	4294967296	0	1675264	2147483648	0	1900544	4294967296	0	177287168
216	1153183744	2147483648	0	1850634240	4294967296	0	1675264	2147483648	0	1900544	4294967296	0	166539264
217	1177444352	2147483648	0	1832607744	4294967296	0	1667072	2147483648	0	1884160	4294967296	0	171716608
218	1201344512	2147483648	0	1818558464	4294967296	0	1638400	2147483648	0	1847296	4294967296	0	174002176
219	1231937536	2147483648	0	1800847360	4294967296	0	1634304	2147483648	0	1839104	4294967296	0	180887552
220	1270894592	2147483648	0	1787695104	4294967296	0	1626112	2147483648	0	1822720	4294967296	0	168271872
221	1295851520	2147483648	0	1771225088	4294967296	0	1622016	2147483648	0	1818624	4294967296	0	178282496
222	1309851648	2147483648	0	1765367808	4294967296	0	1617920	2147483648	0	1814528	4294967296	0	177582080
223	1312849920	2147483648	0	1767301120	4294967296	0	1617920	2147483648	0	1814528	4294967296	0	172744704
224	1315983360	2147483648	0	1770446848	4294967296	0	1617920	2147483648	0	1814528	4294967296	0	166318080
225	1318940672	2147483648	0	1773461504	4294967296	0	1617920	2147483648	0	1814528	4294967296	0	160817152
226	1308827648	2147483648	0	1785020416	4294967296	0	1613824	2147483648	0	1810432	4294967296	0	160641024
227	1263611904	2147483648	0	1835810816	4294967296	0	1597440	2147483648	0	1794048	4294967296	0	175321088
228	1225093120	2147483648	0	1881690112	4294967296	0	1564672	2147483648	0	1761280	4294967296	0	186097664
229	1205956608	2147483648	0	1933819904	4294967296	0	1540096	2147483648	0	1732608	4294967296	0	162496512
230	1175339008	2147483648	0	1964138496	4294967296	0	1511424	2147483648	0	1699840	4294967296	0	178675712
231	1159499776	2147483648	0	1987231744	4294967296	0	1503232	2147483648	0	1691648	4294967296	0	181649408
232	1149214720	2147483648	0	2020429824	4294967296	0	1499136	2147483648	0	1687552	4294967296	0	162385920
233	1123332096	2147483648	0	2050129920	4294967296	0	1495040	2147483648	0	1683456	4294967296	0	170991616
234	1109028864	2147483648	0	2070278144	4294967296	0	1490944	2147483648	0	1679360	4294967296	0	173932544
235	1113063424	2147483648	0	2072473600	4294967296	0	1490944	2147483648	0	1679360	4294967296	0	166252544
236	1123487744	2147483648	0	2061824000	4294967296	0	1486848	2147483648	0	1675264	4294967296	0	168415232
237	1135173632	2147483648	0	2050592768	4294967296	0	1482752	2147483648	0	1671168	4294967296	0	176635904
238	1089576960	2147483648	0	1949175808	4294967296	0	1331200	2147483648	0	1515520	4294967296	0	158650368
239	1001959424	2147483648	0	1780596736	4294967296	0	1032192	2147483648	0	1191936	4294967296	0	183672832
240	1017135104	2147483648	0	1782906880	4294967296	0	1032192	2147483648	0	1191936	4294967296	0	165994496
241	1012482048	2147483648	0	1774690304	4294967296	0	1024000	2147483648	0	1183744	4294967296	0	184885248
242	1027313664	2147483648	0	1766789120	4294967296	0	1015808	2147483648	0	1175552	4294967296	0	184135680
243	1043714048	2147483648	0	1769918464	4294967296	0	1015808	2147483648	0	1175552	4294967296	0	164532224
244	1047896064	2147483648	0	1771720704	4294967296	0	1015808	2147483648	0	1175552	4294967296	0	158425088
245	1044881408	2147483648	0	1776803840	4294967296	0	1007616	2147483648	0	1167360	4294967296	0	166555648
246	1051144192	2147483648	0	1773068288	4294967296	0	999424	2147483648	0	1159168	4294967296	0	173785088
247	1054130176	2147483648	0	1775693824	4294967296	0	991232	2147483648	0	1150976	4294967296	0	176709632
248	1060839424	2147483648	0	1787293696	4294967296	0	991232	2147483648	0	1150976	4294967296	0	158322688
249	1052647424	2147483648	0	1787305984	4294967296	0	983040	2147483648	0	1146880	4294967296	0	172711936
250	1054470144	2147483648	0	1790144512	4294967296	0	983040	2147483648	0	1146880	4294967296	0	167858176
251	1056292864	2147483648	0	1792827392	4294967296	0	983040	2147483648	0	1146880	4294967296	0	163672064
252	1057984512	2147483648	0	1795624960	4294967296	0	983040	2147483648	0	1146880	4294967296	0	158711808
253	1049985024	2147483648	0	1785868288	4294967296	0	978944	2147483648	0	1142784	4294967296	0	181800960
254	1051545600	2147483648	0	1788530688	4294967296	0	978944	2147483648	0	1142784	4294967296	0	177823744
255	1053237248	2147483648	0	1791827968	4294967296	0	978944	2147483648	0	1146880	4294967296	0	173678592
256	1055019008	2147483648	0	1794617344	4294967296	0	978944	2147483648	0	1146880	4294967296	0	169295872
257	1056333824	2147483648	0	1797828608	4294967296	0	978944	2147483648	0	1146880	4294967296	0	162725888
258	1058156544	2147483648	0	1800904704	4294967296	0	978944	2147483648	0	1146880	4294967296	0	158343168
259	1050107904	2147483648	0	1790763008	4294967296	0	974848	2147483648	0	1138688	4294967296	0	183459840
260	1051930624	2147483648	0	1793179648	4294967296	0	974848	2147483648	0	1138688	4294967296	0	178786304
261	1053495296	2147483648	0	1795735552	4294967296	0	974848	2147483648	0	1138688	4294967296	0	174891008
262	1055580160	2147483648	0	1798201344	4294967296	0	974848	2147483648	0	1138688	4294967296	0	169742336
263	1057402880	2147483648	0	1800888320	4294967296	0	974848	2147483648	0	1138688	4294967296	0	165142528
264	1059225600	2147483648	0	1803759616	4294967296	0	974848	2147483648	0	1138688	4294967296	0	159076352
265	1051066368	2147483648	0	1793806336	4294967296	0	970752	2147483648	0	1134592	4294967296	0	184479744
266	1052758016	2147483648	0	1796329472	4294967296	0	970752	2147483648	0	1134592	4294967296	0	181358592
267	1054703616	2147483648	0	1798234112	4294967296	0	970752	2147483648	0	1134592	4294967296	0	158121984
268	1045925888	2147483648	0	1786687488	4294967296	0	966656	2147483648	0	1130496	4294967296	0	188551168
269	963833856	2147483648	0	1677856768	4294967296	0	806912	2147483648	0	962560	4294967296	0	139755520
270	915390464	2147483648	0	1614458880	4294967296	0	806912	2147483648	0	962560	4294967296	0	138854400
271	894193664	2147483648	0	1591513088	4294967296	0	634880	2147483648	0	782336	4294967296	0	200040448
272	896589824	2147483648	0	1596547072	4294967296	0	884736	2147483648	0	782336	4294967296	0	189620224
273	898543616	2147483648	0	1599709184	4294967296	0	884736	2147483648	0	782336	4294967296	0	179503104
274	900759552	2147483648	0	1600933888	4294967296	0	884736	2147483648	0	782336	4294967296	0	168407040
275	902320128	2147483648	0	1603289088	4294967296	0	884736	2147483648	0	782336	4294967296	0	162430976
276	902279168	2147483648	0	1603805184	4294967296	0	880640	2147483648	0	1163264	4294967296	0	162271232
277	901459968	2147483648	0	1602060288	4294967296	0	851968	2147483648	0	1077248	4294967296	0	180695040
278	902758400	2147483648	0	1604800512	4294967296	0	851968	2147483648	0	1077248	4294967296	0	175738880
279	904318976	2147483648	0	1608081408	4294967296	0	851968	2147483648	0	1077248	4294967296	0	169848832
280	906092544	2147483648	0	1611653120	4294967296	0	851968	2147483648	0	1077248	4294967296	0	165232640
281	907522048	2147483648	0	1614295040	4294967296	0	851968	2147483648	0	1077248	4294967296	0	159354880
282	903827456	2147483648	0	1608929280	4294967296	0	831488	2147483648	0	1036288	4294967296	0	183304192
283	929808384	2147483648	0	1605005312	4294967296	0	823296	2147483648	0	1024000	4294967296	0	173297664
284	959856640	2147483648	0	1603379200	4294967296	0	815104	2147483648	0	1024000	4294967296	0	166404096
285	976396288	2147483648	0	1603522560	4294967296	0	798720	2147483648	0	1024000	4294967296	0	166850560
286	980975616	2147483648	0	1604112384	4294967296	0	774144	2147483648	0	1024000	4294967296	0	175513600
287	999841792	2147483648	0	1602289664	4294967296	0	745472	2147483648	0	999424	4294967296	0	176730112
288	998805504	2147483648	0	1602273280	4294967296	0	745472	2147483648	0	999424	4294967296	0	180629504
289	998793216	2147483648	0	1602260992	4294967296	0	745472	2147483648	0	999424	4294967296	0	180695040
290	1024581632	2147483648	0	1603125248	4294967296	0	741376	2147483648	0	991232	4294967296	0	156549120
291	1043386368	2147483648	0	1602355200	4294967296	0	716800	2147483648	0	962560	4294967296	0	147279872
292	1013600256	2147483648	0	1602838528	4294967296	0	798720	2147483648	0	929792	4294967296	0	189513728
293	1015291904	2147483648	0	1604825088	4294967296	0	798720	2147483648	0	929792	4294967296	0	183123968
294	1017143296	2147483648	0	1607659520	4294967296	0	798720	2147483648	0	929792	4294967296	0	178483200
295	979406848	2147483648	0	1660153856	4294967296	0	782336	2147483648	0	913408	4294967296	0	168013824
296	936861696	2147483648	0	1702387712	4294967296	0	741376	2147483648	0	876544	4294967296	0	186212352
297	920739840	2147483648	0	1739943936	4294967296	0	729088	2147483648	0	851968	4294967296	0	173465600
298	908660736	2147483648	0	1728958464	4294967296	0	716800	2147483648	0	831488	4294967296	0	212979712
299	904499200	2147483648	0	1774759936	4294967296	0	712704	2147483648	0	827392	4294967296	0	176041984
300	902414336	2147483648	0	1773633536	4294967296	0	712704	2147483648	0	827392	4294967296	0	179437568
301	900149248	2147483648	0	1785450496	4294967296	0	712704	2147483648	0	827392	4294967296	0	173170688
302	900157440	2147483648	0	1775218688	4294967296	0	712704	2147483648	0	827392	4294967296	0	182702080
303	900964352	2147483648	0	1762336768	4294967296	0	712704	2147483648	0	827392	4294967296	0	175579136
304	900628480	2147483648	0	1732186112	4294967296	0	712704	2147483648	0	823296	4294967296	0	193544192
305	902443008	2147483648	0	1738645504	4294967296	0	712704	2147483648	0	823296	4294967296	0	181264384
306	909115392	2147483648	0	1746239488	4294967296	0	712704	2147483648	0	823296	4294967296	0	162705408
307	919040000	2147483648	0	1719881728	4294967296	0	712704	2147483648	0	819200	4294967296	0	181354496
308	929128448	2147483648	0	1697845248	4294967296	0	712704	2147483648	0	815104	4294967296	0	192872448
309	948641792	2147483648	0	1704943616	4294967296	0	712704	2147483648	0	815104	4294967296	0	165109760
310	946163712	2147483648	0	1699209216	4294967296	0	712704	2147483648	0	815104	4294967296	0	173367296
311	948903936	2147483648	0	1681682432	4294967296	0	712704	2147483648	0	811008	4294967296	0	192192512
312	961953792	2147483648	0	1688608768	4294967296	0	712704	2147483648	0	811008	4294967296	0	169304064
313	949444608	2147483648	0	1687732224	4294967296	0	712704	2147483648	0	806912	4294967296	0	184008704
314	949456896	2147483648	0	1687601152	4294967296	0	712704	2147483648	0	806912	4294967296	0	183238656
315	949575680	2147483648	0	1687719936	4294967296	0	712704	2147483648	0	806912	4294967296	0	183304192
316	949563392	2147483648	0	1687707648	4294967296	0	712704	2147483648	0	806912	4294967296	0	183336960
317	950648832	2147483648	0	1694601216	4294967296	0	712704	2147483648	0	806912	4294967296	0	165593088
318	938995712	2147483648	0	1683128320	4294967296	0	712704	2147483648	0	802816	4294967296	0	186884096
319	940392448	2147483648	0	1687248896	4294967296	0	712704	2147483648	0	802816	4294967296	0	175837184
320	942084096	2147483648	0	1692299264	4294967296	0	712704	2147483648	0	802816	4294967296	0	159449088
321	896372736	2147483648	0	1608470528	4294967296	0	606208	2147483648	0	741376	4294967296	0	138678272
322	869183488	2147483648	0	1574887424	4294967296	0	552960	2147483648	0	737280	4294967296	0	143626240
323	728895488	2147483648	0	1510834176	4294967296	0	851968	2147483648	0	688128	4294967296	0	169230336
324	726052864	2147483648	0	1508470784	4294967296	0	696320	2147483648	0	684032	4294967296	0	174874624
325	720158720	2147483648	0	1507532800	4294967296	0	696320	2147483648	0	684032	4294967296	0	174993408
326	716738560	2147483648	0	1507459072	4294967296	0	614400	2147483648	0	679936	4294967296	0	169881600
327	709853184	2147483648	0	1507651584	4294967296	0	561152	2147483648	0	679936	4294967296	0	172130304
328	712265728	2147483648	0	1508360192	4294967296	0	532480	2147483648	0	786432	4294967296	0	174542848
329	717172736	2147483648	0	1512828928	4294967296	0	532480	2147483648	0	786432	4294967296	0	162512896
330	719265792	2147483648	0	1511796736	4294967296	0	520192	2147483648	0	770048	4294967296	0	172634112
331	722923520	2147483648	0	1516032000	4294967296	0	520192	2147483648	0	770048	4294967296	0	159514624
332	724234240	2147483648	0	1513840640	4294967296	0	516096	2147483648	0	737280	4294967296	0	164581376
333	724389888	2147483648	0	1510961152	4294967296	0	905216	2147483648	0	712704	4294967296	0	176095232
334	727527424	2147483648	0	1514754048	4294967296	0	851968	2147483648	0	712704	4294967296	0	153489408
335	721281024	2147483648	0	1512263680	4294967296	0	708608	2147483648	0	700416	4294967296	0	171839488
336	726491136	2147483648	0	1516675072	4294967296	0	708608	2147483648	0	700416	4294967296	0	160395264
337	723595264	2147483648	0	1514450944	4294967296	0	659456	2147483648	0	692224	4294967296	0	174866432
338	726728704	2147483648	0	1520857088	4294967296	0	921600	2147483648	0	892928	4294967296	0	161505280
339	726339584	2147483648	0	1515913216	4294967296	0	704512	2147483648	0	811008	4294967296	0	176197632
340	717680640	2147483648	0	1517043712	4294967296	0	688128	2147483648	0	790528	4294967296	0	183427072
341	721010688	2147483648	0	1520734208	4294967296	0	688128	2147483648	0	790528	4294967296	0	175529984
342	724275200	2147483648	0	1524789248	4294967296	0	688128	2147483648	0	790528	4294967296	0	166117376
343	727146496	2147483648	0	1528295424	4294967296	0	950272	2147483648	0	987136	4294967296	0	158457856
344	744624128	2147483648	0	1515290624	4294967296	0	700416	2147483648	0	815104	4294967296	0	149798912
345	749961216	2147483648	0	1514688512	4294967296	0	700416	2147483648	0	815104	4294967296	0	143609856
346	744423424	2147483648	0	1511849984	4294967296	0	1007616	2147483648	0	778240	4294967296	0	173867008
347	745775104	2147483648	0	1500438528	4294967296	0	909312	2147483648	0	700416	4294967296	0	169627648
348	750137344	2147483648	0	1474293760	4294967296	0	970752	2147483648	0	929792	4294967296	0	202956800
349	769327104	2147483648	0	1474682880	4294967296	0	823296	2147483648	0	905216	4294967296	0	171806720
350	769540096	2147483648	0	1474416640	4294967296	0	692224	2147483648	0	827392	4294967296	0	177172480
351	782655488	2147483648	0	1469513728	4294967296	0	651264	2147483648	0	819200	4294967296	0	162476032
352	770801664	2147483648	0	1455099904	4294967296	0	585728	2147483648	0	733184	4294967296	0	183726080
353	769605632	2147483648	0	1446518784	4294967296	0	704512	2147483648	0	729088	4294967296	0	197816320
354	754208768	2147483648	0	1447591936	4294967296	0	704512	2147483648	0	724992	4294967296	0	140296192
355	691392512	2147483648	0	1382948864	4294967296	0	704512	2147483648	0	724992	4294967296	0	138657792
356	680247296	2147483648	0	1360486400	4294967296	0	704512	2147483648	0	724992	4294967296	0	141692928
357	605380608	2147483648	0	1294364672	4294967296	0	692224	2147483648	0	720896	4294967296	0	144281600
358	559419392	2147483648	0	1218740224	4294967296	0	610304	2147483648	0	847872	4294967296	0	168251392
359	559480832	2147483648	0	1218916352	4294967296	0	610304	2147483648	0	847872	4294967296	0	167739392
360	563175424	2147483648	0	1182679040	4294967296	0	573440	2147483648	0	839680	4294967296	0	189865984
361	556990464	2147483648	0	1181777920	4294967296	0	561152	2147483648	0	741376	4294967296	0	175058944
362	559792128	2147483648	0	1183154176	4294967296	0	561152	2147483648	0	720896	4294967296	0	176975872
363	566861824	2147483648	0	1170534400	4294967296	0	561152	2147483648	0	712704	4294967296	0	161624064
364	569683968	2147483648	0	1158926336	4294967296	0	1146880	2147483648	0	708608	4294967296	0	173694976
365	574767104	2147483648	0	1157586944	4294967296	0	1191936	2147483648	0	700416	4294967296	0	176668672
366	583847936	2147483648	0	1137954816	4294967296	0	811008	2147483648	0	696320	4294967296	0	185724928
367	596959232	2147483648	0	1153273856	4294967296	0	724992	2147483648	0	696320	4294967296	0	158638080
368	602279936	2147483648	0	1145233408	4294967296	0	610304	2147483648	0	847872	4294967296	0	171429888
369	607395840	2147483648	0	1148088320	4294967296	0	565248	2147483648	0	802816	4294967296	0	163659776
370	613490688	2147483648	0	1147273216	4294967296	0	561152	2147483648	0	720896	4294967296	0	174387200
371	618749952	2147483648	0	1152176128	4294967296	0	561152	2147483648	0	708608	4294967296	0	175435776
372	622903296	2147483648	0	1155989504	4294967296	0	557056	2147483648	0	704512	4294967296	0	166748160
373	630677504	2147483648	0	1157865472	4294967296	0	811008	2147483648	0	704512	4294967296	0	172306432
374	639561728	2147483648	0	1164480512	4294967296	0	708608	2147483648	0	704512	4294967296	0	155795456
375	639168512	2147483648	0	1145262080	4294967296	0	565248	2147483648	0	704512	4294967296	0	172408832
376	643960832	2147483648	0	1126113280	4294967296	0	610304	2147483648	0	700416	4294967296	0	160886784
377	646303744	2147483648	0	1121161216	4294967296	0	577536	2147483648	0	782336	4294967296	0	170655744
378	650444800	2147483648	0	1095131136	4294967296	0	552960	2147483648	0	876544	4294967296	0	199438336
379	653598720	2147483648	0	1117396992	4294967296	0	552960	2147483648	0	1171456	4294967296	0	158302208
380	636682240	2147483648	0	1116876800	4294967296	0	552960	2147483648	0	892928	4294967296	0	182333440
381	624287744	2147483648	0	1127235584	4294967296	0	552960	2147483648	0	798720	4294967296	0	190427136
382	629129216	2147483648	0	1137733632	4294967296	0	552960	2147483648	0	745472	4294967296	0	155975680
383	622157824	2147483648	0	1114689536	4294967296	0	892928	2147483648	0	712704	4294967296	0	159367168
384	604233728	2147483648	0	1111900160	4294967296	0	618496	2147483648	0	712704	4294967296	0	156094464
385	589606912	2147483648	0	1113018368	4294967296	0	716800	2147483648	0	692224	4294967296	0	155377664
386	525029376	2147483648	0	712187904	4294967296	0	667648	2147483648	0	925696	4294967296	0	176668672
387	528715776	2147483648	0	660279296	4294967296	0	585728	2147483648	0	778240	4294967296	0	188907520
388	533786624	2147483648	0	673685504	4294967296	0	577536	2147483648	0	737280	4294967296	0	174268416
389	512376832	2147483648	0	686313472	4294967296	0	569344	2147483648	0	720896	4294967296	0	188743680
390	499937280	2147483648	0	704212992	4294967296	0	704512	2147483648	0	716800	4294967296	0	174542848
391	485101568	2147483648	0	710963200	4294967296	0	602112	2147483648	0	716800	4294967296	0	176275456
392	470212608	2147483648	0	728580096	4294967296	0	602112	2147483648	0	716800	4294967296	0	173568000
393	467718144	2147483648	0	738025472	4294967296	0	581632	2147483648	0	716800	4294967296	0	173744128
394	461094912	2147483648	0	754114560	4294967296	0	569344	2147483648	0	888832	4294967296	0	164798464
395	466141184	2147483648	0	767995904	4294967296	0	561152	2147483648	0	843776	4294967296	0	156573696
396	447844352	2147483648	0	769449984	4294967296	0	557056	2147483648	0	753664	4294967296	0	179003392
397	438521856	2147483648	0	780218368	4294967296	0	557056	2147483648	0	724992	4294967296	0	182202368
398	437075968	2147483648	0	795664384	4294967296	0	557056	2147483648	0	720896	4294967296	0	159617024
399	434257920	2147483648	0	780820480	4294967296	0	557056	2147483648	0	716800	4294967296	0	170323968
400	433942528	2147483648	0	791740416	4294967296	0	704512	2147483648	0	716800	4294967296	0	171782144
401	424960000	2147483648	0	809816064	4294967296	0	647168	2147483648	0	716800	4294967296	0	162648064
402	409374720	2147483648	0	818651136	4294967296	0	610304	2147483648	0	716800	4294967296	0	182689792
403	410517504	2147483648	0	833294336	4294967296	0	598016	2147483648	0	716800	4294967296	0	167731200
404	398192640	2147483648	0	848531456	4294967296	0	573440	2147483648	0	929792	4294967296	0	164749312
405	384782336	2147483648	0	859394048	4294967296	0	569344	2147483648	0	843776	4294967296	0	172052480
406	356966400	2147483648	0	866123776	4294967296	0	561152	2147483648	0	733184	4294967296	0	177471488
407	334028800	2147483648	0	874065920	4294967296	0	561152	2147483648	0	716800	4294967296	0	178356224
408	337842176	2147483648	0	888446976	4294967296	0	557056	2147483648	0	716800	4294967296	0	169525248
409	328110080	2147483648	0	892571648	4294967296	0	552960	2147483648	0	716800	4294967296	0	170237952
410	311263232	2147483648	0	898547712	4294967296	0	811008	2147483648	0	716800	4294967296	0	182648832
411	288997376	2147483648	0	912789504	4294967296	0	749568	2147483648	0	716800	4294967296	0	184086528
412	264114176	2147483648	0	923234304	4294967296	0	634880	2147483648	0	716800	4294967296	0	154427392
413	231665664	2147483648	0	931741696	4294967296	0	634880	2147483648	0	704512	4294967296	0	182185984
414	208351232	2147483648	0	890351616	4294967296	0	614400	2147483648	0	798720	4294967296	0	160301056
415	169541632	2147483648	0	785928192	4294967296	0	561152	2147483648	0	831488	4294967296	0	139509760
416	159137792	2147483648	0	599666688	4294967296	0	557056	2147483648	0	798720	4294967296	0	142667776
417	155660288	2147483648	0	530264064	4294967296	0	557056	2147483648	0	753664	4294967296	0	161673216
418	167800832	2147483648	0	511733760	4294967296	0	552960	2147483648	0	729088	4294967296	0	159604736
419	160452608	2147483648	0	487428096	4294967296	0	552960	2147483648	0	712704	4294967296	0	192131072
420	163639296	2147483648	0	459788288	4294967296	0	757760	2147483648	0	712704	4294967296	0	191184896
421	175194112	2147483648	0	473976832	4294967296	0	757760	2147483648	0	712704	4294967296	0	159981568
422	179113984	2147483648	0	463372288	4294967296	0	638976	2147483648	0	712704	4294967296	0	181145600
423	189919232	2147483648	0	471592960	4294967296	0	585728	2147483648	0	950272	4294967296	0	170450944
424	198963200	2147483648	0	448897024	4294967296	0	561152	2147483648	0	913408	4294967296	0	189726720
425	210485248	2147483648	0	461135872	4294967296	0	561152	2147483648	0	913408	4294967296	0	164208640
426	213147648	2147483648	0	458993664	4294967296	0	557056	2147483648	0	782336	4294967296	0	163115008
427	196677632	2147483648	0	432062464	4294967296	0	557056	2147483648	0	712704	4294967296	0	169021440
428	191885312	2147483648	0	418906112	4294967296	0	552960	2147483648	0	712704	4294967296	0	192868352
429	191885312	2147483648	0	420335616	4294967296	0	946176	2147483648	0	712704	4294967296	0	186884096
430	192016384	2147483648	0	420286464	4294967296	0	897024	2147483648	0	712704	4294967296	0	182681600
431	193118208	2147483648	0	420286464	4294967296	0	897024	2147483648	0	712704	4294967296	0	182194176
432	193380352	2147483648	0	420679680	4294967296	0	897024	2147483648	0	712704	4294967296	0	182198272
433	199790592	2147483648	0	420552704	4294967296	0	897024	2147483648	0	1105920	4294967296	0	174231552
434	232321024	2147483648	0	409083904	4294967296	0	770048	2147483648	0	933888	4294967296	0	165261312
435	253308928	2147483648	0	407085056	4294967296	0	667648	2147483648	0	778240	4294967296	0	166608896
436	255963136	2147483648	0	394612736	4294967296	0	606208	2147483648	0	741376	4294967296	0	164028416
437	253366272	2147483648	0	374042624	4294967296	0	573440	2147483648	0	716800	4294967296	0	183209984
438	253788160	2147483648	0	373915648	4294967296	0	573440	2147483648	0	716800	4294967296	0	180736000
439	253788160	2147483648	0	373915648	4294967296	0	573440	2147483648	0	716800	4294967296	0	178991104
440	291237888	2147483648	0	356020224	4294967296	0	786432	2147483648	0	712704	4294967296	0	163180544
441	304218112	2147483648	0	340180992	4294967296	0	753664	2147483648	0	712704	4294967296	0	167399424
442	304095232	2147483648	0	340180992	4294967296	0	753664	2147483648	0	712704	4294967296	0	167686144
443	292282368	2147483648	0	312696832	4294967296	0	667648	2147483648	0	1105920	4294967296	0	174071808
444	315514880	2147483648	0	280997888	4294967296	0	606208	2147483648	0	921600	4294967296	0	156684288
445	349716480	2147483648	0	239337472	4294967296	0	585728	2147483648	0	876544	4294967296	0	179691520
446	391012352	2147483648	0	209416192	4294967296	0	585728	2147483648	0	876544	4294967296	0	176361472
447	376942592	2147483648	0	195260416	4294967296	0	585728	2147483648	0	872448	4294967296	0	184938496
448	394592256	2147483648	0	195260416	4294967296	0	585728	2147483648	0	872448	4294967296	0	1358852096
449	406196224	2147483648	0	195260416	4294967296	0	585728	2147483648	0	872448	4294967296	0	3020677120
450	419516416	2147483648	0	195260416	4294967296	0	798720	2147483648	0	872448	4294967296	0	5063188480
451	439103488	2147483648	0	195260416	4294967296	0	798720	2147483648	0	872448	4294967296	0	6935465984
452	464781312	2147483648	0	195260416	4294967296	0	798720	2147483648	0	872448	4294967296	0	7087341568
453	490065920	2147483648	0	195391488	4294967296	0	798720	2147483648	0	872448	4294967296	0	7057797120
454	516206592	2147483648	0	195383296	4294967296	0	798720	2147483648	0	872448	4294967296	0	7027224576
455	540311552	2147483648	0	195383296	4294967296	0	798720	2147483648	0	872448	4294967296	0	7000444928
456	565989376	2147483648	0	195383296	4294967296	0	798720	2147483648	0	872448	4294967296	0	6971174912
457	591454208	2147483648	0	195383296	4294967296	0	798720	2147483648	0	872448	4294967296	0	6940708864
458	619872256	2147483648	0	195383296	4294967296	0	798720	2147483648	0	872448	4294967296	0	6908141568
459	649281536	2147483648	0	195383296	4294967296	0	798720	2147483648	0	872448	4294967296	0	6875955200
460	678006784	2147483648	0	195383296	4294967296	0	798720	2147483648	0	872448	4294967296	0	6843097088
461	695951360	2147483648	0	195383296	4294967296	0	798720	2147483648	0	872448	4294967296	0	6822838272
462	695902208	2147483648	0	195383296	4294967296	0	798720	2147483648	0	872448	4294967296	0	6822744064
463	696291328	2147483648	0	195383296	4294967296	0	798720	2147483648	0	872448	4294967296	0	6822350848
464	696287232	2147483648	0	197914624	4294967296	0	798720	2147483648	0	872448	4294967296	0	6819094528
465	696287232	2147483648	0	198152192	4294967296	0	798720	2147483648	0	872448	4294967296	0	6816096256
466	696287232	2147483648	0	248442880	4294967296	0	798720	2147483648	0	872448	4294967296	0	6765305856
467	696287232	2147483648	0	313909248	4294967296	0	798720	2147483648	0	872448	4294967296	0	6697676800
468	696295424	2147483648	0	332124160	4294967296	0	798720	2147483648	0	872448	4294967296	0	6676652032
469	696295424	2147483648	0	332242944	4294967296	0	798720	2147483648	0	872448	4294967296	0	6675382272
470	696295424	2147483648	0	332124160	4294967296	0	798720	2147483648	0	872448	4294967296	0	6674067456
471	696295424	2147483648	0	332242944	4294967296	0	798720	2147483648	0	872448	4294967296	0	6673403904
472	696295424	2147483648	0	332230656	4294967296	0	798720	2147483648	0	872448	4294967296	0	6672986112
473	696295424	2147483648	0	332242944	4294967296	0	798720	2147483648	0	872448	4294967296	0	6673817600
474	696295424	2147483648	0	347394048	4294967296	0	798720	2147483648	0	872448	4294967296	0	6658203648
475	696295424	2147483648	0	369106944	4294967296	0	798720	2147483648	0	872448	4294967296	0	6631075840
476	696295424	2147483648	0	391294976	4294967296	0	798720	2147483648	0	872448	4294967296	0	6603751424
477	696295424	2147483648	0	414380032	4294967296	0	798720	2147483648	0	872448	4294967296	0	6560796672
478	712962048	2147483648	0	438542336	4294967296	0	798720	2147483648	0	872448	4294967296	0	6505652224
479	727035904	2147483648	0	463712256	4294967296	0	798720	2147483648	0	872448	4294967296	0	6459772928
480	613539840	2147483648	0	489914368	4294967296	0	798720	2147483648	0	872448	4294967296	0	6546362368
481	0	2147483648	0	526262272	4294967296	0	798720	2147483648	0	872448	4294967296	0	6935113728
482	0	2147483648	0	557744128	4294967296	0	798720	2147483648	0	872448	4294967296	0	6883848192
483	0	2147483648	0	582959104	4294967296	0	798720	2147483648	0	872448	4294967296	0	6849486848
484	0	2147483648	0	608780288	4294967296	0	798720	2147483648	0	872448	4294967296	0	6816145408
485	0	2147483648	0	634818560	4294967296	0	798720	2147483648	0	872448	4294967296	0	6784000000
486	0	2147483648	0	660766720	4294967296	0	798720	2147483648	0	872448	4294967296	0	6752817152
487	0	2147483648	0	686108672	4294967296	0	798720	2147483648	0	872448	4294967296	0	6723194880
488	0	2147483648	0	706646016	4294967296	0	798720	2147483648	0	872448	4294967296	0	6698692608
489	0	2147483648	0	706555904	4294967296	0	798720	2147483648	0	872448	4294967296	0	6698045440
490	0	2147483648	0	706555904	4294967296	0	798720	2147483648	0	872448	4294967296	0	6697201664
491	0	2147483648	0	248553472	4294967296	0	798720	2147483648	0	872448	4294967296	0	7223783424
492	0	2147483648	0	0	4294967296	0	0	2147483648	0	3166208	4294967296	0	7219081216
