1	1434869760	536870912	0	2852761600	1073741824	0	1770184704	536870912	0	3012743168	1073741824	0	2849107968
2	1434869760	536870912	0	2852761600	1073741824	0	1770184704	536870912	0	3012743168	1073741824	0	2849587200
3	1435017216	536870912	0	2852892672	1073741824	0	1770336256	536870912	0	3012743168	1073741824	0	2850766848
4	1435156480	536870912	0	2853072896	1073741824	0	1770401792	536870912	0	3369132032	1073741824	0	2487148544
5	1463271424	536870912	0	2853056512	1073741824	0	1770438656	536870912	0	3701411840	1073741824	0	2129584128
6	1476235264	536870912	0	2875719680	1073741824	0	1770467328	536870912	0	3993804800	1073741824	0	1802772480
7	1487360000	536870912	0	2893021184	1073741824	0	1770528768	536870912	0	4252835840	1073741824	0	1513091072
8	1503543296	536870912	0	2894843904	1073741824	0	1770553344	536870912	0	4294946816	1073741824	0	1451515904
9	1503821824	536870912	0	2895114240	1073741824	0	1770590208	536870912	0	4294942720	1073741824	0	1449873408
10	1504325632	536870912	0	2895462400	1073741824	0	1770635264	536870912	0	4294946816	1073741824	0	1449058304
11	1504743424	536870912	0	2895962112	1073741824	0	1770680320	536870912	0	4294959104	1073741824	0	1448099840
12	1505169408	536870912	0	2896343040	1073741824	0	1770729472	536870912	0	4294819840	1073741824	0	1447505920
13	1505599488	536870912	0	2896838656	1073741824	0	1770795008	536870912	0	4294950912	1073741824	0	1446522880
14	1505976320	536870912	0	2897457152	1073741824	0	1770827776	536870912	0	4294955008	1073741824	0	1445302272
15	1506377728	536870912	0	2898108416	1073741824	0	1770860544	536870912	0	4294955008	1073741824	0	1444597760
16	1506799616	536870912	0	2898608128	1073741824	0	1770897408	536870912	0	4294959104	1073741824	0	1442820096
17	1507266560	536870912	0	2899226624	1073741824	0	1770926080	536870912	0	4294959104	1073741824	0	1442873344
18	1507807232	536870912	0	2899742720	1073741824	0	1770958848	536870912	0	4294959104	1073741824	0	1441312768
19	1508179968	536870912	0	2900348928	1073741824	0	1771012096	536870912	0	4294963200	1073741824	0	1440141312
20	1508810752	536870912	0	2901016576	1073741824	0	1771044864	536870912	0	4294848512	1073741824	0	1438793728
21	1509314560	536870912	0	2901479424	1073741824	0	1771069440	536870912	0	4294967296	1073741824	0	1438019584
22	1509703680	536870912	0	2902130688	1073741824	0	1771098112	536870912	0	4294967296	1073741824	0	1436872704
23	1510240256	536870912	0	2902708224	1073741824	0	1771126784	536870912	0	4294893568	1073741824	0	1435860992
24	1510862848	536870912	0	2903506944	1073741824	0	1773264896	536870912	0	4294922240	1073741824	0	1433104384
25	1511333888	536870912	0	2904080384	1073741824	0	1773330432	536870912	0	4294868992	1073741824	0	1430466560
26	1511886848	536870912	0	2904457216	1073741824	0	1773203456	536870912	0	4294803456	1073741824	0	1430372352
27	1512566784	536870912	0	2905055232	1073741824	0	1773203456	536870912	0	4294934528	1073741824	0	1428443136
28	1513250816	536870912	0	2905792512	1073741824	0	1773203456	536870912	0	4294803456	1073741824	0	1428250624
29	1513594880	536870912	0	2906148864	1073741824	0	1773203456	536870912	0	4294934528	1073741824	0	1426661376
30	1514102784	536870912	0	2906677248	1073741824	0	1773207552	536870912	0	4294807552	1073741824	0	1416511488
31	1514774528	536870912	0	2907246592	1073741824	0	1773338624	536870912	0	4294942720	1073741824	0	1415073792
32	1515458560	536870912	0	2908188672	1073741824	0	1773371392	536870912	0	4294811648	1073741824	0	1414631424
33	1516224512	536870912	0	2908913664	1073741824	0	1773400064	536870912	0	4294942720	1073741824	0	1412734976
34	1516826624	536870912	0	2909331456	1073741824	0	1773432832	536870912	0	4294918144	1073741824	0	1411825664
35	1517293568	536870912	0	2909855744	1073741824	0	1773469696	536870912	0	4294946816	1073741824	0	1410719744
36	1517715456	536870912	0	2910556160	1073741824	0	1773498368	536870912	0	4294959104	1073741824	0	1410469888
37	1527922688	536870912	0	2911293440	1073741824	0	1773391872	536870912	0	4294823936	1073741824	0	1398456320
38	1583951872	536870912	0	2912022528	1073741824	0	1773391872	536870912	0	4294828032	1073741824	0	1340223488
39	1624731648	536870912	0	2912940032	1073741824	0	1773391872	536870912	0	4294828032	1073741824	0	1297874944
40	1677389824	536870912	0	2913734656	1073741824	0	1773391872	536870912	0	4294963200	1073741824	0	1243811840
41	1723531264	536870912	0	2914361344	1073741824	0	1773391872	536870912	0	4294828032	1073741824	0	1194758144
42	1724301312	536870912	0	2915012608	1073741824	0	1773391872	536870912	0	4294836224	1073741824	0	1193713664
43	1725001728	536870912	0	2915602432	1073741824	0	1773391872	536870912	0	4294836224	1073741824	0	1192034304
44	1725734912	536870912	0	2916536320	1073741824	0	1773391872	536870912	0	4294955008	1073741824	0	1183498240
45	1726824448	536870912	0	2917470208	1073741824	0	1773391872	536870912	0	4294889472	1073741824	0	1180569600
46	1727860736	536870912	0	2918690816	1073741824	0	1773391872	536870912	0	4294840320	1073741824	0	1178324992
47	1729052672	536870912	0	2919579648	1073741824	0	1773391872	536870912	0	4294926336	1073741824	0	1175220224
48	1729851392	536870912	0	2920374272	1073741824	0	1773391872	536870912	0	4294844416	1073741824	0	1173901312
49	1730584576	536870912	0	2921238528	1073741824	0	1773391872	536870912	0	4294885376	1073741824	0	1172045824
50	1731821568	536870912	0	3007606784	1073741824	0	1788203008	536870912	0	4294926336	1073741824	0	1067819008
51	1733218304	536870912	0	3091197952	1073741824	0	2128465920	536870912	0	4294848512	1073741824	0	640839680
52	1734574080	536870912	0	3142582272	1073741824	0	2147467264	536870912	0	2895110144	1073741824	0	1971826688
53	1735806976	536870912	0	3190693888	1073741824	0	2147020800	536870912	0	2895110144	1073741824	0	1921015808
54	1737207808	536870912	0	3265220608	1073741824	0	2147454976	536870912	0	2895110144	1073741824	0	1845997568
55	1738768384	536870912	0	3332673536	1073741824	0	2147479552	536870912	0	2895110144	1073741824	0	1773182976
56	1739579392	536870912	0	3343540224	1073741824	0	2147332096	536870912	0	2895110144	1073741824	0	1761435648
57	1740697600	536870912	0	3344633856	1073741824	0	2147344384	536870912	0	2895110144	1073741824	0	1759731712
58	1741836288	536870912	0	3345883136	1073741824	0	2147340288	536870912	0	2895110144	1073741824	0	1758093312
59	1743060992	536870912	0	3347238912	1073741824	0	2147483648	536870912	0	2895110144	1073741824	0	1755545600
60	1744269312	536870912	0	3348451328	1073741824	0	2147225600	536870912	0	2895110144	1073741824	0	1753272320
61	1745436672	536870912	0	3349655552	1073741824	0	2147381248	536870912	0	2895110144	1073741824	0	1749270528
62	1746677760	536870912	0	3350802432	1073741824	0	2147364864	536870912	0	2895110144	1073741824	0	1747927040
63	1747943424	536870912	0	3352027136	1073741824	0	2147373056	536870912	0	2895110144	1073741824	0	1744302080
64	1749229568	536870912	0	3353305088	1073741824	0	2147246080	536870912	0	2895110144	1073741824	0	1742147584
65	1750380544	536870912	0	3354583040	1073741824	0	2147381248	536870912	0	2895110144	1073741824	0	1740169216
66	1751519232	536870912	0	3355676672	1073741824	0	2147381248	536870912	0	2895110144	1073741824	0	1737674752
67	1752690688	536870912	0	3357028352	1073741824	0	2147401728	536870912	0	2895110144	1073741824	0	1735446528
68	1753927680	536870912	0	3358171136	1073741824	0	2147409920	536870912	0	2895110144	1073741824	0	1732775936
69	1754701824	536870912	0	3359178752	1073741824	0	2147405824	536870912	0	2895110144	1073741824	0	1730551808
70	1755725824	536870912	0	3359952896	1073741824	0	2147405824	536870912	0	2894991360	1073741824	0	1730097152
71	1756704768	536870912	0	3361206272	1073741824	0	2147426304	536870912	0	2894991360	1073741824	0	1727590400
72	1759199232	536870912	0	3362299904	1073741824	0	2147418112	536870912	0	2894991360	1073741824	0	1715326976
73	1760395264	536870912	0	3363336192	1073741824	0	2147422208	536870912	0	2894991360	1073741824	0	1714614272
74	1761529856	536870912	0	3364421632	1073741824	0	2147373056	536870912	0	2894991360	1073741824	0	1711751168
75	1764720640	536870912	0	3365687296	1073741824	0	2147434496	536870912	0	2894909440	1073741824	0	1706663936
76	1765883904	536870912	0	3366780928	1073741824	0	2147434496	536870912	0	2894909440	1073741824	0	1704173568
77	1767239680	536870912	0	3368255488	1073741824	0	2147450880	536870912	0	2894905344	1073741824	0	1701138432
78	1768554496	536870912	0	3369664512	1073741824	0	2147454976	536870912	0	2894905344	1073741824	0	1700937728
79	1769836544	536870912	0	3370860544	1073741824	0	2147454976	536870912	0	2894856192	1073741824	0	1697787904
80	1770901504	536870912	0	3371909120	1073741824	0	2147463168	536870912	0	2894622720	1073741824	0	1697943552
81	1772011520	536870912	0	3373232128	1073741824	0	2147467264	536870912	0	2894540800	1073741824	0	1694441472
82	1773211648	536870912	0	3374383104	1073741824	0	2147467264	536870912	0	2894327808	1073741824	0	1684013056
83	1774149632	536870912	0	3375185920	1073741824	0	2147422208	536870912	0	2894098432	1073741824	0	1681121280
84	1775099904	536870912	0	3376353280	1073741824	0	2108649472	536870912	0	2893459456	1073741824	0	1717686272
85	1776246784	536870912	0	3377504256	1073741824	0	2108649472	536870912	0	2893459456	1073741824	0	1716436992
86	1777618944	536870912	0	3378700288	1073741824	0	2109050880	536870912	0	2893459456	1073741824	0	1714327552
87	1778692096	536870912	0	3379900416	1073741824	0	2110889984	536870912	0	2893459456	1073741824	0	1710051328
88	1779568640	536870912	0	3380867072	1073741824	0	2125963264	536870912	0	2893459456	1073741824	0	1692717056
89	1780551680	536870912	0	3381760000	1073741824	0	2140381184	536870912	0	2893459456	1073741824	0	1676931072
90	1781440512	536870912	0	3382677504	1073741824	0	2147463168	536870912	0	2893459456	1073741824	0	1666584576
91	1782214656	536870912	0	3383422976	1073741824	0	2147467264	536870912	0	2895556608	1073741824	0	1662193664
92	1783119872	536870912	0	3384451072	1073741824	0	1704456192	536870912	0	2895556608	1073741824	0	2105860096
93	1784156160	536870912	0	3385544704	1073741824	0	1704972288	536870912	0	2895556608	1073741824	0	2103357440
94	1785307136	536870912	0	3386793984	1073741824	0	1705357312	536870912	0	2895556608	1073741824	0	2100654080
95	1786998784	536870912	0	3387842560	1073741824	0	1705549824	536870912	0	2895556608	1073741824	0	2097602560
96	1788964864	536870912	0	3388997632	1073741824	0	1705873408	536870912	0	2895556608	1073741824	0	2093899776
97	1790918656	536870912	0	3390033920	1073741824	0	1706303488	536870912	0	2895556608	1073741824	0	2090377216
98	1792602112	536870912	0	3391078400	1073741824	0	1706602496	536870912	0	2895556608	1073741824	0	2087120896
99	1794674688	536870912	0	3392192512	1073741824	0	1706975232	536870912	0	2895556608	1073741824	0	2083495936
100	1796894720	536870912	0	3393269760	1073741824	0	1707196416	536870912	0	2895556608	1073741824	0	2079854592
101	1798455296	536870912	0	3394306048	1073741824	0	1707462656	536870912	0	2895556608	1073741824	0	2065936384
102	1799962624	536870912	0	3395211264	1073741824	0	1707675648	536870912	0	2895556608	1073741824	0	2072711168
103	1801666560	536870912	0	3396194304	1073741824	0	1707720704	536870912	0	2895556608	1073741824	0	2056519680
104	1802162176	536870912	0	3396759552	1073741824	0	1708011520	536870912	0	2895556608	1073741824	0	1387626496
105	1802936320	536870912	0	3397562368	1073741824	0	1708199936	536870912	0	2895556608	1073741824	0	888639488
106	1803317248	536870912	0	3398107136	1073741824	0	1708244992	536870912	0	2895556608	1073741824	0	419721216
107	1798172672	536870912	0	3260170240	1073741824	1958551552	1706004480	536870912	0	2892562432	1073741824	0	161492992
108	1812443136	536870912	0	2828001280	1073741824	10043912192	1705607168	536870912	0	2851692544	1073741824	432279552	216907776
109	1847484416	536870912	0	2785800192	1073741824	10494062592	1705656320	536870912	0	2825523200	1073741824	919150592	237281280
110	1884393472	536870912	0	2789437440	1073741824	10494062592	1705668608	536870912	0	2825527296	1073741824	919150592	196947968
111	1930829824	536870912	0	2795712512	1073741824	10494062592	1705656320	536870912	0	2775351296	1073741824	1823395840	192647168
112	1964838912	536870912	0	2759942144	1073741824	10957828096	1704083456	536870912	0	2786979840	1073741824	2254716928	198574080
113	2007818240	536870912	0	2736185344	1073741824	11394908160	1704075264	536870912	0	2756231168	1073741824	4512739328	211398656
114	2032820224	536870912	0	2669170688	1073741824	12247810048	1704038400	536870912	0	2750734336	1073741824	5189414912	258342912
115	2072301568	536870912	0	2669473792	1073741824	12247810048	1704022016	536870912	0	2730446848	1073741824	6292013056	240472064
116	2090508288	536870912	0	2669608960	1073741824	12247810048	1704042496	536870912	0	2734755840	1073741824	6292013056	217952256
117	2092068864	536870912	0	2669527040	1073741824	12247810048	1703915520	536870912	0	2734587904	1073741824	6292013056	216227840
118	2093498368	536870912	0	2669527040	1073741824	12247810048	1703915520	536870912	0	2734587904	1073741824	6292013056	214642688
119	2094927872	536870912	0	2669535232	1073741824	12247810048	1703915520	536870912	0	2734587904	1073741824	6292013056	213716992
120	2096488448	536870912	0	2672013312	1073741824	12247810048	1704005632	536870912	0	2723946496	1073741824	7194697728	219820032
121	2097786880	536870912	0	2675970048	1073741824	12247810048	1704005632	536870912	0	2722656256	1073741824	7791161344	214745088
122	2099912704	536870912	0	2675748864	1073741824	12247810048	1488068608	536870912	0	2705522688	1073741824	8086827008	449265664
123	2102390784	536870912	0	2675834880	1073741824	12247810048	1488072704	536870912	0	2705420288	1073741824	8086827008	447016960
124	2103988224	536870912	0	2683699200	1073741824	12247810048	1488076800	536870912	0	2821550080	1073741824	8086827008	322060288
125	2105348096	536870912	0	2693554176	1073741824	12247810048	1488224256	536870912	0	2898104320	1073741824	9035460608	231243776
126	2107039744	536870912	0	2702671872	1073741824	12247810048	1488306176	536870912	0	2880790528	1073741824	9973444608	235360256
127	2108940288	536870912	0	2710368256	1073741824	12247810048	1488404480	536870912	0	2941325312	1073741824	10113929216	165404672
128	2110619648	536870912	0	2714169344	1073741824	12247810048	1488429056	536870912	0	2902548480	1073741824	11020767232	198656000
129	2112229376	536870912	0	2720378880	1073741824	12247810048	1488474112	536870912	0	2863566848	1073741824	12014493696	227987456
130	2113961984	536870912	0	2730459136	1073741824	12247810048	1488560128	536870912	0	2844962816	1073741824	13001756672	233701376
131	2115575808	536870912	0	2743017472	1073741824	12247810048	1488621568	536870912	0	2813009920	1073741824	13961584640	249655296
132	2117287936	536870912	0	2747047936	1073741824	12247810048	1488605184	536870912	0	2819387392	1073741824	13988593664	146284544
133	2118217728	536870912	0	2679189504	1073741824	13129064448	1488633856	536870912	0	2627485696	1073741824	15644643328	140066816
134	1917321216	536870912	1190178816	2514976768	1073741824	15120183296	1488642048	536870912	0	2506416128	1073741824	16616775680	249720832
135	1810087936	536870912	1883508736	2379210752	1073741824	16666652672	1488642048	536870912	0	2344488960	1073741824	17773678592	165793792
136	1689423872	536870912	3572051968	2233647104	1073741824	18273972224	1488740352	536870912	0	2193592320	1073741824	18717270016	174014464
137	1560444928	536870912	5483487232	2084671488	1073741824	19741396992	1488711680	536870912	0	2068897792	1073741824	19605700608	163917824
138	1543901184	536870912	5752418304	2052452352	1073741824	20007448576	1488752640	536870912	0	2033971200	1073741824	19871313920	237821952
139	1544318976	536870912	5752418304	2053312512	1073741824	20007448576	1488855040	536870912	0	2034388992	1073741824	19871313920	235786240
140	1544687616	536870912	5752418304	2054074368	1073741824	20007448576	1489027072	536870912	0	2038919168	1073741824	19871313920	229584896
141	1545101312	536870912	5752418304	2054914048	1073741824	20007448576	1489039360	536870912	0	2039439360	1073741824	19871313920	227987456
142	1545637888	536870912	5752418304	2056183808	1073741824	20007448576	1489121280	536870912	0	2039902208	1073741824	19871313920	225734656
143	1546076160	536870912	5752418304	2057842688	1073741824	20007448576	1489211392	536870912	0	2041233408	1073741824	19871313920	222523392
144	1513660416	536870912	6271950848	2076274688	1073741824	20007448576	1489293312	536870912	0	2078961664	1073741824	19871313920	197410816
145	1515802624	536870912	6271950848	2091290624	1073741824	20007448576	1489330176	536870912	0	2035933184	1073741824	20417101824	220610560
146	1522876416	536870912	6271950848	2108276736	1073741824	20007448576	1489391616	536870912	0	2066620416	1073741824	20417101824	164171776
147	1523892224	536870912	6271950848	2061008896	1073741824	20538400768	1489444864	536870912	0	2077679616	1073741824	20417101824	197709824
148	1529987072	536870912	6271950848	2074726400	1073741824	20538400768	1489436672	536870912	0	2113581056	1073741824	20417101824	157433856
149	1523449856	536870912	6271950848	2081230848	1073741824	20538400768	1489326080	536870912	0	2135392256	1073741824	20417101824	168509440
150	1526317056	536870912	6271950848	2086907904	1073741824	20538400768	1425969152	536870912	0	2124406784	1073741824	20417101824	290009088
151	1532444672	536870912	6271950848	2110484480	1073741824	20538400768	1426034688	536870912	0	2149937152	1073741824	20417101824	230723584
152	1542422528	536870912	6271950848	2131300352	1073741824	20538400768	1465380864	536870912	0	2151051264	1073741824	20598177792	152543232
153	1542287360	536870912	6271950848	2093879296	1073741824	20826120192	1555005440	536870912	0	2060890112	1073741824	21258592256	190947328
154	1537867776	536870912	6271950848	2080280576	1073741824	21083115520	1517211648	536870912	335659008	2067623936	1073741824	21258592256	252469248
155	1539547136	536870912	6271950848	2089230336	1073741824	21083115520	1561358336	536870912	335659008	2076819456	1073741824	21258592256	189689856
156	1541312512	536870912	6271950848	2099748864	1073741824	21083115520	1415872512	536870912	735510528	2087174144	1073741824	21258592256	310595584
157	1542316032	536870912	6271950848	2100371456	1073741824	21083115520	1321951232	536870912	945639424	2087424000	1073741824	21258592256	403722240
158	1542320128	536870912	6271950848	2100314112	1073741824	21083115520	1321951232	536870912	945639424	2087403520	1073741824	21258592256	401543168
159	1542754304	536870912	6271950848	2101993472	1073741824	21083115520	1323130880	536870912	945639424	2088566784	1073741824	21258592256	398069760
160	1545687040	536870912	6271950848	2124967936	1073741824	21083115520	1347088384	536870912	945639424	2108993536	1073741824	21258592256	326393856
161	1548197888	536870912	6271950848	2148823040	1073741824	21083115520	1371992064	536870912	945639424	2130202624	1073741824	21258592256	249675776
162	1550876672	536870912	6271950848	2170613760	1073741824	21083115520	1390628864	536870912	945639424	2148896768	1073741824	21258592256	175386624
163	1539670016	536870912	6526009344	2050920448	1073741824	22373765120	1392975872	536870912	945639424	2024603648	1073741824	22375043072	156160000
164	1381163008	536870912	8706158592	1910136832	1073741824	24110899200	1393344512	536870912	945639424	1921495040	1073741824	23313440768	158883840
165	1343078400	536870912	9131982848	1862496256	1073741824	24540418048	1141653504	536870912	1358438400	1921400832	1073741824	23313440768	383664128
166	1270751232	536870912	10136141824	1797259264	1073741824	25146626048	1079922688	536870912	1669292032	1826828288	1073741824	24010412032	147484672
167	1147674624	536870912	11550425088	1644978176	1073741824	26675429376	1079922688	536870912	1669292032	1672265728	1073741824	25111207936	196689920
168	1058205696	536870912	12598104064	1575763968	1073741824	27383058432	975572992	536870912	1850650624	1602830336	1073741824	25580564480	161542144
169	1033846784	536870912	12750856192	1575432192	1073741824	27383058432	928497664	536870912	1997991936	1602707456	1073741824	25580564480	234446848
170	1033846784	536870912	12750856192	1575313408	1073741824	27383058432	928493568	536870912	1997991936	1602707456	1073741824	25580564480	232394752
171	1033846784	536870912	12750856192	1575321600	1073741824	27383058432	928624640	536870912	1997991936	1602715648	1073741824	25580564480	233664512
172	1033846784	536870912	12750856192	1575325696	1073741824	27383058432	928501760	536870912	1997991936	1602715648	1073741824	25580564480	235081728
173	1033846784	536870912	12750856192	1575325696	1073741824	27383058432	928501760	536870912	1997991936	1602715648	1073741824	25580564480	234090496
174	1033846784	536870912	12750856192	1575325696	1073741824	27383058432	928501760	536870912	1997991936	1602715648	1073741824	25580564480	234967040
175	1036169216	536870912	12750856192	1579679744	1073741824	27383058432	932229120	536870912	1997991936	1606475776	1073741824	25580564480	222056448
176	1044008960	536870912	12750856192	1597595648	1073741824	27383058432	953921536	536870912	1997991936	1606479872	1073741824	25767321600	170127360
177	1047392256	536870912	12750856192	1607811072	1073741824	27517755392	966922240	536870912	1997991936	1581219840	1073741824	26198032384	169074688
178	1057779712	536870912	12750856192	1587761152	1073741824	27797872640	986619904	536870912	1997991936	1599389696	1073741824	26198032384	170430464
179	1051766784	536870912	12750856192	1594843136	1073741824	27797872640	1005776896	536870912	1997991936	1616568320	1073741824	26198032384	179789824
180	1058091008	536870912	12750856192	1604980736	1073741824	27797872640	1024593920	536870912	1997991936	1600643072	1073741824	26491252736	187269120
181	1070997504	536870912	12750856192	1617752064	1073741824	27797872640	1039859712	536870912	1997991936	1589403648	1073741824	26776043520	172134400
182	1072570368	536870912	12750856192	1617494016	1073741824	27797872640	1044709376	536870912	1997991936	1593442304	1073741824	26776043520	175349760
183	1082343424	536870912	12750856192	1596665856	1073741824	28078256128	1058582528	536870912	1997991936	1607925760	1073741824	26776043520	172068864
184	1067671552	536870912	13038809088	1606348800	1073741824	28210774016	1072431104	536870912	1997991936	1600307200	1073741824	26932150272	169541632
185	1078812672	536870912	13038809088	1621114880	1073741824	28210774016	1009537024	536870912	2168647680	1602162688	1073741824	27071356928	200523776
186	1088774144	536870912	13038809088	1621475328	1073741824	28240019456	934772736	536870912	2295853056	1617223680	1073741824	27071356928	261324800
187	1089863680	536870912	13038809088	1610346496	1073741824	28366548992	936144896	536870912	2295853056	1618673664	1073741824	27071356928	269430784
188	1096085504	536870912	13038809088	1616396288	1073741824	28366548992	941346816	536870912	2295853056	1624035328	1073741824	27071356928	245534720
189	1078644736	536870912	13369622528	1640878080	1073741824	28366548992	963416064	536870912	2295853056	1628999680	1073741824	27224928256	205017088
190	1084280832	536870912	13471764480	1624825856	1073741824	28612878336	978300928	536870912	2295853056	1645297664	1073741824	27224928256	180031488
191	1093099520	536870912	13471764480	1629388800	1073741824	28817817600	990572544	536870912	2295853056	1632886784	1073741824	27382747136	165470208
192	1086238720	536870912	13622910976	1635786752	1073741824	28959682560	1002557440	536870912	2295853056	1611026432	1073741824	27682615296	168652800
193	1064820736	536870912	13900902400	1604894720	1073741824	29390581760	1008230400	536870912	2295853056	1567858688	1073741824	28088844288	165126144
194	955584512	536870912	14902378496	1503125504	1073741824	30198456320	964153344	536870912	2546933760	1501732864	1073741824	28559728640	153833472
195	870150144	536870912	15742205952	1408331776	1073741824	30748438528	834232320	536870912	3008614400	1427255296	1073741824	29009317888	194232320
196	840593408	536870912	16090480640	1362792448	1073741824	30932807680	738770944	536870912	3413254144	1374818304	1073741824	29360676864	172347392
197	841105408	536870912	16090480640	1362989056	1073741824	30932807680	739131392	536870912	3413254144	1375195136	1073741824	29360676864	172470272
198	838967296	536870912	16131731456	1368117248	1073741824	30932807680	742825984	536870912	3413254144	1379635200	1073741824	29360676864	158654464
199	832360448	536870912	16260669440	1376694272	1073741824	30932807680	755519488	536870912	3413254144	1372622848	1073741824	29441642496	167456768
200	838987776	536870912	16401580032	1367543808	1073741824	31012327424	773931008	536870912	3413254144	1369141248	1073741824	29524611072	182255616
201	837283840	536870912	16580739072	1379942400	1073741824	31012327424	791875584	536870912	3413254144	1368399872	1073741824	29605363712	176214016
202	832581632	536870912	16898273280	1380044800	1073741824	31092019200	807673856	536870912	3413254144	1378660352	1073741824	29744332800	168783872
203	844873728	536870912	16898273280	1368707072	1073741824	31265316864	822714368	536870912	3413254144	1372610560	1073741824	29853609984	172470272
204	842141696	536870912	16996245504	1381511168	1073741824	31265316864	842862592	536870912	3413254144	1374863360	1073741824	30127558656	167886848
205	849985536	536870912	17073651712	1393803264	1073741824	31265316864	824754176	536870912	3585978368	1390669824	1073741824	30209536000	158502912
206	848068608	536870912	17163563008	1390813184	1073741824	31363293184	839430144	536870912	3585978368	1383395328	1073741824	30504005632	169480192
207	846499840	536870912	17251012608	1384550400	1073741824	31459504128	853110784	536870912	3585978368	1380962304	1073741824	30679629824	176173056
208	859545600	536870912	17251012608	1395290112	1073741824	31459504128	842215424	536870912	3691266048	1397374976	1073741824	30757998592	172769280
209	872513536	536870912	17251012608	1393188864	1073741824	31543521280	857473024	536870912	3691266048	1396559872	1073741824	30984904704	157188096
210	863715328	536870912	17335033856	1389481984	1073741824	31543521280	860610560	536870912	3691266048	1399451648	1073741824	31015084032	176316416
211	873140224	536870912	17335033856	1335226368	1073741824	31543521280	869314560	536870912	3691266048	1409228800	1073741824	31015084032	200491008
212	885719040	536870912	17335033856	1335152640	1073741824	31543521280	885186560	536870912	3691266048	1406287872	1073741824	31202181120	183091200
213	886132736	536870912	17335033856	1335324672	1073741824	31543521280	885448704	536870912	3691266048	1406681088	1073741824	31202181120	180953088
214	896622592	536870912	17335033856	1330466816	1073741824	31543521280	897892352	536870912	3691266048	1418207232	1073741824	31292698624	178462720
215	902311936	536870912	17433841664	1334841344	1073741824	31543521280	880750592	536870912	3899523072	1434845184	1073741824	31382798336	163545088
216	905650176	536870912	17533886464	1330737152	1073741824	31543521280	900186112	536870912	3899523072	1436069888	1073741824	31607808000	169238528
217	905654272	536870912	17632919552	1330753536	1073741824	31543521280	892420096	536870912	4013056000	1451786240	1073741824	31681826816	170119168
218	904654848	536870912	17727692800	1331179520	1073741824	31543521280	905224192	536870912	4013056000	1446662144	1073741824	31908573184	165302272
219	916594688	536870912	17727692800	1328562176	1073741824	31543521280	887103488	536870912	4121288704	1443823616	1073741824	32197804032	195956736
220	917254144	536870912	17829502976	1324453888	1073741824	31543521280	907046912	536870912	4121288704	1463607296	1073741824	32295874560	180023296
221	933380096	536870912	17829502976	1323909120	1073741824	31543521280	924626944	536870912	4121288704	1458552832	1073741824	32514535424	160976896
222	928432128	536870912	18033127424	1319784448	1073741824	31543521280	915595264	536870912	4229812224	1472438272	1073741824	32612212736	187052032
223	940716032	536870912	18033127424	1315999744	1073741824	31543521280	933531648	536870912	4229812224	1469407232	1073741824	32824385536	184561664
224	869756928	536870912	18702573568	1280782336	1073741824	31606743040	867024896	536870912	4555608064	1438367744	1073741824	33152856064	168894464
225	760463360	536870912	19347914752	1236938752	1073741824	31954305024	743694336	536870912	4979109888	1300135936	1073741824	33774682112	158552064
226	682782720	536870912	19635224576	1228668928	1073741824	31954305024	654147584	536870912	5159100416	1227616256	1073741824	34046644224	172572672
227	689795072	536870912	19635224576	1225388032	1073741824	32035512320	662179840	536870912	5159100416	1223401472	1073741824	34091233280	173568000
228	688209920	536870912	19683971072	1221267456	1073741824	32035512320	675860480	536870912	5159100416	1238441984	1073741824	34100195328	168312832
229	689618944	536870912	19732033536	1230467072	1073741824	32040972288	690675712	536870912	5159100416	1222033408	1073741824	34319237120	167174144
230	696709120	536870912	19771813888	1226366976	1073741824	32155385856	686252032	536870912	5205909504	1239699456	1073741824	34319237120	162131968
231	693858304	536870912	19898396672	1228828672	1073741824	32199716864	673193984	536870912	5258870784	1233698816	1073741824	34434367488	177758208
232	707244032	536870912	19898396672	1230934016	1073741824	32199716864	692076544	536870912	5258870784	1233801216	1073741824	34533724160	176390144
233	701288448	536870912	20038410240	1228713984	1073741824	32199716864	709148672	536870912	5258870784	1234251776	1073741824	34587807744	199499776
234	701124608	536870912	20138909696	1244241920	1073741824	32303198208	707129344	536870912	5309104128	1238482944	1073741824	34640482304	176152576
235	716398592	536870912	20138909696	1248772096	1073741824	32303198208	705830912	536870912	5371809792	1256476672	1073741824	34682847232	170123264
236	726704128	536870912	20138909696	1251418112	1073741824	32303198208	727326720	536870912	5371809792	1276280832	1073741824	34682847232	167612416
237	721338368	536870912	20289982464	1255534592	1073741824	32303198208	724946944	536870912	5438754816	1275383808	1073741824	34794012672	188719104
238	728252416	536870912	20340281344	1248239616	1073741824	32303198208	746303488	536870912	5438754816	1283645440	1073741824	34853793792	186966016
239	750690304	536870912	20340281344	1260531712	1073741824	32303198208	720105472	536870912	5500039168	1289998336	1073741824	35066961920	164806656
240	751202304	536870912	20395675648	1252974592	1073741824	32303198208	739356672	536870912	5500039168	1301987328	1073741824	35207733248	176156672
241	765825024	536870912	20395675648	1244667904	1073741824	32303198208	763707392	536870912	5500039168	1325633536	1073741824	35207733248	158609408
242	765022208	536870912	20395675648	1239138304	1073741824	32303198208	770494464	536870912	5500039168	1331929088	1073741824	35207733248	169070592
243	765464576	536870912	20395675648	1239441408	1073741824	32303198208	770969600	536870912	5500039168	1332404224	1073741824	35207733248	168996864
244	761757696	536870912	20395675648	1231278080	1073741824	32303198208	792059904	536870912	5500039168	1355116544	1073741824	35207733248	175271936
245	757690368	536870912	20395675648	1223499776	1073741824	32303198208	815161344	536870912	5500039168	1378213888	1073741824	35207733248	176398336
246	754356224	536870912	20395675648	1216823296	1073741824	32303198208	837099520	536870912	5500039168	1400442880	1073741824	35207733248	177602560
247	750678016	536870912	20395675648	1210331136	1073741824	32303198208	860225536	536870912	5500039168	1423851520	1073741824	35207733248	174911488
248	746463232	536870912	20395675648	1203974144	1073741824	32303198208	877764608	536870912	5500039168	1440231424	1073741824	35207733248	183287808
249	743153664	536870912	20395675648	1197944832	1073741824	32303198208	900395008	536870912	5500039168	1460826112	1073741824	35207733248	181170176
250	740380672	536870912	20395675648	1192628224	1073741824	32303198208	922296320	536870912	5500039168	1484546048	1073741824	35207733248	174391296
251	736645120	536870912	20395675648	1186836480	1073741824	32303198208	941924352	536870912	5500039168	1504489472	1073741824	35207733248	175284224
252	733020160	536870912	20395675648	1181302784	1073741824	32303198208	963911680	536870912	5500039168	1528188928	1073741824	35207733248	167317504
253	726671360	536870912	20395675648	1171812352	1073741824	32303198208	985690112	536870912	5500039168	1549017088	1073741824	35207733248	182968320
254	730726400	536870912	20395675648	1176072192	1073741824	32303198208	1002430464	536870912	5500039168	1523462144	1073741824	35466657792	170680320
255	733753344	536870912	20395675648	1178943488	1073741824	32303198208	961638400	536870912	5741223936	1515364352	1073741824	35600842752	153985024
256	693223424	536870912	20642246656	1167925248	1073741824	32337567744	849829888	536870912	6438531072	1366831104	1073741824	36663255040	166739968
257	692371456	536870912	20642246656	1151836160	1073741824	32476516352	676438016	536870912	6822342656	1232850944	1073741824	37092245504	198029312
258	593584128	536870912	21036818432	1122349056	1073741824	32503451648	589062144	536870912	6951555072	1147346944	1073741824	37327839232	181211136
259	593661952	536870912	21036818432	1122471936	1073741824	32503451648	589193216	536870912	6951555072	1147453440	1073741824	37327839232	180789248
260	594829312	536870912	21036818432	1123540992	1073741824	32503451648	592994304	536870912	6951555072	1151524864	1073741824	37327839232	172568576
261	594538496	536870912	21036818432	1119248384	1073741824	32503451648	614608896	536870912	6951555072	1174192128	1073741824	37327839232	159621120
262	595030016	536870912	21036818432	1115664384	1073741824	32503451648	625569792	536870912	6963232768	1170931712	1073741824	37459738624	179474432
263	600735744	536870912	21036818432	1120178176	1073741824	32503451648	619900928	536870912	7024156672	1176436736	1073741824	37526880256	165908480
264	612745216	536870912	21036818432	1116049408	1073741824	32503451648	640237568	536870912	7024156672	1162133504	1073741824	37655883776	178802688
265	618053632	536870912	21036818432	1115996160	1073741824	32503451648	636567552	536870912	7054938112	1179258880	1073741824	37681000448	172167168
266	625639424	536870912	21036818432	1116647424	1073741824	32503451648	636538880	536870912	7096729600	1185923072	1073741824	37760602112	166146048
267	627224576	536870912	21100441600	1120559104	1073741824	32503451648	627748864	536870912	7174717440	1170325504	1073741824	37886701568	181526528
268	626638848	536870912	21100441600	1118613504	1073741824	32503451648	651948032	536870912	7174717440	1178492928	1073741824	37945683968	174919680
269	644263936	536870912	21100441600	1118048256	1073741824	32503451648	648437760	536870912	7267872768	1185894400	1073741824	37977878528	162942976
270	639901696	536870912	21130489856	1123106816	1073741824	32503451648	635310080	536870912	7330500608	1186766848	1073741824	38101139456	168087552
271	647053312	536870912	21130489856	1138241536	1073741824	32503451648	654893056	536870912	7330500608	1188466688	1073741824	38162702336	166424576
272	640589824	536870912	21168185344	1167216640	1073741824	32503451648	635269120	536870912	7412191232	1188499456	1073741824	38253936640	172007424
273	646578176	536870912	21168185344	1181360128	1073741824	32503451648	650846208	536870912	7414833152	1185619968	1073741824	38360203264	163139584
274	649187328	536870912	21168185344	1196937216	1073741824	32668987392	637079552	536870912	7470841856	1180454912	1073741824	38406725632	176775168
275	643825664	536870912	21168185344	1207668736	1073741824	32792924160	650244096	536870912	7470841856	1192853504	1073741824	38406725632	181022720
276	651354112	536870912	21168185344	1198309376	1073741824	33075474432	662638592	536870912	7470841856	1191149568	1073741824	38444179456	171716608
277	653254656	536870912	21168185344	1216892928	1073741824	33143959552	644128768	536870912	7505342464	1203142656	1073741824	38444179456	156127232
278	658632704	536870912	21168185344	1208717312	1073741824	33368784896	650268672	536870912	7505342464	1199808512	1073741824	38515568640	157282304
279	648982528	536870912	21207023616	1213595648	1073741824	33517846528	662462464	536870912	7505342464	1201807360	1073741824	38584016896	161243136
280	646610944	536870912	21207023616	1192038400	1073741824	33600679936	663937024	536870912	7505342464	1203331072	1073741824	38584016896	192380928
281	648286208	536870912	21207023616	1203015680	1073741824	33600679936	672534528	536870912	7505342464	1212882944	1073741824	38584016896	161153024
282	651620352	536870912	21207023616	1203171328	1073741824	33679220736	661258240	536870912	7609819136	1194106880	1073741824	38764806144	182231040
283	655552512	536870912	21207023616	1191899136	1073741824	33801908224	651653120	536870912	7700193280	1208033280	1073741824	38800736256	181051392
284	656326656	536870912	21207023616	1192644608	1073741824	33848127488	670044160	536870912	7700193280	1195577344	1073741824	38984355840	181547008
285	655532032	536870912	21207023616	1197232128	1073741824	33848127488	650862592	536870912	7782674432	1202294784	1073741824	38984355840	190787584
286	656437248	536870912	21207023616	1203159040	1073741824	33848127488	654934016	536870912	7782674432	1206865920	1073741824	38984355840	175116288
287	627539968	536870912	21302255616	1147969536	1073741824	34049912832	628813824	536870912	7942934528	1168228352	1073741824	39106023424	152895488
288	547143680	536870912	21563138048	1061593088	1073741824	34194796544	542855168	536870912	8139182080	1090551808	1073741824	39279353856	214208512
289	506773504	536870912	21577809920	997007360	1073741824	34194796544	540999680	536870912	8146231296	1070555136	1073741824	39317426176	172412928
290	507445248	536870912	21577809920	1011286016	1073741824	34194796544	549019648	536870912	8156069888	1086631936	1073741824	39321927680	164605952
291	504541184	536870912	21577809920	1018470400	1073741824	34194796544	570695680	536870912	8156069888	1111244800	1073741824	39321927680	178388992
292	504254464	536870912	21577809920	1029652480	1073741824	34194796544	590409728	536870912	8156069888	1132998656	1073741824	39321927680	163885056
293	502292480	536870912	21577809920	1034211328	1073741824	34194796544	609112064	536870912	8156069888	1153847296	1073741824	39321927680	181993472
294	503005184	536870912	21577809920	1046573056	1073741824	34194796544	627527680	536870912	8156069888	1174069248	1073741824	39321927680	167469056
295	501850112	536870912	21577809920	1055305728	1073741824	34194796544	645496832	536870912	8156069888	1192603648	1073741824	39321927680	178221056
296	504397824	536870912	21577809920	1078349824	1073741824	34194796544	663633920	536870912	8156069888	1179574272	1073741824	39397986304	164253696
297	508637184	536870912	21577809920	1106046976	1073741824	34194796544	621391872	536870912	8325201920	1174691840	1073741824	39447846912	176283648
298	508538880	536870912	21577809920	1110605824	1073741824	34194796544	628781056	536870912	8325201920	1182728192	1073741824	39447846912	172707840
299	508334080	536870912	21577809920	1111834624	1073741824	34194796544	635936768	536870912	8325201920	1189752832	1073741824	39447846912	176123904
300	509423616	536870912	21577809920	1122619392	1073741824	34194796544	654479360	536870912	8325201920	1210458112	1073741824	39447846912	160321536
301	511393792	536870912	21577809920	1138184192	1073741824	34194796544	664244224	536870912	8359669760	1176256512	1073741824	39561179136	183390208
302	515973120	536870912	21577809920	1163608064	1073741824	34194796544	636162048	536870912	8493953024	1168961536	1073741824	39635910656	184995840
303	520192000	536870912	21577809920	1178943488	1073741824	34232639488	623149056	536870912	8550772736	1182887936	1073741824	39666081792	161492992
304	558628864	536870912	21577809920	1162891264	1073741824	34398564352	615972864	536870912	8600797184	1171120128	1073741824	39750119424	155549696
305	598032384	536870912	21577809920	1143881728	1073741824	34548813824	611753984	536870912	8652926976	1137745920	1073741824	39899848704	169816064
306	607318016	536870912	21621567488	1141899264	1073741824	34593697792	599535616	536870912	8719101952	1144213504	1073741824	39916621824	166260736
307	608448512	536870912	21708845056	1142685696	1073741824	34599112704	607850496	536870912	8740515840	1140396032	1073741824	39957360640	175747072
308	613236736	536870912	21749366784	1154023424	1073741824	34617552896	607547392	536870912	8788025344	1158705152	1073741824	39957360640	157777920
309	623407104	536870912	21749366784	1150234624	1073741824	34617552896	625512448	536870912	8788025344	1179033600	1073741824	39957360640	161193984
310	626790400	536870912	21749366784	1150283776	1073741824	34617552896	632733696	536870912	8788025344	1156116480	1073741824	40032944128	186204160
311	637497344	536870912	21749366784	1156947968	1073741824	34617552896	645648384	536870912	8788643840	1170833408	1073741824	40032944128	156405760
312	625967104	536870912	21891141632	1165410304	1073741824	34650226688	618029056	536870912	8900009984	1168252928	1073741824	40089907200	189161472
313	636690432	536870912	21920526336	1162231808	1073741824	34757898240	610586624	536870912	8958500864	1166753792	1073741824	40166047744	186888192
314	625008640	536870912	22047444992	1158545408	1073741824	34893291520	629493760	536870912	8958500864	1165402112	1073741824	40221261824	182185984
315	627642368	536870912	22117175296	1166114816	1073741824	34942844928	626372608	536870912	8983715840	1161732096	1073741824	40303505408	177926144
316	633716736	536870912	22117175296	1162063872	1073741824	35023945728	627941376	536870912	8983715840	1167261696	1073741824	40303505408	166133760
317	618897408	536870912	22273933312	1161715712	1073741824	35134164992	622854144	536870912	9027723264	1155338240	1073741824	40351887360	190754816
318	628965376	536870912	22298021888	1158606848	1073741824	35213418496	622755840	536870912	9057726464	1160548352	1073741824	40402034688	175128576
319	628420608	536870912	22424051712	1162674176	1073741824	35213418496	634253312	536870912	9086074880	1160704000	1073741824	40457752576	159309824
320	621346816	536870912	22577377280	1154727936	1073741824	35264962560	623202304	536870912	9168023552	1163997184	1073741824	40486404096	185323520
321	575762432	536870912	22742384640	1105141760	1073741824	35389743104	577843200	536870912	9293172736	1112494080	1073741824	40622084096	143327232
322	489598976	536870912	22820241408	977485824	1073741824	35423105024	535019520	536870912	9358233600	1060081664	1073741824	40705409024	183410688
323	469417984	536870912	22820241408	912764928	1073741824	35423105024	533975040	536870912	9370238976	1073082368	1073741824	40705409024	171294720
324	490070016	536870912	22820241408	913276928	1073741824	35423105024	526274560	536870912	9412452352	1070219264	1073741824	40735793152	177405952
325	510201856	536870912	22820241408	914395136	1073741824	35423105024	547356672	536870912	9412452352	1063043072	1073741824	40766001152	157413376
326	525418496	536870912	22820241408	912494592	1073741824	35423105024	529530880	536870912	9450328064	1052860416	1073741824	40797024256	195887104
327	541540352	536870912	22820241408	912891904	1073741824	35423105024	533880832	536870912	9464832000	1074241536	1073741824	40797024256	168202240
328	552566784	536870912	22820241408	910376960	1073741824	35423105024	551440384	536870912	9468690432	1068953600	1073741824	40823816192	177356800
329	553058304	536870912	22820241408	906248192	1073741824	35423105024	559255552	536870912	9468690432	1077567488	1073741824	40823816192	193142784
330	567181312	536870912	22820241408	906227712	1073741824	35423105024	581636096	536870912	9468690432	1102422016	1073741824	40823816192	160296960
331	574390272	536870912	22844665856	910495744	1073741824	35423105024	565612544	536870912	9532641280	1077915648	1073741824	40895864832	186945536
332	576647168	536870912	22882807808	910741504	1073741824	35423105024	573526016	536870912	9543733248	1103020032	1073741824	40895864832	176529408
333	587177984	536870912	22882807808	910774272	1073741824	35423105024	587173888	536870912	9564577792	1123782656	1073741824	40895864832	156823552
334	590721024	536870912	22895566848	910503936	1073741824	35423105024	604393472	536870912	9564577792	1106468864	1073741824	40946962432	183599104
335	599007232	536870912	22895566848	911974400	1073741824	35423105024	591699968	536870912	9595707392	1119150080	1073741824	40946962432	175095808
336	592982016	536870912	22960451584	915742720	1073741824	35423105024	588750848	536870912	9699315712	1130057728	1073741824	40968122368	167325696
337	579649536	536870912	23073304576	924733440	1073741824	35423105024	577495040	536870912	9767821312	1120681984	1073741824	41017651200	192061440
338	591925248	536870912	23106363392	936763392	1073741824	35423105024	586854400	536870912	9803157504	1113194496	1073741824	41064988672	165609472
339	578162688	536870912	23208488960	946958336	1073741824	35423105024	546697216	536870912	9885110272	1124450304	1073741824	41064988672	195932160
340	581775360	536870912	23254777856	952823808	1073741824	35423105024	564305920	536870912	9885110272	1114783744	1073741824	41126584320	178401280
341	580636672	536870912	23289978880	961662976	1073741824	35423105024	584220672	536870912	9885110272	1123811328	1073741824	41148301312	163872768
342	591454208	536870912	23304704000	975790080	1073741824	35423105024	565174272	536870912	9940119552	1112682496	1073741824	41199632384	178466816
343	594759680	536870912	23304704000	973193216	1073741824	35423105024	576913408	536870912	9940119552	1124220928	1073741824	41199632384	166473728
344	589516800	536870912	23381446656	987987968	1073741824	35423105024	567656448	536870912	9981706240	1125937152	1073741824	41233711104	178413568
345	584937472	536870912	23491870720	999796736	1073741824	35423105024	588906496	536870912	9981706240	1111961600	1073741824	41322926080	163307520
346	580833280	536870912	23538634752	1009303552	1073741824	35423105024	566980608	536870912	10038947840	1123516416	1073741824	41322926080	167874560
347	574099456	536870912	23618908160	1017192448	1073741824	35423105024	566390784	536870912	10064580608	1106272256	1073741824	41390628864	183496704
348	576827392	536870912	23672287232	1033195520	1073741824	35423105024	561774592	536870912	10086473728	1104523264	1073741824	41419673600	168591360
349	564113408	536870912	23773724672	1043501056	1073741824	35423105024	569110528	536870912	10108633088	1104814080	1073741824	41447276544	162766848
350	564981760	536870912	23809323008	1050677248	1073741824	35423105024	559853568	536870912	10149298176	1094897664	1073741824	41478328320	173703168
351	560631808	536870912	23841079296	1056530432	1073741824	35423105024	557703168	536870912	10179768320	1095868416	1073741824	41500614656	168759296
352	562597888	536870912	23841079296	1053917184	1073741824	35423105024	574554112	536870912	10191822848	1114226688	1073741824	41500614656	158638080
353	562012160	536870912	23879864320	1066823680	1073741824	35423105024	556011520	536870912	10264510464	1104039936	1073741824	41555656704	173768704
354	564994048	536870912	23892471808	1071185920	1073741824	35423105024	564629504	536870912	10264510464	1092263936	1073741824	41591640064	167772160
355	563888128	536870912	23903514624	1058611200	1073741824	35423105024	572399616	536870912	10297896960	1116585984	1073741824	41591640064	179703808
356	571613184	536870912	23903514624	1075228672	1073741824	35423105024	582819840	536870912	10317410304	1095495680	1073741824	41645240320	168091648
357	569434112	536870912	23903514624	1084731392	1073741824	35423105024	573194240	536870912	10376159232	1075679232	1073741824	41707446272	195756032
358	565084160	536870912	23903514624	1082966016	1073741824	35423105024	592568320	536870912	10376159232	1095188480	1073741824	41707446272	187912192
359	540938240	536870912	23959330816	1080004608	1073741824	35433009152	540151808	536870912	10487263232	1065656320	1073741824	41762172928	148918272
360	506859520	536870912	23965593600	1027440640	1073741824	35434835968	506486784	536870912	10522210304	1064673280	1073741824	41762172928	154824704
361	486850560	536870912	23965593600	998293504	1073741824	35434835968	477691904	536870912	10522210304	1055764480	1073741824	41762172928	141041664
362	485548032	536870912	23965593600	995635200	1073741824	35434835968	467992576	536870912	10522210304	1015336960	1073741824	41762172928	139411456
363	483717120	536870912	23965593600	995500032	1073741824	35434835968	450482176	536870912	10522210304	973643776	1073741824	41762172928	147275776
364	482807808	536870912	23965593600	994852864	1073741824	35434835968	445648896	536870912	10522210304	949329920	1073741824	41762172928	162050048
365	484646912	536870912	23965593600	1001172992	1073741824	35434835968	449212416	536870912	10522210304	958345216	1073741824	41762172928	155893760
366	486850560	536870912	23965593600	1010302976	1073741824	35434835968	461594624	536870912	10522210304	970821632	1073741824	41762172928	174764032
367	489824256	536870912	23965593600	1013645312	1073741824	35434835968	477229056	536870912	10522210304	983814144	1073741824	41762172928	159387648
368	492773376	536870912	23965593600	1018077184	1073741824	35434835968	490569728	536870912	10522210304	997974016	1073741824	41762172928	164175872
369	496054272	536870912	23965593600	1026375680	1073741824	35434835968	507109376	536870912	10522210304	1016844288	1073741824	41762172928	162402304
370	499159040	536870912	23965593600	1024528384	1073741824	35434835968	519589888	536870912	10522210304	1030897664	1073741824	41762172928	179343360
371	502087680	536870912	23965593600	1025015808	1073741824	35434835968	535187456	536870912	10522210304	1046806528	1073741824	41762172928	170176512
372	504516608	536870912	23965593600	1027284992	1073741824	35434835968	538587136	536870912	10522210304	1059098624	1073741824	41762172928	180563968
373	509853696	536870912	23965593600	1032331264	1073741824	35434835968	494010368	536870912	10593611776	1076162560	1073741824	41762172928	198418432
374	513101824	536870912	23965593600	1031684096	1073741824	35434835968	514138112	536870912	10593611776	1098915840	1073741824	41762172928	175112192
375	527527936	536870912	23965593600	1034665984	1073741824	35434835968	533098496	536870912	10593611776	1080074240	1073741824	41807994880	155185152
376	525598720	536870912	23965593600	1034330112	1073741824	35434835968	545001472	536870912	10593611776	1049763840	1073741824	41823666176	192999424
377	538140672	536870912	23965593600	1037602816	1073741824	35434835968	564809728	536870912	10593611776	1017196544	1073741824	41911709696	185896960
378	540643328	536870912	23965593600	1048657920	1073741824	35434835968	576999424	536870912	10593611776	1030893568	1073741824	41911709696	168599552
379	545357824	536870912	23965593600	1080213504	1073741824	35434835968	527589376	536870912	10663272448	1041170432	1073741824	41911709696	169308160
380	550068224	536870912	23965593600	1075822592	1073741824	35434835968	540581888	536870912	10663272448	1053081600	1073741824	41911709696	157782016
381	543752192	536870912	23989948416	1079758848	1073741824	35434835968	525152256	536870912	10695028736	1064349696	1073741824	41911709696	179011584
382	542244864	536870912	23989948416	1079443456	1073741824	35434835968	539541504	536870912	10695028736	1082736640	1073741824	41911709696	163577856
383	538337280	536870912	23995645952	1075113984	1073741824	35434835968	501334016	536870912	10744348672	1077293056	1073741824	41928470528	220786688
384	551018496	536870912	23995645952	1093926912	1073741824	35450818560	515526656	536870912	10744348672	1094782976	1073741824	41928470528	153489408
385	553242624	536870912	23995645952	1101312000	1073741824	35473420288	527503360	536870912	10744348672	1031217152	1073741824	42013679616	196304896
386	560488448	536870912	23995645952	1105911808	1073741824	35473420288	544276480	536870912	10744348672	1050562560	1073741824	42013679616	156078080
387	551714816	536870912	24027820032	1089298432	1073741824	35541938176	522579968	536870912	10779680768	1064972288	1073741824	42013679616	187031552
388	541716480	536870912	24049287168	1083215872	1073741824	35592630272	539127808	536870912	10779680768	1084121088	1073741824	42013679616	159002624
389	535937024	536870912	24073695232	1072099328	1073741824	35629133824	527990784	536870912	10800300032	1068347392	1073741824	42047062016	182247424
390	535846912	536870912	24074387456	1075159040	1073741824	35632508928	535687168	536870912	10800300032	1072025600	1073741824	42064605184	162680832
391	540274688	536870912	24076664832	1053810688	1073741824	35635793920	541073408	536870912	10819203072	1068937216	1073741824	42085371904	158388224
392	534966272	536870912	24081268736	1049923584	1073741824	35635793920	535158784	536870912	10839535616	1071591424	1073741824	42099662848	172445696
393	536973312	536870912	24081268736	1054396416	1073741824	35635793920	520744960	536870912	10867154944	1077420032	1073741824	42110058496	174600192
394	544002048	536870912	24081268736	1057959936	1073741824	35635793920	533000192	536870912	10867154944	1033609216	1073741824	42170945536	196386816
395	544018432	536870912	24081268736	1063526400	1073741824	35635793920	549183488	536870912	10867154944	1050189824	1073741824	42170945536	152788992
396	537366528	536870912	24096620544	1057812480	1073741824	35635793920	505159680	536870912	10918531072	1052766208	1073741824	42170945536	207249408
397	542732288	536870912	24096620544	1063706624	1073741824	35635793920	516567040	536870912	10918531072	1066147840	1073741824	42170945536	153427968
398	511016960	536870912	24108347392	1042939904	1073741824	35635793920	506060800	536870912	10918531072	1055539200	1073741824	42170945536	139685888
399	416632832	536870912	24108347392	1029144576	1073741824	35635793920	483119104	536870912	10918531072	1024024576	1073741824	42170945536	140201984
400	362373120	536870912	24108347392	1003982848	1073741824	35635793920	475168768	536870912	10918531072	1016442880	1073741824	42170945536	138899456
401	238202880	536870912	24108347392	1005768704	1073741824	35635793920	468238336	536870912	10918531072	974061568	1073741824	42170945536	153939968
402	130273280	536870912	24108347392	1004322816	1073741824	35635793920	461418496	536870912	10918531072	958980096	1073741824	42170945536	144207872
403	111517696	536870912	24108347392	1005305856	1073741824	35635793920	444551168	536870912	10918531072	936996864	1073741824	42170945536	138661888
404	96112640	536870912	24108347392	1006931968	1073741824	35635793920	420311040	536870912	10918531072	845336576	1073741824	42170945536	138559488
405	83111936	536870912	24108347392	1005281280	1073741824	35635793920	398168064	536870912	10918531072	761331712	1073741824	42170945536	166973440
406	90324992	536870912	24108347392	1009143808	1073741824	35635793920	389050368	536870912	10918531072	737644544	1073741824	42170945536	179630080
407	86298624	536870912	24108347392	1019609088	1073741824	35635793920	397312000	536870912	10918531072	713961472	1073741824	42170945536	170328064
408	80494592	536870912	24108347392	1021755392	1073741824	35635793920	394694656	536870912	10918531072	704724992	1073741824	42170945536	179568640
409	83496960	536870912	24108347392	1027272704	1073741824	35635793920	396427264	536870912	10918531072	705093632	1073741824	42170945536	177635328
410	86638592	536870912	24108347392	1030234112	1073741824	35635793920	398798848	536870912	10918531072	703737856	1073741824	42170945536	176717824
411	94466048	536870912	24108347392	1035808768	1073741824	35635793920	403656704	536870912	10918531072	703037440	1073741824	42170945536	176246784
412	110137344	536870912	24108347392	1045098496	1073741824	35635793920	411766784	536870912	10918531072	691281920	1073741824	42170945536	170381312
413	112635904	536870912	24108347392	1054162944	1073741824	35635793920	422440960	536870912	10918531072	678342656	1073741824	42170945536	166481920
414	121335808	536870912	24108347392	1053765632	1073741824	35635793920	426582016	536870912	10918531072	666132480	1073741824	42170945536	170442752
415	132452352	536870912	24108347392	1059160064	1073741824	35635793920	423120896	536870912	10918531072	657473536	1073741824	42170945536	172777472
416	140439552	536870912	24108347392	1061556224	1073741824	35635793920	417546240	536870912	10918531072	630636544	1073741824	42170945536	169742336
417	157818880	536870912	24108347392	1072222208	1073741824	35635793920	428175360	536870912	10918531072	612294656	1073741824	42170945536	138854400
418	168964096	536870912	24108347392	1072861184	1073741824	35641884672	435896320	536870912	10918531072	599740416	1073741824	42170945536	139345920
419	175898624	536870912	24108347392	1068494848	1073741824	35647528960	439066624	536870912	10918531072	588058624	1073741824	42170945536	151523328
420	172781568	536870912	24108347392	1065652224	1073741824	35647528960	437309440	536870912	10918531072	584765440	1073741824	42170945536	171294720
421	181325824	536870912	24108347392	1070043136	1073741824	35647528960	442302464	536870912	10918531072	585220096	1073741824	42170945536	154087424
422	186490880	536870912	24108347392	1068318720	1073741824	35647528960	442261504	536870912	10918531072	583532544	1073741824	42170945536	166125568
423	195293184	536870912	24108347392	1073336320	1073741824	35647528960	429219840	536870912	10918531072	568233984	1073741824	42170945536	159576064
424	196464640	536870912	24108347392	1063649280	1073741824	35647528960	428847104	536870912	10918531072	565972992	1073741824	42170945536	180961280
425	199704576	536870912	24108347392	1065025536	1073741824	35647528960	426147840	536870912	10918531072	557408256	1073741824	42170945536	170577920
426	207060992	536870912	24108347392	1067397120	1073741824	35647528960	423325696	536870912	10918531072	545763328	1073741824	42170945536	174063616
427	213450752	536870912	24108347392	1051385856	1073741824	35647528960	423665664	536870912	10918531072	545157120	1073741824	42170945536	176746496
428	215281664	536870912	24108347392	1034657792	1073741824	35647528960	423837696	536870912	10918531072	545361920	1073741824	42170945536	180215808
429	219992064	536870912	24108347392	1035956224	1073741824	35647528960	425463808	536870912	10918531072	546844672	1073741824	42170945536	1679876096
430	222679040	536870912	24108347392	1037160448	1073741824	35647528960	426139648	536870912	10918531072	547573760	1073741824	42170945536	3817598976
431	225529856	536870912	24108347392	1039015936	1073741824	35647528960	427118592	536870912	10918531072	548462592	1073741824	42170945536	5945802752
432	232144896	536870912	24108347392	1041104896	1073741824	35647528960	429211648	536870912	10918531072	550236160	1073741824	42170945536	7872036864
433	238305280	536870912	24108347392	1043951616	1073741824	35647528960	431407104	536870912	10918531072	552382464	1073741824	42170945536	9749180416
434	243179520	536870912	24108347392	1043931136	1073741824	35647528960	432803840	536870912	10918531072	554205184	1073741824	42170945536	11845095424
435	247939072	536870912	24108347392	1043918848	1073741824	35647528960	433795072	536870912	10918531072	555032576	1073741824	42170945536	14050394112
436	254390272	536870912	24108347392	1043918848	1073741824	35647528960	434778112	536870912	10918531072	555794432	1073741824	42170945536	14075490304
437	261849088	536870912	24108347392	1043918848	1073741824	35647528960	436105216	536870912	10918531072	556900352	1073741824	42170945536	14065336320
438	268816384	536870912	24108347392	1043918848	1073741824	35647528960	437239808	536870912	10918531072	558161920	1073741824	42170945536	14040449024
439	275668992	536870912	24108347392	1043918848	1073741824	35647528960	438247424	536870912	10918531072	246796288	1073741824	42170945536	14340272128
440	284213248	536870912	24108347392	1043918848	1073741824	35647528960	439808000	536870912	10918531072	248426496	1073741824	42170945536	14327476224
441	292855808	536870912	24108347392	1043918848	1073741824	35647528960	441102336	536870912	10918531072	250183680	1073741824	42170945536	14314176512
442	301850624	536870912	24108347392	1043918848	1073741824	35647528960	442671104	536870912	10918531072	252182528	1073741824	42170945536	14301356032
443	309784576	536870912	24108347392	1043918848	1073741824	35647528960	443777024	536870912	10918531072	253308928	1073741824	42170945536	14289674240
444	318550016	536870912	24108347392	1043927040	1073741824	35647528960	445153280	536870912	10918531072	254816256	1073741824	42170945536	14275883008
445	328101888	536870912	24108347392	1043927040	1073741824	35647528960	446537728	536870912	10918531072	256176128	1073741824	42170945536	14262788096
446	337874944	536870912	24108347392	1043927040	1073741824	35647528960	447922176	536870912	10918531072	257609728	1073741824	42170945536	14248017920
447	349343744	536870912	24108347392	1043927040	1073741824	35647528960	449269760	536870912	10918531072	258867200	1073741824	42170945536	14232027136
448	361127936	536870912	24108347392	1043927040	1073741824	35647528960	450531328	536870912	10918531072	260575232	1073741824	42170945536	14215565312
