1	1435467776	9223372036854771712	0	2774708224	9223372036854771712	0	6848512	9223372036854771712	0	7045120	9223372036854771712	0	6139162624
2	1435586560	9223372036854771712	0	2774708224	9223372036854771712	0	6848512	9223372036854771712	0	7045120	9223372036854771712	0	6138236928
3	1435598848	9223372036854771712	0	2774958080	9223372036854771712	0	6848512	9223372036854771712	0	7045120	9223372036854771712	0	6137958400
4	1435975680	9223372036854771712	0	2775846912	9223372036854771712	0	6848512	9223372036854771712	0	7045120	9223372036854771712	0	6136909824
5	1463771136	9223372036854771712	0	2809774080	9223372036854771712	0	6848512	9223372036854771712	0	7045120	9223372036854771712	0	6076284928
6	1489317888	9223372036854771712	0	2833444864	9223372036854771712	0	6848512	9223372036854771712	0	7045120	9223372036854771712	0	6025961472
7	1493106688	9223372036854771712	0	2834333696	9223372036854771712	0	6848512	9223372036854771712	0	7045120	9223372036854771712	0	6020624384
8	1512488960	9223372036854771712	0	2835230720	9223372036854771712	0	6848512	9223372036854771712	0	7045120	9223372036854771712	0	6001737728
9	1527943168	9223372036854771712	0	2837471232	9223372036854771712	0	6848512	9223372036854771712	0	7045120	9223372036854771712	0	5983776768
10	1536188416	9223372036854771712	0	2887004160	9223372036854771712	0	6848512	9223372036854771712	0	7045120	9223372036854771712	0	5925273600
11	1537245184	9223372036854771712	0	2917371904	9223372036854771712	0	6848512	9223372036854771712	0	7045120	9223372036854771712	0	5893857280
12	1538150400	9223372036854771712	0	2918232064	9223372036854771712	0	6848512	9223372036854771712	0	7045120	9223372036854771712	0	5892014080
13	1539317760	9223372036854771712	0	2919333888	9223372036854771712	0	6848512	9223372036854771712	0	7045120	9223372036854771712	0	5889585152
14	1540354048	9223372036854771712	0	2920452096	9223372036854771712	0	6848512	9223372036854771712	0	7045120	9223372036854771712	0	5887131648
15	1541390336	9223372036854771712	0	2921541632	9223372036854771712	0	6848512	9223372036854771712	0	7045120	9223372036854771712	0	5885603840
16	1542426624	9223372036854771712	0	2923200512	9223372036854771712	0	6848512	9223372036854771712	0	7045120	9223372036854771712	0	5883236352
17	1543462912	9223372036854771712	0	2924728320	9223372036854771712	0	6848512	9223372036854771712	0	7045120	9223372036854771712	0	5879492608
18	1544761344	9223372036854771712	0	2926931968	9223372036854771712	0	6848512	9223372036854771712	0	7045120	9223372036854771712	0	5876674560
19	1546321920	9223372036854771712	0	2929250304	9223372036854771712	0	6848512	9223372036854771712	0	7045120	9223372036854771712	0	5872418816
20	1547620352	9223372036854771712	0	2931458048	9223372036854771712	0	6848512	9223372036854771712	0	7045120	9223372036854771712	0	5869895680
21	1549049856	9223372036854771712	0	2933735424	9223372036854771712	0	6848512	9223372036854771712	0	7045120	9223372036854771712	0	5866344448
22	1550479360	9223372036854771712	0	2936135680	9223372036854771712	0	6848512	9223372036854771712	0	7045120	9223372036854771712	0	5861355520
23	1551908864	9223372036854771712	0	2938425344	9223372036854771712	0	6848512	9223372036854771712	0	7045120	9223372036854771712	0	5857271808
24	1553338368	9223372036854771712	0	2943373312	9223372036854771712	0	6848512	9223372036854771712	0	7045120	9223372036854771712	0	5851668480
25	1554767872	9223372036854771712	0	2952585216	9223372036854771712	0	6848512	9223372036854771712	0	7045120	9223372036854771712	0	5840564224
26	1556180992	9223372036854771712	0	2953895936	9223372036854771712	0	6848512	9223372036854771712	0	7045120	9223372036854771712	0	5837488128
27	1557610496	9223372036854771712	0	2964652032	9223372036854771712	0	6848512	9223372036854771712	0	7045120	9223372036854771712	0	5824577536
28	1559040000	9223372036854771712	0	2966200320	9223372036854771712	0	6848512	9223372036854771712	0	7045120	9223372036854771712	0	5821104128
29	1560469504	9223372036854771712	0	2968498176	9223372036854771712	0	6848512	9223372036854771712	0	7045120	9223372036854771712	0	5818060800
30	1562013696	9223372036854771712	0	2969972736	9223372036854771712	0	6848512	9223372036854771712	0	7045120	9223372036854771712	0	5814419456
31	1563443200	9223372036854771712	0	2971430912	9223372036854771712	0	6848512	9223372036854771712	0	7045120	9223372036854771712	0	5810978816
32	1564741632	9223372036854771712	0	2972856320	9223372036854771712	0	6848512	9223372036854771712	0	7045120	9223372036854771712	0	5809422336
33	1565945856	9223372036854771712	0	2974027776	9223372036854771712	0	6848512	9223372036854771712	0	7045120	9223372036854771712	0	5806428160
34	1567203328	9223372036854771712	0	2975354880	9223372036854771712	0	6848512	9223372036854771712	0	7045120	9223372036854771712	0	5804249088
35	1568329728	9223372036854771712	0	2976391168	9223372036854771712	0	6848512	9223372036854771712	0	7045120	9223372036854771712	0	5801340928
36	1569538048	9223372036854771712	0	2977611776	9223372036854771712	0	6848512	9223372036854771712	0	7045120	9223372036854771712	0	5799182336
37	1579368448	9223372036854771712	0	2979000320	9223372036854771712	0	6848512	9223372036854771712	0	7045120	9223372036854771712	0	5788835840
38	1584398336	9223372036854771712	0	2980683776	9223372036854771712	0	6848512	9223372036854771712	0	7045120	9223372036854771712	0	5782499328
39	1595797504	9223372036854771712	0	2982518784	9223372036854771712	0	6848512	9223372036854771712	0	7045120	9223372036854771712	0	5768388608
40	1601835008	9223372036854771712	0	2984198144	9223372036854771712	0	6848512	9223372036854771712	0	7045120	9223372036854771712	0	5761863680
41	1624563712	9223372036854771712	0	2986008576	9223372036854771712	0	6848512	9223372036854771712	0	7045120	9223372036854771712	0	5736239104
42	1625862144	9223372036854771712	0	2987380736	9223372036854771712	0	6848512	9223372036854771712	0	7045120	9223372036854771712	0	5733175296
43	1627131904	9223372036854771712	0	2988998656	9223372036854771712	0	6848512	9223372036854771712	0	7045120	9223372036854771712	0	5729914880
44	1633849344	9223372036854771712	0	2990428160	9223372036854771712	0	6848512	9223372036854771712	0	7045120	9223372036854771712	0	5722206208
45	1641320448	9223372036854771712	0	2992029696	9223372036854771712	0	6848512	9223372036854771712	0	7045120	9223372036854771712	0	5713547264
46	1644445696	9223372036854771712	0	2993487872	9223372036854771712	0	6848512	9223372036854771712	0	7045120	9223372036854771712	0	5707935744
47	1653628928	9223372036854771712	0	2994954240	9223372036854771712	0	6848512	9223372036854771712	0	7045120	9223372036854771712	0	5696774144
48	1660039168	9223372036854771712	0	2996371456	9223372036854771712	0	6848512	9223372036854771712	0	7045120	9223372036854771712	0	5688274944
49	1662734336	9223372036854771712	0	2997829632	9223372036854771712	0	6848512	9223372036854771712	0	7045120	9223372036854771712	0	5683224576
50	1663889408	9223372036854771712	0	2999496704	9223372036854771712	0	6848512	9223372036854771712	0	7045120	9223372036854771712	0	5680480256
51	1665110016	9223372036854771712	0	3000918016	9223372036854771712	0	6848512	9223372036854771712	0	7045120	9223372036854771712	0	5678186496
52	1666408448	9223372036854771712	0	3002249216	9223372036854771712	0	6848512	9223372036854771712	0	7045120	9223372036854771712	0	5675827200
53	1667837952	9223372036854771712	0	3003736064	9223372036854771712	0	6848512	9223372036854771712	0	7045120	9223372036854771712	0	5672632320
54	1669136384	9223372036854771712	0	3005231104	9223372036854771712	0	6848512	9223372036854771712	0	7045120	9223372036854771712	0	5670637568
55	1670303744	9223372036854771712	0	3006574592	9223372036854771712	0	6848512	9223372036854771712	0	7045120	9223372036854771712	0	5667622912
56	1671458816	9223372036854771712	0	3007991808	9223372036854771712	0	6848512	9223372036854771712	0	7045120	9223372036854771712	0	5664825344
57	1672626176	9223372036854771712	0	3009458176	9223372036854771712	0	6848512	9223372036854771712	0	7045120	9223372036854771712	0	5661577216
58	1674145792	9223372036854771712	0	3011035136	9223372036854771712	0	6848512	9223372036854771712	0	7045120	9223372036854771712	0	5657862144
59	1675427840	9223372036854771712	0	3013185536	9223372036854771712	0	6848512	9223372036854771712	0	7045120	9223372036854771712	0	5654093824
60	1676857344	9223372036854771712	0	3015798784	9223372036854771712	0	6848512	9223372036854771712	0	7045120	9223372036854771712	0	5650137088
61	1678024704	9223372036854771712	0	3018485760	9223372036854771712	0	6848512	9223372036854771712	0	7045120	9223372036854771712	0	5646397440
62	1679323136	9223372036854771712	0	3020722176	9223372036854771712	0	6848512	9223372036854771712	0	7045120	9223372036854771712	0	5642686464
63	1680621568	9223372036854771712	0	3023298560	9223372036854771712	0	6848512	9223372036854771712	0	7045120	9223372036854771712	0	5638369280
64	1681920000	9223372036854771712	0	3025702912	9223372036854771712	0	6848512	9223372036854771712	0	7045120	9223372036854771712	0	5634875392
65	1683218432	9223372036854771712	0	3028312064	9223372036854771712	0	6848512	9223372036854771712	0	7045120	9223372036854771712	0	5632417792
66	1684525056	9223372036854771712	0	3030593536	9223372036854771712	0	6848512	9223372036854771712	0	7045120	9223372036854771712	0	5626306560
67	1685823488	9223372036854771712	0	3033567232	9223372036854771712	0	6848512	9223372036854771712	0	7045120	9223372036854771712	0	5621850112
68	1688039424	9223372036854771712	0	3036180480	9223372036854771712	0	6848512	9223372036854771712	0	7045120	9223372036854771712	0	5617254400
69	1739669504	9223372036854771712	0	3038420992	9223372036854771712	0	6848512	9223372036854771712	0	7045120	9223372036854771712	0	5562306560
70	1787105280	9223372036854771712	0	3040727040	9223372036854771712	0	6848512	9223372036854771712	0	7045120	9223372036854771712	0	5512134656
71	1808850944	9223372036854771712	0	3042852864	9223372036854771712	0	6848512	9223372036854771712	0	7045120	9223372036854771712	0	5487042560
72	1815924736	9223372036854771712	0	3073703936	9223372036854771712	0	6848512	9223372036854771712	0	7045120	9223372036854771712	0	5449699328
73	1850662912	9223372036854771712	0	3122139136	9223372036854771712	0	6848512	9223372036854771712	0	7045120	9223372036854771712	0	5364584448
74	1878134784	9223372036854771712	0	3193966592	9223372036854771712	0	6848512	9223372036854771712	0	7045120	9223372036854771712	0	5262446592
75	1904074752	9223372036854771712	0	3239968768	9223372036854771712	0	6848512	9223372036854771712	0	7045120	9223372036854771712	0	5188034560
76	1937244160	9223372036854771712	0	3312685056	9223372036854771712	0	6848512	9223372036854771712	0	7045120	9223372036854771712	0	5079859200
77	1978445824	9223372036854771712	0	3358937088	9223372036854771712	0	6848512	9223372036854771712	0	7045120	9223372036854771712	0	4990107648
78	2014609408	9223372036854771712	0	3450396672	9223372036854771712	0	6848512	9223372036854771712	0	7045120	9223372036854771712	0	4859408384
79	2048806912	9223372036854771712	0	3522306048	9223372036854771712	0	6848512	9223372036854771712	0	7045120	9223372036854771712	0	4750008320
80	2075664384	9223372036854771712	0	3610411008	9223372036854771712	0	6848512	9223372036854771712	0	7045120	9223372036854771712	0	4631842816
81	2101866496	9223372036854771712	0	3716390912	9223372036854771712	0	6848512	9223372036854771712	0	7045120	9223372036854771712	0	4496674816
82	2119942144	9223372036854771712	0	3799121920	9223372036854771712	0	6848512	9223372036854771712	0	7045120	9223372036854771712	0	4392620032
83	2120937472	9223372036854771712	0	3806220288	9223372036854771712	0	6848512	9223372036854771712	0	7045120	9223372036854771712	0	4384456704
84	2122235904	9223372036854771712	0	3807395840	9223372036854771712	0	6848512	9223372036854771712	0	7045120	9223372036854771712	0	4381777920
85	2123665408	9223372036854771712	0	3808694272	9223372036854771712	0	6848512	9223372036854771712	0	7045120	9223372036854771712	0	4378742784
86	2125168640	9223372036854771712	0	3810291712	9223372036854771712	0	6848512	9223372036854771712	0	7045120	9223372036854771712	0	4374806528
87	2126598144	9223372036854771712	0	3811577856	9223372036854771712	0	6848512	9223372036854771712	0	7045120	9223372036854771712	0	4372774912
88	2127777792	9223372036854771712	0	3812798464	9223372036854771712	0	6848512	9223372036854771712	0	7045120	9223372036854771712	0	4369690624
89	2129424384	9223372036854771712	0	3813920768	9223372036854771712	0	6848512	9223372036854771712	0	7045120	9223372036854771712	0	4366897152
90	2131607552	9223372036854771712	0	3815219200	9223372036854771712	0	6848512	9223372036854771712	0	7045120	9223372036854771712	0	4362956800
91	2133909504	9223372036854771712	0	3816501248	9223372036854771712	0	6848512	9223372036854771712	0	7045120	9223372036854771712	0	4359876608
92	2136137728	9223372036854771712	0	3817873408	9223372036854771712	0	6848512	9223372036854771712	0	7045120	9223372036854771712	0	4356448256
93	2138001408	9223372036854771712	0	3818967040	9223372036854771712	0	6848512	9223372036854771712	0	7045120	9223372036854771712	0	4352864256
94	2140086272	9223372036854771712	0	3715624960	9223372036854771712	0	6848512	9223372036854771712	0	7045120	9223372036854771712	0	4454871040
95	2142302208	9223372036854771712	0	3716902912	9223372036854771712	0	6848512	9223372036854771712	0	7045120	9223372036854771712	0	4451856384
96	2144239616	9223372036854771712	0	3718213632	9223372036854771712	0	6848512	9223372036854771712	0	7045120	9223372036854771712	0	4447920128
97	2145406976	9223372036854771712	0	3719512064	9223372036854771712	0	6848512	9223372036854771712	0	7045120	9223372036854771712	0	4445618176
98	2146705408	9223372036854771712	0	3720687616	9223372036854771712	0	6848512	9223372036854771712	0	7045120	9223372036854771712	0	4443205632
99	2147434496	9223372036854771712	0	3721768960	9223372036854771712	0	6848512	9223372036854771712	0	7045120	9223372036854771712	0	4439941120
100	2147401728	9223372036854771712	0	3723198464	9223372036854771712	0	6848512	9223372036854771712	0	7045120	9223372036854771712	0	4438925312
101	2147434496	9223372036854771712	0	3724300288	9223372036854771712	0	6848512	9223372036854771712	0	7045120	9223372036854771712	0	4437741568
102	2147434496	9223372036854771712	0	3725471744	9223372036854771712	0	6848512	9223372036854771712	0	7045120	9223372036854771712	0	4437049344
103	2147434496	9223372036854771712	0	3726770176	9223372036854771712	0	6848512	9223372036854771712	0	7045120	9223372036854771712	0	4436492288
104	2147454976	9223372036854771712	0	3727966208	9223372036854771712	0	6848512	9223372036854771712	0	7045120	9223372036854771712	0	4434395136
105	2147446784	9223372036854771712	0	3729305600	9223372036854771712	0	6848512	9223372036854771712	0	7045120	9223372036854771712	0	4432936960
106	2147430400	9223372036854771712	0	3730620416	9223372036854771712	0	6848512	9223372036854771712	0	7045120	9223372036854771712	0	4431953920
107	2147454976	9223372036854771712	0	3731902464	9223372036854771712	0	6848512	9223372036854771712	0	7045120	9223372036854771712	0	4429852672
108	2147434496	9223372036854771712	0	3732959232	9223372036854771712	0	6848512	9223372036854771712	0	7045120	9223372036854771712	0	4429447168
109	2147434496	9223372036854771712	0	3734126592	9223372036854771712	0	6848512	9223372036854771712	0	7045120	9223372036854771712	0	4427771904
110	2147434496	9223372036854771712	0	3735425024	9223372036854771712	0	6848512	9223372036854771712	0	7045120	9223372036854771712	0	4427046912
111	2147434496	9223372036854771712	0	3736371200	9223372036854771712	0	6848512	9223372036854771712	0	7045120	9223372036854771712	0	4425617408
112	2147389440	9223372036854771712	0	3737784320	9223372036854771712	0	6848512	9223372036854771712	0	7045120	9223372036854771712	0	4424257536
113	2147454976	9223372036854771712	0	3739000832	9223372036854771712	0	6848512	9223372036854771712	0	7045120	9223372036854771712	0	4423143424
114	2147434496	9223372036854771712	0	3740135424	9223372036854771712	0	6848512	9223372036854771712	0	7045120	9223372036854771712	0	4422123520
115	2147434496	9223372036854771712	0	3741396992	9223372036854771712	0	6848512	9223372036854771712	0	7045120	9223372036854771712	0	4420620288
116	2147241984	9223372036854771712	0	3742707712	9223372036854771712	0	6848512	9223372036854771712	0	7045120	9223372036854771712	0	4419923968
117	2147434496	9223372036854771712	0	3744100352	9223372036854771712	0	6848512	9223372036854771712	0	7045120	9223372036854771712	0	4418711552
118	2147471360	9223372036854771712	0	3745284096	9223372036854771712	0	6848512	9223372036854771712	0	7045120	9223372036854771712	0	4416905216
119	2147434496	9223372036854771712	0	3746582528	9223372036854771712	0	6848512	9223372036854771712	0	7045120	9223372036854771712	0	4415631360
120	2147434496	9223372036854771712	0	3747721216	9223372036854771712	0	6848512	9223372036854771712	0	7045120	9223372036854771712	0	4413571072
121	2147483648	9223372036854771712	0	3748900864	9223372036854771712	0	6848512	9223372036854771712	0	7045120	9223372036854771712	0	4412698624
122	2147434496	9223372036854771712	0	3750166528	9223372036854771712	0	6848512	9223372036854771712	0	7045120	9223372036854771712	0	4411019264
123	2147434496	9223372036854771712	0	3751268352	9223372036854771712	0	6848512	9223372036854771712	0	7045120	9223372036854771712	0	4409868288
124	2147479552	9223372036854771712	0	3752386560	9223372036854771712	0	6848512	9223372036854771712	0	7045120	9223372036854771712	0	4408254464
125	2147434496	9223372036854771712	0	3753566208	9223372036854771712	0	6848512	9223372036854771712	0	7045120	9223372036854771712	0	4407390208
126	2147430400	9223372036854771712	0	3754876928	9223372036854771712	0	6848512	9223372036854771712	0	7045120	9223372036854771712	0	4406923264
127	2147483648	9223372036854771712	0	3756187648	9223372036854771712	0	6848512	9223372036854771712	0	7045120	9223372036854771712	0	4404899840
128	2147434496	9223372036854771712	0	3757535232	9223372036854771712	0	6848512	9223372036854771712	0	7045120	9223372036854771712	0	4403892224
129	2147434496	9223372036854771712	0	3758530560	9223372036854771712	0	6848512	9223372036854771712	0	7045120	9223372036854771712	0	4402130944
130	2147434496	9223372036854771712	0	3759779840	9223372036854771712	0	6848512	9223372036854771712	0	7045120	9223372036854771712	0	4401119232
131	2147373056	9223372036854771712	0	3761012736	9223372036854771712	0	6848512	9223372036854771712	0	7045120	9223372036854771712	0	4399353856
132	2147434496	9223372036854771712	0	3761954816	9223372036854771712	0	6848512	9223372036854771712	0	7045120	9223372036854771712	0	4398407680
133	2147434496	9223372036854771712	0	3763335168	9223372036854771712	0	6848512	9223372036854771712	0	7045120	9223372036854771712	0	4397330432
134	2147434496	9223372036854771712	0	3764408320	9223372036854771712	0	6848512	9223372036854771712	0	7045120	9223372036854771712	0	4394848256
135	2147434496	9223372036854771712	0	3765743616	9223372036854771712	0	6848512	9223372036854771712	0	7045120	9223372036854771712	0	4392108032
136	2147340288	9223372036854771712	0	3766751232	9223372036854771712	0	6848512	9223372036854771712	0	7045120	9223372036854771712	0	4386820096
137	2147467264	9223372036854771712	0	3767697408	9223372036854771712	0	6848512	9223372036854771712	0	7045120	9223372036854771712	0	4385677312
138	2147434496	9223372036854771712	0	3768909824	9223372036854771712	0	6848512	9223372036854771712	0	7045120	9223372036854771712	0	4384374784
139	2147434496	9223372036854771712	0	3770351616	9223372036854771712	0	6848512	9223372036854771712	0	7045120	9223372036854771712	0	4383424512
140	2147434496	9223372036854771712	0	3771662336	9223372036854771712	0	6848512	9223372036854771712	0	7045120	9223372036854771712	0	4382265344
141	2147434496	9223372036854771712	0	3773353984	9223372036854771712	0	6848512	9223372036854771712	0	7045120	9223372036854771712	0	4380356608
142	2147438592	9223372036854771712	0	3774750720	9223372036854771712	0	6848512	9223372036854771712	0	7045120	9223372036854771712	0	4379410432
143	2147434496	9223372036854771712	0	3776061440	9223372036854771712	0	6848512	9223372036854771712	0	7045120	9223372036854771712	0	4377538560
144	2147442688	9223372036854771712	0	3777421312	9223372036854771712	0	6848512	9223372036854771712	0	7045120	9223372036854771712	0	4375568384
145	2147434496	9223372036854771712	0	3778752512	9223372036854771712	0	6848512	9223372036854771712	0	7045120	9223372036854771712	0	4372877312
146	2147434496	9223372036854771712	0	3780321280	9223372036854771712	0	6848512	9223372036854771712	0	7045120	9223372036854771712	0	4372426752
147	2147450880	9223372036854771712	0	3781623808	9223372036854771712	0	6848512	9223372036854771712	0	7045120	9223372036854771712	0	4369969152
148	2147434496	9223372036854771712	0	3782934528	9223372036854771712	0	6848512	9223372036854771712	0	7045120	9223372036854771712	0	4367552512
149	2147434496	9223372036854771712	0	3784507392	9223372036854771712	0	6848512	9223372036854771712	0	7045120	9223372036854771712	0	4365959168
150	2147442688	9223372036854771712	0	3785801728	9223372036854771712	0	6848512	9223372036854771712	0	7045120	9223372036854771712	0	4363059200
151	2147442688	9223372036854771712	0	3786637312	9223372036854771712	0	6848512	9223372036854771712	0	7045120	9223372036854771712	0	4365025280
152	2147438592	9223372036854771712	0	3787681792	9223372036854771712	0	6848512	9223372036854771712	0	7045120	9223372036854771712	0	4364828672
153	2147307520	9223372036854771712	0	3788591104	9223372036854771712	0	6848512	9223372036854771712	0	7045120	9223372036854771712	0	4360175616
154	2147438592	9223372036854771712	0	3789438976	9223372036854771712	0	6848512	9223372036854771712	0	7045120	9223372036854771712	0	4359335936
155	2147483648	9223372036854771712	0	3790196736	9223372036854771712	0	6848512	9223372036854771712	0	7045120	9223372036854771712	0	4358225920
156	2147377152	9223372036854771712	0	3791405056	9223372036854771712	0	6848512	9223372036854771712	0	7045120	9223372036854771712	0	4357500928
157	2147438592	9223372036854771712	0	3792617472	9223372036854771712	0	6848512	9223372036854771712	0	7045120	9223372036854771712	0	4356620288
158	2147450880	9223372036854771712	0	3803553792	9223372036854771712	0	6848512	9223372036854771712	0	7045120	9223372036854771712	0	4356456448
159	2147438592	9223372036854771712	0	3826065408	9223372036854771712	0	6848512	9223372036854771712	0	7045120	9223372036854771712	0	4332630016
160	2147434496	9223372036854771712	0	3827154944	9223372036854771712	0	6848512	9223372036854771712	0	7045120	9223372036854771712	0	4331266048
161	2147438592	9223372036854771712	0	3828391936	9223372036854771712	0	6848512	9223372036854771712	0	7045120	9223372036854771712	0	4329213952
162	2147438592	9223372036854771712	0	3829575680	9223372036854771712	0	6848512	9223372036854771712	0	7045120	9223372036854771712	0	4328476672
163	2147483648	9223372036854771712	0	3830894592	9223372036854771712	0	6848512	9223372036854771712	0	7045120	9223372036854771712	0	4339777536
164	2147450880	9223372036854771712	0	3831562240	9223372036854771712	0	6848512	9223372036854771712	0	7045120	9223372036854771712	0	4338905088
165	2147467264	9223372036854771712	0	3832659968	9223372036854771712	0	6848512	9223372036854771712	0	7045120	9223372036854771712	0	4337111040
166	2147438592	9223372036854771712	0	3834032128	9223372036854771712	0	6848512	9223372036854771712	0	7045120	9223372036854771712	0	4336209920
167	2147401728	9223372036854771712	0	3835473920	9223372036854771712	0	6848512	9223372036854771712	0	7045120	9223372036854771712	0	4334825472
168	2147430400	9223372036854771712	0	3836911616	9223372036854771712	0	6848512	9223372036854771712	0	7045120	9223372036854771712	0	4332994560
169	2147438592	9223372036854771712	0	3837972480	9223372036854771712	0	6848512	9223372036854771712	0	7045120	9223372036854771712	0	4332630016
170	2147352576	9223372036854771712	0	3839201280	9223372036854771712	0	6848512	9223372036854771712	0	7045120	9223372036854771712	0	4330819584
171	2147438592	9223372036854771712	0	3840118784	9223372036854771712	0	6848512	9223372036854771712	0	7045120	9223372036854771712	0	4329398272
172	2147438592	9223372036854771712	0	3841224704	9223372036854771712	0	6848512	9223372036854771712	0	7045120	9223372036854771712	0	4325666816
173	2043691008	9223372036854771712	0	3842494464	9223372036854771712	0	6848512	9223372036854771712	0	7045120	9223372036854771712	0	4429205504
174	2044669952	9223372036854771712	0	3843649536	9223372036854771712	0	6848512	9223372036854771712	0	7045120	9223372036854771712	0	4427984896
175	2045804544	9223372036854771712	0	3844755456	9223372036854771712	0	6848512	9223372036854771712	0	7045120	9223372036854771712	0	4425654272
176	2047074304	9223372036854771712	0	3845935104	9223372036854771712	0	6848512	9223372036854771712	0	7045120	9223372036854771712	0	4421808128
177	2048110592	9223372036854771712	0	3846930432	9223372036854771712	0	6848512	9223372036854771712	0	7045120	9223372036854771712	0	4419219456
178	2049409024	9223372036854771712	0	3848245248	9223372036854771712	0	6848512	9223372036854771712	0	7045120	9223372036854771712	0	4417462272
179	2050555904	9223372036854771712	0	3849490432	9223372036854771712	0	6848512	9223372036854771712	0	7045120	9223372036854771712	0	4413739008
180	2051461120	9223372036854771712	0	3850498048	9223372036854771712	0	6848512	9223372036854771712	0	7045120	9223372036854771712	0	4412583936
181	2052374528	9223372036854771712	0	3851505664	9223372036854771712	0	6848512	9223372036854771712	0	7045120	9223372036854771712	0	4411543552
182	2053668864	9223372036854771712	0	3852574720	9223372036854771712	0	6848512	9223372036854771712	0	7045120	9223372036854771712	0	4409761792
183	2054701056	9223372036854771712	0	3853492224	9223372036854771712	0	6848512	9223372036854771712	0	7045120	9223372036854771712	0	4405653504
184	2055737344	9223372036854771712	0	3854700544	9223372036854771712	0	6848512	9223372036854771712	0	7045120	9223372036854771712	0	4404113408
185	2056462336	9223372036854771712	0	3855335424	9223372036854771712	0	6848512	9223372036854771712	0	7045120	9223372036854771712	0	4401537024
186	2057748480	9223372036854771712	0	3856531456	9223372036854771712	0	6848512	9223372036854771712	0	7045120	9223372036854771712	0	4401065984
187	2058915840	9223372036854771712	0	3857661952	9223372036854771712	0	6848512	9223372036854771712	0	7045120	9223372036854771712	0	4398321664
188	2060328960	9223372036854771712	0	3859243008	9223372036854771712	0	6848512	9223372036854771712	0	7045120	9223372036854771712	0	4395597824
189	2061643776	9223372036854771712	0	3860361216	9223372036854771712	0	6848512	9223372036854771712	0	7045120	9223372036854771712	0	4390752256
190	2062942208	9223372036854771712	0	3861614592	9223372036854771712	0	6848512	9223372036854771712	0	7045120	9223372036854771712	0	4387794944
191	2072891392	9223372036854771712	0	3862929408	9223372036854771712	0	6848512	9223372036854771712	0	7045120	9223372036854771712	0	4376440832
192	2087604224	9223372036854771712	0	3864002560	9223372036854771712	0	6848512	9223372036854771712	0	7045120	9223372036854771712	0	4360720384
193	2095005696	9223372036854771712	0	3865538560	9223372036854771712	0	6848512	9223372036854771712	0	7045120	9223372036854771712	0	4351205376
194	2096959488	9223372036854771712	0	3866734592	9223372036854771712	0	6848512	9223372036854771712	0	7045120	9223372036854771712	0	4347912192
195	2098257920	9223372036854771712	0	3867914240	9223372036854771712	0	6848512	9223372036854771712	0	7045120	9223372036854771712	0	4345823232
196	2099392512	9223372036854771712	0	3869085696	9223372036854771712	0	6848512	9223372036854771712	0	7045120	9223372036854771712	0	4342976512
197	2100649984	9223372036854771712	0	3870425088	9223372036854771712	0	6848512	9223372036854771712	0	7045120	9223372036854771712	0	4340854784
198	2101739520	9223372036854771712	0	3871612928	9223372036854771712	0	6848512	9223372036854771712	0	7045120	9223372036854771712	0	4338188288
199	2103017472	9223372036854771712	0	3872792576	9223372036854771712	0	6848512	9223372036854771712	0	7045120	9223372036854771712	0	4335202304
200	2104184832	9223372036854771712	0	3873972224	9223372036854771712	0	6848512	9223372036854771712	0	7045120	9223372036854771712	0	4333170688
201	2105352192	9223372036854771712	0	3875106816	9223372036854771712	0	6848512	9223372036854771712	0	7045120	9223372036854771712	0	4331356160
202	2106494976	9223372036854771712	0	3876298752	9223372036854771712	0	6848512	9223372036854771712	0	7045120	9223372036854771712	0	4328062976
203	2107723776	9223372036854771712	0	3877629952	9223372036854771712	0	6848512	9223372036854771712	0	7045120	9223372036854771712	0	4325945344
204	2108891136	9223372036854771712	0	3878789120	9223372036854771712	0	6848512	9223372036854771712	0	7045120	9223372036854771712	0	4323479552
205	2109890560	9223372036854771712	0	3879841792	9223372036854771712	0	6848512	9223372036854771712	0	7045120	9223372036854771712	0	4320800768
206	2111160320	9223372036854771712	0	3881205760	9223372036854771712	0	6848512	9223372036854771712	0	7045120	9223372036854771712	0	4318937088
207	2112327680	9223372036854771712	0	3882360832	9223372036854771712	0	6848512	9223372036854771712	0	7045120	9223372036854771712	0	4316516352
208	2113486848	9223372036854771712	0	3883565056	9223372036854771712	0	6848512	9223372036854771712	0	7045120	9223372036854771712	0	4314763264
209	2114637824	9223372036854771712	0	3884494848	9223372036854771712	0	6848512	9223372036854771712	0	7045120	9223372036854771712	0	4310999040
210	2115194880	9223372036854771712	0	3885150208	9223372036854771712	0	6848512	9223372036854771712	0	7045120	9223372036854771712	0	4309622784
211	2116362240	9223372036854771712	0	3886501888	9223372036854771712	0	6848512	9223372036854771712	0	7045120	9223372036854771712	0	4306808832
212	2117324800	9223372036854771712	0	3887652864	9223372036854771712	0	6848512	9223372036854771712	0	7045120	9223372036854771712	0	4304908288
213	2118623232	9223372036854771712	0	3888963584	9223372036854771712	0	6848512	9223372036854771712	0	7045120	9223372036854771712	0	4301885440
214	2120462336	9223372036854771712	0	3890262016	9223372036854771712	0	6848512	9223372036854771712	0	7045120	9223372036854771712	0	4299202560
215	2122940416	9223372036854771712	0	3891585024	9223372036854771712	0	6848512	9223372036854771712	0	7045120	9223372036854771712	0	4295733248
216	2125127680	9223372036854771712	0	3892908032	9223372036854771712	0	6848512	9223372036854771712	0	7045120	9223372036854771712	0	4291948544
217	2126979072	9223372036854771712	0	3894005760	9223372036854771712	0	6848512	9223372036854771712	0	7045120	9223372036854771712	0	4289044480
218	2129088512	9223372036854771712	0	3895300096	9223372036854771712	0	6848512	9223372036854771712	0	7045120	9223372036854771712	0	4285198336
219	2131107840	9223372036854771712	0	3896373248	9223372036854771712	0	6848512	9223372036854771712	0	7045120	9223372036854771712	0	4282359808
220	2133176320	9223372036854771712	0	3897561088	9223372036854771712	0	6848512	9223372036854771712	0	7045120	9223372036854771712	0	4278210560
221	2134999040	9223372036854771712	0	3898667008	9223372036854771712	0	6848512	9223372036854771712	0	7045120	9223372036854771712	0	4275802112
222	2136690688	9223372036854771712	0	3899703296	9223372036854771712	0	6848512	9223372036854771712	0	7045120	9223372036854771712	0	4272406528
223	2138644480	9223372036854771712	0	3900907520	9223372036854771712	0	6848512	9223372036854771712	0	7045120	9223372036854771712	0	4268875776
224	2140860416	9223372036854771712	0	3902341120	9223372036854771712	0	6848512	9223372036854771712	0	7045120	9223372036854771712	0	4265525248
225	2143047680	9223372036854771712	0	3903754240	9223372036854771712	0	6848512	9223372036854771712	0	7045120	9223372036854771712	0	4261625856
226	2145619968	9223372036854771712	0	3905445888	9223372036854771712	0	6848512	9223372036854771712	0	7045120	9223372036854771712	0	4258381824
227	2147475456	9223372036854771712	0	3906830336	9223372036854771712	0	6848512	9223372036854771712	0	7045120	9223372036854771712	0	4254633984
228	2147438592	9223372036854771712	0	3907604480	9223372036854771712	0	6848512	9223372036854771712	0	7045120	9223372036854771712	0	4253286400
229	2147442688	9223372036854771712	0	3908247552	9223372036854771712	0	6848512	9223372036854771712	0	7045120	9223372036854771712	0	4251688960
230	2147438592	9223372036854771712	0	3909304320	9223372036854771712	0	6848512	9223372036854771712	0	7045120	9223372036854771712	0	4250161152
231	2147438592	9223372036854771712	0	3910615040	9223372036854771712	0	6848512	9223372036854771712	0	7045120	9223372036854771712	0	4250185728
232	2147479552	9223372036854771712	0	3911712768	9223372036854771712	0	6848512	9223372036854771712	0	7045120	9223372036854771712	0	4249104384
233	2147438592	9223372036854771712	0	3912953856	9223372036854771712	0	6848512	9223372036854771712	0	7045120	9223372036854771712	0	4247752704
234	2147438592	9223372036854771712	0	3809488896	9223372036854771712	0	6848512	9223372036854771712	0	7045120	9223372036854771712	0	4352544768
235	2147438592	9223372036854771712	0	3810627584	9223372036854771712	0	6848512	9223372036854771712	0	7045120	9223372036854771712	0	4351340544
236	2147479552	9223372036854771712	0	3811708928	9223372036854771712	0	6848512	9223372036854771712	0	7045120	9223372036854771712	0	4351102976
237	2147438592	9223372036854771712	0	3812937728	9223372036854771712	0	6848512	9223372036854771712	0	7045120	9223372036854771712	0	4348743680
238	2147442688	9223372036854771712	0	3814264832	9223372036854771712	0	6848512	9223372036854771712	0	7045120	9223372036854771712	0	4348461056
239	2147483648	9223372036854771712	0	3815497728	9223372036854771712	0	6848512	9223372036854771712	0	7045120	9223372036854771712	0	4345327616
240	2147356672	9223372036854771712	0	3816841216	9223372036854771712	0	6848512	9223372036854771712	0	7045120	9223372036854771712	0	4344016896
241	2147442688	9223372036854771712	0	3818074112	9223372036854771712	0	6848512	9223372036854771712	0	7045120	9223372036854771712	0	4343414784
242	2147442688	9223372036854771712	0	3819319296	9223372036854771712	0	6848512	9223372036854771712	0	7045120	9223372036854771712	0	4341760000
243	2147442688	9223372036854771712	0	3820576768	9223372036854771712	0	6848512	9223372036854771712	0	7045120	9223372036854771712	0	4340752384
244	2147442688	9223372036854771712	0	3820957696	9223372036854771712	0	6848512	9223372036854771712	0	7045120	9223372036854771712	0	4339576832
245	2147467264	9223372036854771712	0	3821985792	9223372036854771712	0	6848512	9223372036854771712	0	7045120	9223372036854771712	0	4338978816
246	2147442688	9223372036854771712	0	3823296512	9223372036854771712	0	6848512	9223372036854771712	0	7045120	9223372036854771712	0	4337704960
247	2147459072	9223372036854771712	0	3824644096	9223372036854771712	0	6848512	9223372036854771712	0	7045120	9223372036854771712	0	4335616000
248	2147438592	9223372036854771712	0	3825922048	9223372036854771712	0	6848512	9223372036854771712	0	7045120	9223372036854771712	0	4334444544
249	2044088320	9223372036854771712	0	3827216384	9223372036854771712	0	6848512	9223372036854771712	0	7045120	9223372036854771712	0	4438306816
250	2045255680	9223372036854771712	0	3828310016	9223372036854771712	0	6848512	9223372036854771712	0	7045120	9223372036854771712	0	4436381696
251	2046324736	9223372036854771712	0	3829608448	9223372036854771712	0	6848512	9223372036854771712	0	7045120	9223372036854771712	0	4433113088
252	2047492096	9223372036854771712	0	3830775808	9223372036854771712	0	6848512	9223372036854771712	0	7045120	9223372036854771712	0	4431785984
253	2048790528	9223372036854771712	0	3832172544	9223372036854771712	0	6848512	9223372036854771712	0	7045120	9223372036854771712	0	4428865536
254	2049949696	9223372036854771712	0	3833311232	9223372036854771712	0	6848512	9223372036854771712	0	7045120	9223372036854771712	0	4427177984
255	2051248128	9223372036854771712	0	3834523648	9223372036854771712	0	6848512	9223372036854771712	0	7045120	9223372036854771712	0	4424613888
256	2052481024	9223372036854771712	0	3835838464	9223372036854771712	0	6848512	9223372036854771712	0	7045120	9223372036854771712	0	4421431296
257	2053648384	9223372036854771712	0	3836940288	9223372036854771712	0	6848512	9223372036854771712	0	7045120	9223372036854771712	0	4418625536
258	2054684672	9223372036854771712	0	3838107648	9223372036854771712	0	6848512	9223372036854771712	0	7045120	9223372036854771712	0	4417302528
259	2055852032	9223372036854771712	0	3839123456	9223372036854771712	0	6848512	9223372036854771712	0	7045120	9223372036854771712	0	4413669376
260	2057412608	9223372036854771712	0	3840262144	9223372036854771712	0	6848512	9223372036854771712	0	7045120	9223372036854771712	0	4409212928
261	2065657856	9223372036854771712	0	3841638400	9223372036854771712	0	6848512	9223372036854771712	0	7045120	9223372036854771712	0	4400300032
262	2068922368	9223372036854771712	0	3842932736	9223372036854771712	0	6848512	9223372036854771712	0	7045120	9223372036854771712	0	4395393024
263	2070155264	9223372036854771712	0	3844239360	9223372036854771712	0	6848512	9223372036854771712	0	7045120	9223372036854771712	0	4391952384
264	2071584768	9223372036854771712	0	3845558272	9223372036854771712	0	6848512	9223372036854771712	0	7045120	9223372036854771712	0	4389875712
265	2072752128	9223372036854771712	0	3846676480	9223372036854771712	0	6848512	9223372036854771712	0	7045120	9223372036854771712	0	4387254272
266	2074013696	9223372036854771712	0	3847999488	9223372036854771712	0	6848512	9223372036854771712	0	7045120	9223372036854771712	0	4384509952
267	2075312128	9223372036854771712	0	3849318400	9223372036854771712	0	6848512	9223372036854771712	0	7045120	9223372036854771712	0	4381540352
268	2076700672	9223372036854771712	0	3850665984	9223372036854771712	0	6848512	9223372036854771712	0	7045120	9223372036854771712	0	4379590656
269	2126315520	9223372036854771712	0	3851751424	9223372036854771712	0	6848512	9223372036854771712	0	7045120	9223372036854771712	0	4324679680
270	2147479552	9223372036854771712	0	3853062144	9223372036854771712	0	6848512	9223372036854771712	0	7045120	9223372036854771712	0	4301152256
271	2147442688	9223372036854771712	0	3854020608	9223372036854771712	0	6848512	9223372036854771712	0	7045120	9223372036854771712	0	4300357632
272	2147454976	9223372036854771712	0	3855241216	9223372036854771712	0	6848512	9223372036854771712	0	7045120	9223372036854771712	0	4298043392
273	2146496512	9223372036854771712	0	3856588800	9223372036854771712	0	6848512	9223372036854771712	0	7045120	9223372036854771712	0	4297658368
274	2146422784	9223372036854771712	0	3857514496	9223372036854771712	0	6848512	9223372036854771712	0	7045120	9223372036854771712	0	4296970240
275	2146553856	9223372036854771712	0	3858698240	9223372036854771712	0	6848512	9223372036854771712	0	7045120	9223372036854771712	0	4295987200
276	2146426880	9223372036854771712	0	3860000768	9223372036854771712	0	6848512	9223372036854771712	0	7045120	9223372036854771712	0	4295565312
277	2146557952	9223372036854771712	0	3861037056	9223372036854771712	0	6848512	9223372036854771712	0	7045120	9223372036854771712	0	4294615040
278	2146426880	9223372036854771712	0	3862175744	9223372036854771712	0	6848512	9223372036854771712	0	7045120	9223372036854771712	0	4292861952
279	0	9223372036854771712	0	3863228416	9223372036854771712	0	6848512	9223372036854771712	0	7045120	9223372036854771712	0	5272866816
280	0	9223372036854771712	0	3863261184	9223372036854771712	0	6848512	9223372036854771712	0	7045120	9223372036854771712	0	5281406976
281	0	9223372036854771712	0	3863257088	9223372036854771712	0	6848512	9223372036854771712	0	7045120	9223372036854771712	0	5281042432
282	0	9223372036854771712	0	3862892544	9223372036854771712	0	6848512	9223372036854771712	0	7045120	9223372036854771712	0	5281398784
283	0	9223372036854771712	0	3862892544	9223372036854771712	0	6848512	9223372036854771712	0	7045120	9223372036854771712	0	5280751616
284	0	9223372036854771712	0	3862892544	9223372036854771712	0	6848512	9223372036854771712	0	7045120	9223372036854771712	0	5280849920
285	0	9223372036854771712	0	3862896640	9223372036854771712	0	6848512	9223372036854771712	0	7045120	9223372036854771712	0	5280391168
286	0	9223372036854771712	0	3751550976	9223372036854771712	0	6848512	9223372036854771712	0	7045120	9223372036854771712	0	5391417344
