1	1436069888	536870912	0	2835132416	1073741824	0	1762414592	536870912	0	3539075072	1073741824	0	2102312960
2	1436069888	536870912	0	2835132416	1073741824	0	1764642816	536870912	0	3539075072	1073741824	0	2100162560
3	1436319744	536870912	0	2835132416	1073741824	0	1970151424	536870912	0	3651428352	1073741824	0	1778114560
4	1444519936	536870912	0	2835443712	1073741824	0	2147479552	536870912	0	3907215360	1073741824	0	1336242176
5	1466949632	536870912	0	2835726336	1073741824	0	2147479552	536870912	0	4136960000	1073741824	0	1080741888
6	1480044544	536870912	0	2859552768	1073741824	0	2147483648	536870912	0	4294901760	1073741824	0	886202368
7	1486577664	536870912	0	2869043200	1073741824	0	2147446784	536870912	0	4294934528	1073741824	0	870051840
8	1486794752	536870912	0	2869596160	1073741824	0	2147450880	536870912	0	4294922240	1073741824	0	868540416
9	1487024128	536870912	0	2869854208	1073741824	0	2147454976	536870912	0	4294959104	1073741824	0	868282368
10	1487245312	536870912	0	2870083584	1073741824	0	2147459072	536870912	0	4294922240	1073741824	0	868630528
11	1487507456	536870912	0	2870349824	1073741824	0	2147332096	536870912	0	4294926336	1073741824	0	867717120
12	1521311744	536870912	0	2870734848	1073741824	0	2147475456	536870912	0	4294942720	1073741824	0	835473408
13	1549742080	536870912	0	2871013376	1073741824	0	2147344384	536870912	0	4294926336	1073741824	0	806727680
14	1550028800	536870912	0	2871562240	1073741824	0	2147475456	536870912	0	4294926336	1073741824	0	797065216
15	1550413824	536870912	0	2871877632	1073741824	0	2147479552	536870912	0	4294967296	1073741824	0	796786688
16	1550774272	536870912	0	2872455168	1073741824	0	2147352576	536870912	0	4294963200	1073741824	0	795361280
17	1551097856	536870912	0	2872893440	1073741824	0	2147098624	536870912	0	4294930432	1073741824	0	795582464
18	1551601664	536870912	0	2873384960	1073741824	0	2147405824	536870912	0	4294836224	1073741824	0	795217920
19	1552019456	536870912	0	2873847808	1073741824	0	2147454976	536870912	0	4294836224	1073741824	0	795234304
20	1552326656	536870912	0	2874277888	1073741824	0	2147233792	536870912	0	4294955008	1073741824	0	793571328
21	1552842752	536870912	0	2874753024	1073741824	0	2147381248	536870912	0	4294934528	1073741824	0	785760256
22	1553149952	536870912	0	2875109376	1073741824	0	2147397632	536870912	0	4294950912	1073741824	0	784011264
23	1553641472	536870912	0	2875678720	1073741824	0	2147262464	536870912	0	4294934528	1073741824	0	783355904
24	1554116608	536870912	0	2876219392	1073741824	0	2147139584	536870912	0	4294938624	1073741824	0	783351808
25	1554706432	536870912	0	2919661568	1073741824	0	2147377152	536870912	0	4294909952	1073741824	0	739422208
26	1555173376	536870912	0	2961453056	1073741824	0	2147397632	536870912	0	4294967296	1073741824	0	697286656
27	1555369984	536870912	0	2996891648	1073741824	0	2147430400	536870912	0	4294946816	1073741824	0	661209088
28	1555873792	536870912	0	2997383168	1073741824	0	2147381248	536870912	0	4294807552	1073741824	0	659714048
29	1556443136	536870912	0	2998079488	1073741824	0	2147250176	536870912	0	4294942720	1073741824	0	658591744
30	1556832256	536870912	0	2998542336	1073741824	0	2147438592	536870912	0	4294807552	1073741824	0	656584704
31	1557561344	536870912	0	2998980608	1073741824	0	2147393536	536870912	0	4294950912	1073741824	0	655646720
32	1558159360	536870912	0	2999480320	1073741824	0	2147397632	536870912	0	4294942720	1073741824	0	655548416
33	1558601728	536870912	0	3000246272	1073741824	0	2147405824	536870912	0	4294811648	1073741824	0	654376960
34	1559326720	536870912	0	3040178176	1073741824	0	2147409920	536870912	0	4294918144	1073741824	0	614531072
35	1559867392	536870912	0	3089223680	1073741824	0	2147434496	536870912	0	4294942720	1073741824	0	556253184
36	1560608768	536870912	0	3107831808	1073741824	0	2147418112	536870912	0	4294942720	1073741824	0	536330240
37	1561341952	536870912	0	3108552704	1073741824	0	2147471360	536870912	0	4294955008	1073741824	0	534560768
38	1562247168	536870912	0	3109359616	1073741824	0	2147422208	536870912	0	4294942720	1073741824	0	533520384
39	1563123712	536870912	0	3110412288	1073741824	0	1556537344	536870912	0	4294942720	1073741824	0	1124831232
40	1563738112	536870912	0	3111567360	1073741824	0	1556586496	536870912	0	4294942720	1073741824	0	1123168256
41	1564794880	536870912	0	3112718336	1073741824	0	1556643840	536870912	0	4294946816	1073741824	0	1120727040
42	1565564928	536870912	0	3113828352	1073741824	0	1556525056	536870912	0	4294946816	1073741824	0	1118961664
43	1566670848	536870912	0	3114860544	1073741824	0	1556525056	536870912	0	4294955008	1073741824	0	1117364224
44	1567772672	536870912	0	3116032000	1073741824	0	1556525056	536870912	0	4294946816	1073741824	0	1115353088
45	1568825344	536870912	0	3117248512	1073741824	0	1556525056	536870912	0	4294946816	1073741824	0	1104199680
46	1569878016	536870912	0	3117969408	1073741824	0	1556525056	536870912	0	4294946816	1073741824	0	1103376384
47	1570734080	536870912	0	3119050752	1073741824	0	1556525056	536870912	0	4294946816	1073741824	0	1100156928
48	1571737600	536870912	0	3119886336	1073741824	0	1556525056	536870912	0	4294946816	1073741824	0	1098530816
49	1572417536	536870912	0	3120533504	1073741824	0	1556525056	536870912	0	4294955008	1073741824	0	1095991296
50	1573453824	536870912	0	3121467392	1073741824	0	1556525056	536870912	0	4294946816	1073741824	0	1094746112
51	1574490112	536870912	0	3122450432	1073741824	0	1556525056	536870912	0	4294946816	1073741824	0	1094049792
52	1575538688	536870912	0	3123355648	1073741824	0	1556525056	536870912	0	4294946816	1073741824	0	1091911680
53	1576361984	536870912	0	3124305920	1073741824	0	1556525056	536870912	0	4294946816	1073741824	0	1090174976
54	1577320448	536870912	0	3125399552	1073741824	0	1556525056	536870912	0	4294836224	1073741824	0	1087479808
55	1578369024	536870912	0	3126513664	1073741824	0	1556525056	536870912	0	3191955456	1073741824	0	2193428480
56	1579552768	536870912	0	3127640064	1073741824	0	1556525056	536870912	0	3191955456	1073741824	0	2191003648
57	1580838912	536870912	0	3128733696	1073741824	0	1556525056	536870912	0	3191955456	1073741824	0	2188484608
58	1582006272	536870912	0	3129946112	1073741824	0	1556525056	536870912	0	3191955456	1073741824	0	2186493952
59	1583276032	536870912	0	3131150336	1073741824	0	1556656128	536870912	0	3191955456	1073741824	0	2183757824
60	1584312320	536870912	0	3132305408	1073741824	0	1556529152	536870912	0	3191955456	1073741824	0	2181545984
61	1594523648	536870912	0	3133423616	1073741824	0	1556529152	536870912	0	3191955456	1073741824	0	2169778176
62	1601122304	536870912	0	3134459904	1073741824	0	1556529152	536870912	0	3191955456	1073741824	0	2161750016
63	1611243520	536870912	0	3135561728	1073741824	0	1556529152	536870912	0	3191955456	1073741824	0	2150096896
64	1618849792	536870912	0	3136622592	1073741824	0	1556529152	536870912	0	3191955456	1073741824	0	2141315072
65	1619857408	536870912	0	3137728512	1073741824	0	1556529152	536870912	0	3191955456	1073741824	0	2139054080
66	1624588288	536870912	0	3138957312	1073741824	0	1556529152	536870912	0	3191955456	1073741824	0	2132602880
67	1631580160	536870912	0	3139837952	1073741824	0	1556529152	536870912	0	3191955456	1073741824	0	2123943936
68	1666564096	536870912	0	3141156864	1073741824	0	1556529152	536870912	0	3191955456	1073741824	0	2087579648
69	1703251968	536870912	0	3142180864	1073741824	0	1556529152	536870912	0	3191955456	1073741824	0	2048319488
70	1745969152	536870912	0	3143401472	1073741824	0	1556529152	536870912	0	3191955456	1073741824	0	2004082688
71	1793273856	536870912	0	3144523776	1073741824	0	1556529152	536870912	0	3191955456	1073741824	0	1954414592
72	1842020352	536870912	0	3145682944	1073741824	0	1556529152	536870912	0	3191955456	1073741824	0	1903276032
73	1890504704	536870912	0	3146784768	1073741824	0	1556529152	536870912	0	3191955456	1073741824	0	1851990016
74	1931911168	536870912	0	3147952128	1073741824	0	1556529152	536870912	0	3191955456	1073741824	0	1808883712
75	1983672320	536870912	0	3149029376	1073741824	0	1556529152	536870912	0	3191955456	1073741824	0	1754849280
76	1986412544	536870912	0	3149717504	1073741824	0	1556529152	536870912	0	3191955456	1073741824	0	1750011904
77	1987334144	536870912	0	3150643200	1073741824	0	1556529152	536870912	0	3191955456	1073741824	0	1748398080
78	1988571136	536870912	0	3153313792	1073741824	0	1556529152	536870912	0	3191955456	1073741824	0	1743728640
79	1989607424	536870912	0	3162198016	1073741824	0	1558626304	536870912	0	3191955456	1073741824	0	1732263936
80	1990643712	536870912	0	3168034816	1073741824	0	1558626304	536870912	0	3191955456	1073741824	0	1724858368
81	1991573504	536870912	0	3170865152	1073741824	0	1558626304	536870912	0	3191955456	1073741824	0	1720905728
82	1992609792	536870912	0	3171741696	1073741824	0	1558626304	536870912	0	3191955456	1073741824	0	1718571008
83	1993744384	536870912	0	3172741120	1073741824	0	1558626304	536870912	0	3191955456	1073741824	0	1716609024
84	1994919936	536870912	0	3173703680	1073741824	0	1558626304	536870912	0	3191955456	1073741824	0	1713836032
85	1995984896	536870912	0	3174838272	1073741824	0	1558626304	536870912	0	3191955456	1073741824	0	1711804416
86	1997025280	536870912	0	3176108032	1073741824	0	1558626304	536870912	0	3191955456	1073741824	0	1709621248
87	1998311424	536870912	0	3177099264	1073741824	0	1558626304	536870912	0	3191955456	1073741824	0	1707315200
88	1999491072	536870912	0	3178201088	1073741824	0	1558626304	536870912	0	3191955456	1073741824	0	1704230912
89	2000699392	536870912	0	3179565056	1073741824	0	1558626304	536870912	0	3191955456	1073741824	0	1701761024
90	2001903616	536870912	0	3180867584	1073741824	0	1558626304	536870912	0	3194052608	1073741824	0	1697329152
91	2003185664	536870912	0	3181981696	1073741824	0	1558626304	536870912	0	3194052608	1073741824	0	1695039488
92	2004353024	536870912	0	3182948352	1073741824	0	1558626304	536870912	0	3194052608	1073741824	0	1692815360
93	2004996096	536870912	0	3183509504	1073741824	0	1558626304	536870912	0	3194052608	1073741824	0	1691262976
94	2005954560	536870912	0	3184377856	1073741824	0	1558626304	536870912	0	3194052608	1073741824	0	1689083904
95	2006994944	536870912	0	3185508352	1073741824	0	1558626304	536870912	0	3194052608	1073741824	0	1687900160
96	2008162304	536870912	0	3186741248	1073741824	0	1558626304	536870912	0	3194052608	1073741824	0	1685970944
97	2009239552	536870912	0	3187769344	1073741824	0	1558626304	536870912	0	3194052608	1073741824	0	1683206144
98	2010394624	536870912	0	3188813824	1073741824	0	1558626304	536870912	0	3194052608	1073741824	0	1680551936
99	2011418624	536870912	0	3238674432	1073741824	0	1746542592	536870912	0	3194052608	1073741824	0	1438511104
100	2012528640	536870912	0	3298877440	1073741824	0	1936752640	536870912	0	3194052608	1073741824	0	1185918976
101	2013646848	536870912	0	3355992064	1073741824	0	1989488640	536870912	0	3194052608	1073741824	0	1062559744
102	2014584832	536870912	0	3402387456	1073741824	0	2023522304	536870912	0	3194052608	1073741824	0	970948608
103	2015203328	536870912	0	3427106816	1073741824	0	2043142144	536870912	0	3194052608	1073741824	0	539865088
104	2015981568	536870912	0	3486621696	1073741824	0	2065162240	536870912	0	3194052608	1073741824	0	456249344
105	2017153024	536870912	0	3531124736	1073741824	0	2089541632	536870912	0	3194052608	1073741824	0	384864256
106	2018320384	536870912	0	3617771520	1073741824	0	2118246400	536870912	0	3194052608	1073741824	0	265949184
107	2019426304	536870912	0	3688923136	1073741824	0	2147377152	536870912	0	3194052608	1073741824	0	161378304
108	2019168256	536870912	0	3701321728	1073741824	0	2147430400	536870912	0	3192700928	1073741824	0	187961344
109	2020134912	536870912	0	3702231040	1073741824	0	2147381248	536870912	0	3192700928	1073741824	0	186798080
110	2021265408	536870912	0	3703070720	1073741824	0	2147483648	536870912	0	3192700928	1073741824	0	185565184
111	2022432768	536870912	0	3704057856	1073741824	0	2147414016	536870912	0	3192700928	1073741824	0	182403072
112	2023403520	536870912	0	3705151488	1073741824	0	2147274752	536870912	0	3192700928	1073741824	0	180355072
113	2024263680	536870912	0	3706146816	1073741824	0	2147409920	536870912	0	3192700928	1073741824	0	178311168
114	2025119744	536870912	0	3706994688	1073741824	0	2147418112	536870912	0	3192700928	1073741824	0	175685632
115	2025881600	536870912	0	3493928960	1073741824	1432133632	2147422208	536870912	0	3406282752	1073741824	0	239603712
116	2026807296	536870912	0	3344900096	1073741824	2720403456	2147438592	536870912	0	3621490688	1073741824	390029312	174854144
117	2027552768	536870912	0	3344220160	1073741824	2720403456	2147442688	536870912	0	3628756992	1073741824	1325223936	168157184
118	2028253184	536870912	0	3344109568	1073741824	2720403456	2147479552	536870912	0	3570642944	1073741824	2638036992	225624064
119	2029367296	536870912	0	3344551936	1073741824	2720403456	2147463168	536870912	0	3581399040	1073741824	2638036992	213368832
120	2030452736	536870912	0	3344355328	1073741824	2720403456	2147463168	536870912	0	3581464576	1073741824	2638036992	211742720
121	2031751168	536870912	0	3344478208	1073741824	2720403456	2147467264	536870912	0	3583868928	1073741824	2638036992	209182720
122	2032943104	536870912	0	3345027072	1073741824	2720403456	2147475456	536870912	0	3623608320	1073741824	2725089280	167833600
123	2033549312	536870912	0	3345432576	1073741824	2720403456	2147479552	536870912	0	3604090880	1073741824	3970461696	188567552
124	2034016256	536870912	0	3346014208	1073741824	2720403456	2147442688	536870912	0	3533328384	1073741824	5313720320	257003520
125	2034921472	536870912	0	3346649088	1073741824	2720403456	2147454976	536870912	0	3570274304	1073741824	5313720320	210739200
126	2035585024	536870912	0	3347234816	1073741824	2720403456	2147450880	536870912	0	3599216640	1073741824	5313720320	179441664
127	2036273152	536870912	0	3347476480	1073741824	2720403456	2147332096	536870912	0	3539542016	1073741824	6615031808	236601344
128	2037166080	536870912	0	3348402176	1073741824	2720403456	2147336192	536870912	0	3552210944	1073741824	6615031808	222900224
129	2037927936	536870912	0	3349065728	1073741824	2720403456	2147414016	536870912	0	3585175552	1073741824	6615031808	188137472
130	2038562816	536870912	0	3349696512	1073741824	2720403456	2147360768	536870912	0	3609845760	1073741824	6615031808	160825344
131	2040164352	536870912	0	3350253568	1073741824	2720403456	2147381248	536870912	0	3609960448	1073741824	6615031808	157163520
132	2032504832	536870912	0	3337789440	1073741824	2720403456	2147373056	536870912	0	3614347264	1073741824	6615031808	165552128
133	2032009216	536870912	0	3315142656	1073741824	3296514048	2147377152	536870912	0	3301302272	1073741824	11620708352	179085312
134	2031505408	536870912	0	3158573056	1073741824	5555310592	2134687744	536870912	414683136	3142090752	1073741824	13468733440	200331264
135	2030886912	536870912	0	2996727808	1073741824	8187670528	2147467264	536870912	414683136	2978988032	1073741824	15487070208	236781568
136	2031513600	536870912	0	2962665472	1073741824	8671879168	2147229696	536870912	414683136	2952421376	1073741824	15967154176	195162112
137	2033709056	536870912	0	2962665472	1073741824	8671879168	2147229696	536870912	414683136	2952421376	1073741824	15967154176	191533056
138	2034876416	536870912	0	2963603456	1073741824	8671879168	2147483648	536870912	414683136	2952945664	1073741824	15967154176	190230528
139	2036355072	536870912	0	2963623936	1073741824	8671879168	2147377152	536870912	414683136	2953023488	1073741824	15967154176	189186048
140	2037522432	536870912	0	2963525632	1073741824	8671879168	2147377152	536870912	414683136	2952896512	1073741824	15967154176	179814400
141	2038558720	536870912	0	2963943424	1073741824	8671879168	2147381248	536870912	414683136	2953027584	1073741824	15967154176	178597888
142	2039857152	536870912	0	2967994368	1073741824	8671879168	1477283840	536870912	414683136	2970750976	1073741824	15967154176	826970112
143	2042204160	536870912	0	2971226112	1073741824	8671879168	1477193728	536870912	414683136	2989887488	1073741824	15967154176	802344960
144	2044289024	536870912	0	2974621696	1073741824	8671879168	1477332992	536870912	414683136	3015475200	1073741824	15967154176	769531904
145	2047008768	536870912	0	2977505280	1073741824	8671879168	1477349376	536870912	414683136	3039313920	1073741824	15967154176	738574336
146	2062012416	536870912	0	2979987456	1073741824	8671879168	1477357568	536870912	414683136	3061678080	1073741824	15967154176	696664064
147	2115981312	536870912	0	2982313984	1073741824	8671879168	1477378048	536870912	414683136	3086671872	1073741824	15967154176	614555648
148	2140065792	536870912	0	2983292928	1073741824	8671879168	1477287936	536870912	414683136	3096797184	1073741824	15967154176	576659456
149	2141495296	536870912	0	2983170048	1073741824	8671879168	1477419008	536870912	414683136	3096670208	1073741824	15967154176	575619072
150	2142584832	536870912	0	2983170048	1073741824	8671879168	1477419008	536870912	414683136	3096670208	1073741824	15967154176	573595648
151	2143875072	536870912	0	2983419904	1073741824	8671879168	1477304320	536870912	414683136	3097849856	1073741824	15967154176	572284928
152	2040184832	536870912	0	2984919040	1073741824	8671879168	1477447680	536870912	414683136	3111493632	1073741824	15967154176	660975616
153	2041073664	536870912	0	2995138560	1073741824	8671879168	1477472256	536870912	414683136	3129827328	1073741824	15967154176	631021568
154	2042421248	536870912	0	3011575808	1073741824	8671879168	1477472256	536870912	414683136	3151167488	1073741824	15967154176	589541376
155	2043432960	536870912	0	3023384576	1073741824	8671879168	1477496832	536870912	414683136	3171692544	1073741824	15967154176	554651648
156	2044952576	536870912	0	3034869760	1073741824	8671879168	1477521408	536870912	414683136	3194236928	1073741824	15967154176	516751360
157	2046464000	536870912	0	3046719488	1073741824	8671879168	1477545984	536870912	414683136	3213774848	1073741824	15967154176	483266560
158	2047975424	536870912	0	3055886336	1073741824	8671879168	1477566464	536870912	414683136	3236642816	1073741824	15967154176	446787584
159	2049667072	536870912	0	3062951936	1073741824	8671879168	1477595136	536870912	414683136	3259617280	1073741824	15967154176	414605312
160	2051297280	536870912	0	3069038592	1073741824	8671879168	1477595136	536870912	414683136	3280302080	1073741824	15967154176	384454656
161	2052726784	536870912	0	3073134592	1073741824	8671879168	1477632000	536870912	414683136	3296133120	1073741824	15967154176	361590784
162	2054082560	536870912	0	3077287936	1073741824	8671879168	1477541888	536870912	414683136	3312959488	1073741824	15967154176	333565952
163	2054717440	536870912	0	3078635520	1073741824	8671879168	1477447680	536870912	414683136	3191234560	1073741824	18297171968	207970304
164	2054463488	536870912	0	2999173120	1073741824	9726763008	1477304320	536870912	414683136	2943807488	1073741824	21145772032	147443712
165	2051371008	536870912	0	2786758656	1073741824	13040025600	1476820992	536870912	414683136	2813587456	1073741824	22895419392	201367552
166	2052583424	536870912	0	2762690560	1073741824	13487886336	1333252096	536870912	414683136	2715291648	1073741824	24223191040	362868736
167	2054516736	536870912	0	2762735616	1073741824	13487886336	1333395456	536870912	414683136	2715422720	1073741824	24223191040	360693760
168	2056601600	536870912	0	2762768384	1073741824	13487886336	1333395456	536870912	414683136	2715480064	1073741824	24223191040	358461440
169	2057814016	536870912	0	2764554240	1073741824	13487886336	1333403648	536870912	414683136	2730622976	1073741824	24223191040	341618688
170	2059038720	536870912	0	2770800640	1073741824	13487886336	1333415936	536870912	414683136	2751627264	1073741824	24223191040	311947264
171	2060365824	536870912	0	2774941696	1073741824	13487886336	1333428224	536870912	414683136	2770907136	1073741824	24223191040	285040640
172	2061664256	536870912	0	2778062848	1073741824	13487886336	1333440512	536870912	414683136	2789851136	1073741824	24223191040	258834432
173	2063130624	536870912	0	2788552704	1073741824	13487886336	1333465088	536870912	414683136	2808147968	1073741824	24223191040	226705408
174	2064822272	536870912	0	2798981120	1073741824	13487886336	1333473280	536870912	414683136	2829004800	1073741824	24223191040	190418944
175	2066337792	536870912	0	2811756544	1073741824	13487886336	1333493760	536870912	414683136	2796154880	1073741824	24865329152	204857344
176	2070421504	536870912	0	2831286272	1073741824	13487886336	1333493760	536870912	414683136	2797809664	1073741824	25107288064	179339264
177	2071130112	536870912	0	2786721792	1073741824	14415142912	1333530624	536870912	414683136	2812723200	1073741824	25107288064	207663104
178	2072035328	536870912	0	2815799296	1073741824	14415142912	1333538816	536870912	414683136	2779721728	1073741824	25764986880	205324288
179	2072870912	536870912	0	2840207360	1073741824	14415142912	1333542912	536870912	414683136	2781323264	1073741824	26001506304	177721344
180	2073501696	536870912	0	2794541056	1073741824	15327100928	1333436416	536870912	414683136	2798895104	1073741824	26001506304	202924032
181	2074406912	536870912	0	2807279616	1073741824	15327100928	1333567488	536870912	414683136	2818826240	1073741824	26001506304	166117376
182	2075189248	536870912	0	2817130496	1073741824	15327100928	1333587968	536870912	414683136	2756403200	1073741824	26890608640	216748032
183	2076262400	536870912	0	2845487104	1073741824	15327100928	1333592064	536870912	414683136	2776178688	1073741824	26890608640	164655104
184	2076966912	536870912	0	2809757696	1073741824	16226594816	1333604352	536870912	414683136	2793582592	1073741824	26890608640	179277824
185	2069987328	536870912	0	2835714048	1073741824	16226594816	1333624832	536870912	414683136	2807832576	1073741824	26890608640	161509376
186	2070630400	536870912	0	2836779008	1073741824	16226594816	1333501952	536870912	414683136	2808643584	1073741824	26890608640	157437952
187	2071703552	536870912	0	2762465280	1073741824	17154846720	1333633024	536870912	414683136	2808676352	1073741824	26890608640	232144896
188	2072739840	536870912	0	2762489856	1073741824	17154846720	1333637120	536870912	414683136	2808557568	1073741824	26890608640	230088704
189	2074038272	536870912	0	2762366976	1073741824	17154846720	1333510144	536870912	414683136	2808688640	1073741824	26890608640	228274176
190	2074812416	536870912	0	2782244864	1073741824	17154846720	1333649408	536870912	414683136	2830065664	1073741824	26890608640	185921536
191	2076028928	536870912	0	2802900992	1073741824	17154846720	1333657600	536870912	414683136	2777993216	1073741824	27774730240	214675456
192	2077835264	536870912	0	2806652928	1073741824	17154846720	1335627776	536870912	414683136	2784649216	1073741824	27774730240	192835584
193	2074529792	536870912	0	2716696576	1073741824	17154846720	1335734272	536870912	414683136	2791718912	1073741824	27774730240	162934784
194	2047524864	536870912	0	2615169024	1073741824	18050232320	1335508992	536870912	414683136	2583375872	1073741824	29931872256	153640960
195	1893912576	536870912	1192620032	2455392256	1073741824	20639825920	1335472128	536870912	414683136	2451193856	1073741824	31108972544	265084928
196	1810272256	536870912	1921822720	2399830016	1073741824	21343866880	1335341056	536870912	414683136	2394263552	1073741824	31810924544	314302464
197	1810464768	536870912	1921822720	2399985664	1073741824	21343866880	1335345152	536870912	414683136	2394583040	1073741824	31810924544	315625472
198	1811304448	536870912	1921822720	2401849344	1073741824	21343866880	1335476224	536870912	414683136	2410582016	1073741824	31810924544	297529344
199	1812865024	536870912	1921822720	2405634048	1073741824	21343866880	1335353344	536870912	414683136	2437693440	1073741824	31810924544	261738496
200	1814724608	536870912	1921822720	2409504768	1073741824	21343866880	1335484416	536870912	414683136	2466652160	1073741824	31810924544	222846976
201	1816154112	536870912	1921822720	2413240320	1073741824	21343866880	1335504896	536870912	414683136	2488864768	1073741824	31810924544	194445312
202	1817387008	536870912	1921822720	2417201152	1073741824	21343866880	1335521280	536870912	414683136	2513420288	1073741824	31810924544	161665024
203	1818046464	536870912	1921822720	2362839040	1073741824	22053392384	1511387136	536870912	414683136	2343952384	1073741824	33911652352	205238272
204	1749671936	536870912	2581393408	2295664640	1073741824	22701764608	1669386240	536870912	414683136	2335186944	1073741824	33989668864	213004288
205	1747775488	536870912	2581393408	2293710848	1073741824	22701764608	1746587648	536870912	414683136	2308411392	1073741824	34658742272	174514176
206	1748869120	536870912	2581393408	2280022016	1073741824	23007100928	1770332160	536870912	414683136	2281218048	1073741824	34985738240	189448192
207	1734533120	536870912	2829660160	2281619456	1073741824	23007100928	1793794048	536870912	414683136	2290069504	1073741824	34985738240	169029632
208	1733640192	536870912	2893164544	2282184704	1073741824	23007100928	1717501952	536870912	765095936	2293694464	1073741824	34985738240	241795072
209	1735380992	536870912	2893164544	2285871104	1073741824	23007100928	1735667712	536870912	765095936	2317393920	1073741824	34985738240	192356352
210	1733566464	536870912	2893164544	2284818432	1073741824	23007100928	1749819392	536870912	765095936	2285551616	1073741824	35622506496	218255360
211	1734995968	536870912	2893164544	2288058368	1073741824	23007100928	1764962304	536870912	765095936	2303782912	1073741824	35622506496	177643520
212	1750482944	536870912	2893164544	2282799104	1073741824	23007100928	1768460288	536870912	801812480	2310152192	1073741824	35934121984	171827200
213	1755013120	536870912	2893164544	2284572672	1073741824	23007100928	1745399808	536870912	1082314752	2322366464	1073741824	35934121984	175435776
214	1760382976	536870912	2893164544	2282139648	1073741824	23007100928	1757573120	536870912	1082314752	2293727232	1073741824	36570312704	195153920
215	1750552576	536870912	3226247168	2280628224	1073741824	23007100928	1775435776	536870912	1082314752	2312896512	1073741824	36670976000	175362048
216	1749495808	536870912	3226247168	2267262976	1073741824	23007100928	1794793472	536870912	1082314752	2330390528	1073741824	36670976000	184582144
217	1749958656	536870912	3226247168	2262327296	1073741824	23007100928	1812811776	536870912	1082314752	2346971136	1073741824	36670976000	166772736
218	1741627392	536870912	3226247168	2249281536	1073741824	23007100928	1830416384	536870912	1082314752	2359431168	1073741824	36670976000	189140992
219	1739407360	536870912	3226247168	2244620288	1073741824	23007100928	1849872384	536870912	1082314752	2377666560	1073741824	36670976000	170950656
220	1739231232	536870912	3226247168	2242879488	1073741824	23007100928	1826205696	536870912	1418125312	2378469376	1073741824	37001617408	201371648
221	1738240000	536870912	3226247168	2238431232	1073741824	23007100928	1843568640	536870912	1418125312	2396385280	1073741824	37001617408	183136256
222	1735577600	536870912	3226247168	2233409536	1073741824	23007100928	1860911104	536870912	1418125312	2415796224	1073741824	37001617408	165306368
223	1728647168	536870912	3226247168	2219302912	1073741824	23007100928	1871294464	536870912	1418125312	2419355648	1073741824	37001617408	198074368
224	1722318848	536870912	3226247168	2211045376	1073741824	23007100928	1776267264	536870912	1940692992	2371899392	1073741824	37686239232	271900672
225	1694388224	536870912	3838881792	2210177024	1073741824	23007100928	1654374400	536870912	3098210304	2266918912	1073741824	38689234944	154316800
226	1617887232	536870912	5298216960	2154061824	1073741824	23829979136	1608626176	536870912	3399118848	2144309248	1073741824	39933423616	178233344
227	1546039296	536870912	6377635840	2090385408	1073741824	24728596480	1539584000	536870912	3944259584	2084675584	1073741824	40215740416	157437952
228	1545814016	536870912	6377635840	2043998208	1073741824	25259958272	1539584000	536870912	3944259584	2084564992	1073741824	40215740416	203948032
229	1545945088	536870912	6377635840	2044129280	1073741824	25259958272	1539846144	536870912	3944259584	2084855808	1073741824	40215740416	203739136
230	1546346496	536870912	6377635840	2044477440	1073741824	25259958272	1540317184	536870912	3944259584	2085273600	1073741824	40215740416	202752000
231	1546227712	536870912	6377635840	2044608512	1073741824	25259958272	1540300800	536870912	3944259584	2085244928	1073741824	40215740416	202371072
232	1546227712	536870912	6377635840	2044612608	1073741824	25259958272	1540431872	536870912	3944259584	2085208064	1073741824	40215740416	201248768
233	1546358784	536870912	6377635840	2044485632	1073741824	25259958272	1540304896	536870912	3944259584	2085208064	1073741824	40215740416	202305536
234	1546231808	536870912	6377635840	2044485632	1073741824	25259958272	1540304896	536870912	3944259584	2085208064	1073741824	40215740416	202276864
235	1548587008	536870912	6377635840	2047205376	1073741824	25259958272	1549742080	536870912	3944259584	2096185344	1073741824	40215740416	177946624
236	1550266368	536870912	6377635840	2049781760	1073741824	25259958272	1559842816	536870912	3944259584	2068107264	1073741824	40763691008	187006976
237	1550643200	536870912	6377635840	2050310144	1073741824	25259958272	1561972736	536870912	3944259584	2070679552	1073741824	40763691008	181252096
238	1552306176	536870912	6377635840	2053296128	1073741824	25259958272	1525481472	536870912	4484530176	2086334464	1073741824	40763691008	195551232
239	1528229888	536870912	6649958400	2056945664	1073741824	25259958272	1543815168	536870912	4484530176	2095861760	1073741824	41027620864	182456320
240	1530118144	536870912	6649958400	2060197888	1073741824	25259958272	1559060480	536870912	4484530176	2077945856	1073741824	41549164544	175030272
241	1521135616	536870912	6649958400	2055307264	1073741824	25259958272	1578942464	536870912	4484530176	2096439296	1073741824	41549164544	174616576
242	1516875776	536870912	6649958400	2055565312	1073741824	25259958272	1542656000	536870912	5025177600	2108657664	1073741824	41549164544	203866112
243	1513074688	536870912	6649958400	2057252864	1073741824	25259958272	1561149440	536870912	5025177600	2109067264	1073741824	41831153664	188342272
244	1514762240	536870912	6649958400	2070929408	1073741824	25259958272	1576054784	536870912	5025177600	2098995200	1073741824	42107891712	163274752
245	1516187648	536870912	6649958400	2082643968	1073741824	25259958272	1543122944	536870912	5563006976	2083532800	1073741824	42648113152	192143360
246	1517314048	536870912	6649958400	2092978176	1073741824	25259958272	1529204736	536870912	5835517952	2067243008	1073741824	43193294848	206204928
247	1513598976	536870912	6649958400	2092736512	1073741824	25259958272	1547943936	536870912	5835517952	2087301120	1073741824	43193294848	183836672
248	1504309248	536870912	6649958400	2095484928	1073741824	25259958272	1565687808	536870912	5835517952	2104631296	1073741824	43193294848	180166656
249	1500721152	536870912	6649958400	2106118144	1073741824	25259958272	1526079488	536870912	6301458432	2122952704	1073741824	43193294848	202018816
250	1502298112	536870912	6649958400	2109513728	1073741824	25259958272	1536540672	536870912	6382551040	2138996736	1073741824	43193294848	165609472
251	1503911936	536870912	6649958400	2086367232	1073741824	25607884800	1554862080	536870912	6382551040	2113384448	1073741824	43739049984	185348096
252	1505005568	536870912	6649958400	2082787328	1073741824	25792987136	1566879744	536870912	6382551040	2127413248	1073741824	43739049984	158756864
253	1506230272	536870912	6649958400	2103242752	1073741824	25792987136	1526935552	536870912	6916694016	2093326336	1073741824	44274110464	197804032
254	1507602432	536870912	6649958400	2070814720	1073741824	26318360576	1539264512	536870912	6916694016	2107060224	1073741824	44274110464	144207872
255	1434165248	536870912	7632281600	1974697984	1073741824	27400437760	1473073152	536870912	7425929216	2007490560	1073741824	45091659776	142815232
256	1380872192	536870912	8330743808	1912373248	1073741824	28317491200	1359900672	536870912	8614776832	1904226304	1073741824	45946576896	162193408
257	1274593280	536870912	9371820032	1807175680	1073741824	29359075328	1287446528	536870912	9635823616	1846108160	1073741824	46489255936	179445760
258	1274580992	536870912	9371820032	1807327232	1073741824	29359075328	1287532544	536870912	9635823616	1846259712	1073741824	46489255936	179175424
259	1274503168	536870912	9371820032	1807327232	1073741824	29359075328	1287532544	536870912	9635823616	1846259712	1073741824	46489255936	179523584
260	1276628992	536870912	9371820032	1824600064	1073741824	29359075328	1299140608	536870912	9635823616	1824616448	1073741824	46859190272	168366080
261	1266180096	536870912	9371820032	1834004480	1073741824	29359075328	1318518784	536870912	9635823616	1841770496	1073741824	46859190272	174465024
262	1255620608	536870912	9371820032	1842286592	1073741824	29359075328	1336205312	536870912	9635823616	1854464000	1073741824	46859190272	186826752
263	1253986304	536870912	9371820032	1852116992	1073741824	29359075328	1334849536	536870912	9847611392	1863200768	1073741824	47064969216	177938432
264	1251426304	536870912	9371820032	1854644224	1073741824	29359075328	1324785664	536870912	10068250624	1877970944	1073741824	47064969216	183779328
265	1245368320	536870912	9371820032	1855041536	1073741824	29359075328	1344802816	536870912	10068250624	1897242624	1073741824	47064969216	171458560
266	1239506944	536870912	9371820032	1856831488	1073741824	29359075328	1363107840	536870912	10068250624	1914060800	1073741824	47064969216	162480128
267	1233166336	536870912	9371820032	1853923328	1073741824	29359075328	1377841152	536870912	10068250624	1928110080	1073741824	47064969216	168173568
268	1227198464	536870912	9371820032	1856499712	1073741824	29359075328	1397522432	536870912	10068250624	1894170624	1073741824	47526961152	207699968
269	1221869568	536870912	9371820032	1867964416	1073741824	29359075328	1417306112	536870912	10068250624	1912967168	1073741824	47526961152	181059584
270	1224540160	536870912	9371820032	1890607104	1073741824	29359075328	1377267712	536870912	10674696192	1929154560	1073741824	47526961152	172105728
271	1226747904	536870912	9371820032	1909092352	1073741824	29359075328	1377554432	536870912	10973089792	1901477888	1073741824	47976992768	173162496
272	1226809344	536870912	9371820032	1909436416	1073741824	29359075328	1378082816	536870912	10973089792	1901756416	1073741824	47976992768	170438656
273	1226813440	536870912	9371820032	1909465088	1073741824	29359075328	1378091008	536870912	10973089792	1901768704	1073741824	47976992768	171331584
274	1228300288	536870912	9371820032	1914552320	1073741824	29578956800	1365106688	536870912	11400204288	1881006080	1073741824	48203550720	194347008
275	1226293248	536870912	9371820032	1892331520	1073741824	30024949760	1380573184	536870912	11400204288	1897504768	1073741824	48203550720	194211840
276	1228951552	536870912	9371820032	1904373760	1073741824	30024949760	1359769600	536870912	11829129216	1916866560	1073741824	48203550720	173539328
277	1229918208	536870912	9371820032	1883639808	1073741824	30252142592	1367773184	536870912	11991900160	1887395840	1073741824	48653602816	210792448
278	1232392192	536870912	9371820032	1896800256	1073741824	30252142592	1354948608	536870912	12416290816	1907793920	1073741824	48653602816	178462720
279	1223049216	536870912	9371820032	1893224448	1073741824	30252142592	1374511104	536870912	12416290816	1926483968	1073741824	48653602816	186204160
280	1221484544	536870912	9371820032	1905164288	1073741824	30252142592	1389486080	536870912	12416290816	1901502464	1073741824	49109979136	195080192
281	1223299072	536870912	9371820032	1894191104	1073741824	30467440640	1373663232	536870912	12863733760	1916137472	1073741824	49109979136	198201344
282	1221332992	536870912	9371820032	1903988736	1073741824	30467440640	1388015616	536870912	12863733760	1932120064	1073741824	49109979136	168394752
283	1212067840	536870912	9371820032	1905033216	1073741824	30467440640	1405239296	536870912	12863733760	1949442048	1073741824	49109979136	176586752
284	1209950208	536870912	9371820032	1932988416	1073741824	30467440640	1403867136	536870912	13309620224	1914712064	1073741824	49572483072	193339392
285	1209569280	536870912	9371820032	1841709056	1073741824	31880994816	1300672512	536870912	14570663936	1872920576	1073741824	50259972096	182304768
286	1208528896	536870912	9371820032	1759043584	1073741824	33279500288	1213718528	536870912	15212797952	1780715520	1073741824	50831282176	173674496
287	1205510144	536870912	9371820032	1760083968	1073741824	33279500288	1218342912	536870912	15212797952	1784274944	1073741824	50831282176	178298880
288	1211031552	536870912	9371820032	1769947136	1073741824	33279500288	1231749120	536870912	15212797952	1765257216	1073741824	51179769856	166854656
289	1210961920	536870912	9371820032	1769820160	1073741824	33279500288	1231634432	536870912	15212797952	1765163008	1073741824	51179769856	166170624
290	1217277952	536870912	9371820032	1765556224	1073741824	33279500288	1214365696	536870912	15404806144	1772691456	1073741824	51290595328	185176064
291	1212006400	536870912	9371820032	1757347840	1073741824	33279500288	1234432000	536870912	15404806144	1793839104	1073741824	51290595328	179245056
292	1214865408	536870912	9371820032	1749934080	1073741824	33279500288	1254051840	536870912	15404806144	1813069824	1073741824	51290595328	165150720
293	1213149184	536870912	9371820032	1741078528	1073741824	33279500288	1263849472	536870912	15588265984	1793339392	1073741824	51486347264	207376384
294	1221070848	536870912	9371820032	1739456512	1073741824	33279500288	1279995904	536870912	15596605440	1800597504	1073741824	51680284672	180396032
295	1237774336	536870912	9371820032	1742680064	1073741824	33279500288	1276534784	536870912	15796551680	1781981184	1073741824	52055535616	174952448
296	1257476096	536870912	9371820032	1740394496	1073741824	33279500288	1259520000	536870912	16193822720	1804148736	1073741824	52055535616	159072256
297	1266913280	536870912	9371820032	1736478720	1073741824	33279500288	1270759424	536870912	16193822720	1775775744	1073741824	52452392960	179388416
298	1268154368	536870912	9559031808	1733660672	1073741824	33279500288	1262317568	536870912	16400384000	1791795200	1073741824	52452392960	181030912
299	1248157696	536870912	9936592896	1736347648	1073741824	33279500288	1241640960	536870912	16791613440	1807937536	1073741824	52452392960	195129344
300	1261527040	536870912	9936592896	1739583488	1073741824	33279500288	1261142016	536870912	16791613440	1792430080	1073741824	52846772224	165584896
301	1244987392	536870912	10324602880	1742118912	1073741824	33279500288	1243807744	536870912	17165996032	1807196160	1073741824	52846772224	176087040
302	1262706688	536870912	10324602880	1740288000	1073741824	33279500288	1264603136	536870912	17165996032	1775136768	1073741824	53498146816	176967680
303	1275424768	536870912	10510790656	1738002432	1073741824	33279500288	1258852352	536870912	17359904768	1792892928	1073741824	53498146816	160178176
304	1256468480	536870912	10887921664	1735831552	1073741824	33279500288	1241026560	536870912	17737224192	1809448960	1073741824	53498146816	187248640
305	1242210304	536870912	11276611584	1738870784	1073741824	33279500288	1238478848	536870912	18100043776	1790234624	1073741824	53890371584	211267584
306	1260343296	536870912	11276611584	1742680064	1073741824	33279500288	1256247296	536870912	18100043776	1768079360	1073741824	54287831040	185417728
307	1239203840	536870912	11655725056	1745604608	1073741824	33279500288	1254150144	536870912	18470240256	1784188928	1073741824	54287831040	182996992
308	1254780928	536870912	11655725056	1748783104	1073741824	33279500288	1237786624	536870912	18884370432	1778540544	1073741824	54473428992	174092288
309	1233768448	536870912	12042579968	1740951552	1073741824	33279500288	1256751104	536870912	18884370432	1799057408	1073741824	54473428992	184238080
310	1255059456	536870912	12042579968	1744371712	1073741824	33279500288	1251405824	536870912	19254702080	1793871872	1073741824	54859902976	161140736
311	1263161344	536870912	12224000000	1746993152	1073741824	33279500288	1245405184	536870912	19452301312	1772670976	1073741824	55228276736	168873984
312	1238716416	536870912	12782460928	1749106688	1073741824	33279500288	1245126656	536870912	19569258496	1787789312	1073741824	55228276736	170156032
313	1229553664	536870912	13129273344	1752109056	1073741824	33279500288	1248096256	536870912	19822395392	1777631232	1073741824	55419064320	175017984
314	1236328448	536870912	13328076800	1754652672	1073741824	33279500288	1234583552	536870912	20017696768	1752485888	1073741824	55809769472	188125184
315	1211461632	536870912	13609873408	1746612224	1073741824	33331408896	1202139136	536870912	20374089728	1734176768	1073741824	56156205056	201383936
316	1122263040	536870912	14732017664	1657618432	1073741824	34308210688	1140224000	536870912	20723437568	1663438848	1073741824	56664158208	171573248
317	1103413248	536870912	14890532864	1652473856	1073741824	34456100864	1078235136	536870912	20922630144	1636167680	1073741824	56826372096	182181888
318	1102168064	536870912	14941110272	1645826048	1073741824	34710130688	1088327680	536870912	21031149568	1646288896	1073741824	56826372096	179412992
319	1105682432	536870912	15034585088	1647661056	1073741824	34710130688	1102536704	536870912	21031149568	1630515200	1073741824	57120026624	185536512
320	1100902400	536870912	15185727488	1646780416	1073741824	34853953536	1122320384	536870912	21031149568	1647353856	1073741824	57120026624	159895552
321	1110470656	536870912	15185727488	1633861632	1073741824	34853953536	1145106432	536870912	21031149568	1657729024	1073741824	57120026624	175542272
322	1116418048	536870912	15185727488	1640800256	1073741824	34853953536	1119838208	536870912	21357531136	1661915136	1073741824	57120026624	190693376
323	1116549120	536870912	15185727488	1640927232	1073741824	34853953536	1119969280	536870912	21357531136	1662148608	1073741824	57120026624	190451712
324	1116557312	536870912	15185727488	1640841216	1073741824	34853953536	1119932416	536870912	21357531136	1662054400	1073741824	57120026624	189661184
325	1132904448	536870912	15185727488	1638838272	1073741824	34853953536	1136947200	536870912	21508386816	1651970048	1073741824	57289220096	175685632
326	1146503168	536870912	15185727488	1647493120	1073741824	34853953536	1126871040	536870912	21676765184	1655943168	1073741824	57435574272	165359616
327	1113575424	536870912	15642300416	1656483840	1073741824	34853953536	1137520640	536870912	21829251072	1670512640	1073741824	57435574272	156864512
328	1127424000	536870912	15642300416	1659404288	1073741824	34853953536	1132584960	536870912	22133448704	1649504256	1073741824	57753350144	156835840
329	1121054720	536870912	15796019200	1667125248	1073741824	34853953536	1121243136	536870912	22475644928	1628585984	1073741824	58069803008	193626112
330	1139625984	536870912	15796019200	1667411968	1073741824	34853953536	1120153600	536870912	22636326912	1641852928	1073741824	58212728832	166068224
331	1131511808	536870912	15947313152	1662148608	1073741824	35005984768	1129930752	536870912	22788296704	1652269056	1073741824	58212728832	161886208
332	1117306880	536870912	16107655168	1644036096	1073741824	35153563648	1145114624	536870912	22841335808	1662566400	1073741824	58212728832	179781632
333	1125650432	536870912	16107655168	1644494848	1073741824	35153563648	1137074176	536870912	23158837248	1675685888	1073741824	58212728832	180322304
334	1046626304	536870912	16107655168	1645867008	1073741824	35153563648	1143185408	536870912	23158837248	1680437248	1073741824	58212728832	247779328
335	1050173440	536870912	16107655168	1657991168	1073741824	35153563648	1164234752	536870912	23158837248	1703829504	1073741824	58212728832	176766976
336	1046958080	536870912	16107655168	1655193600	1073741824	35153563648	1186484224	536870912	23158837248	1721761792	1073741824	58212728832	160321536
337	1046310912	536870912	16107655168	1664774144	1073741824	35153563648	1178648576	536870912	23492435968	1698455552	1073741824	58505613312	187109376
338	1049546752	536870912	16107655168	1672929280	1073741824	35153563648	1153777664	536870912	23990890496	1700352000	1073741824	58726625280	192593920
339	1049530368	536870912	16107655168	1687285760	1073741824	35153563648	1169940480	536870912	24149200896	1688739840	1073741824	58893889536	180391936
340	1045463040	536870912	16107655168	1691275264	1073741824	35153563648	1165307904	536870912	24484990976	1708244992	1073741824	58893889536	183087104
341	1042006016	536870912	16107655168	1688739840	1073741824	35153563648	1185275904	536870912	24647688192	1700610048	1073741824	59061317632	195436544
342	1038417920	536870912	16107655168	1682198528	1073741824	35153563648	1205301248	536870912	24647688192	1720049664	1073741824	59061317632	184684544
343	1034555392	536870912	16107655168	1688944640	1073741824	35153563648	1196908544	536870912	24994152448	1735004160	1073741824	59061317632	195473408
344	1034031104	536870912	16107655168	1697296384	1073741824	35153563648	1174396928	536870912	25365282816	1753935872	1073741824	59061317632	195629056
345	1033232384	536870912	16107655168	1707671552	1073741824	35153563648	1191362560	536870912	25530028032	1737760768	1073741824	59243745280	190550016
346	1016905728	536870912	16233943040	1670959104	1073741824	35739152384	1079226368	536870912	26009325568	1667100672	1073741824	59806818304	265220096
347	966938624	536870912	16956252160	1585336320	1073741824	36371558400	988409856	536870912	26075107328	1574277120	1073741824	60519145472	260775936
348	960724992	536870912	17069334528	1581793280	1073741824	36501164032	938266624	536870912	26320834560	1568030720	1073741824	60572127232	308944896
349	960724992	536870912	17069334528	1581793280	1073741824	36501164032	938266624	536870912	26320834560	1568030720	1073741824	60572127232	307851264
350	964587520	536870912	17069334528	1600315392	1073741824	36501164032	957358080	536870912	26320834560	1586049024	1073741824	60572127232	242262016
351	966676480	536870912	17069334528	1627877376	1073741824	36501164032	982765568	536870912	26320834560	1599225856	1073741824	60572127232	177356800
352	970612736	536870912	17069334528	1594241024	1073741824	37091213312	1002590208	536870912	26320834560	1600847872	1073741824	60577050624	178499584
353	971087872	536870912	17069334528	1604927488	1073741824	37091213312	1020960768	536870912	26320834560	1585979392	1073741824	60732338176	171941888
354	968667136	536870912	17069334528	1593131008	1073741824	37359861760	1040510976	536870912	26320834560	1595846656	1073741824	60732338176	176529408
355	966836224	536870912	17069334528	1600184320	1073741824	37492568064	1063870464	536870912	26320834560	1574973440	1073741824	60865515520	188268544
356	973434880	536870912	17069334528	1613205504	1073741824	37627080704	1052971008	536870912	26456244224	1584570368	1073741824	60865515520	173854720
357	972333056	536870912	17069334528	1594245120	1073741824	37874864128	1072799744	536870912	26456244224	1591525376	1073741824	60865515520	196046848
358	974376960	536870912	17069334528	1606156288	1073741824	38009409536	1051688960	536870912	26628083712	1597788160	1073741824	60865515520	203710464
359	983875584	536870912	17069334528	1601646592	1073741824	38239309824	1071632384	536870912	26628083712	1611759616	1073741824	60865515520	169512960
360	981032960	536870912	17069334528	1617997824	1073741824	38239309824	1074364416	536870912	26777485312	1598259200	1073741824	61008191488	183689216
361	993554432	536870912	17069334528	1607278592	1073741824	38525218816	1055563776	536870912	27133984768	1604124672	1073741824	61017268224	187883520
362	999194624	536870912	17069334528	1600053248	1073741824	38671130624	1048301568	536870912	27477303296	1595367424	1073741824	61143162880	198565888
363	1002991616	536870912	17069334528	1589198848	1073741824	38812377088	1065852928	536870912	27585155072	1605984256	1073741824	61143162880	183267328
364	1006288896	536870912	17069334528	1597009920	1073741824	38946004992	1065934848	536870912	27735384064	1621078016	1073741824	61143162880	163971072
365	1010184192	536870912	17069334528	1583587328	1073741824	39092187136	1083871232	536870912	27899809792	1604976640	1073741824	61304320000	188805120
366	1014083584	536870912	17069334528	1600159744	1073741824	39092187136	1084493824	536870912	28192321536	1615630336	1073741824	61304320000	165240832
367	1012617216	536870912	17069334528	1616154624	1073741824	39092187136	1079885824	536870912	28602613760	1591500800	1073741824	61469888512	193536000
368	1022038016	536870912	17069334528	1626529792	1073741824	39092187136	1087488000	536870912	28791107584	1607368704	1073741824	61469888512	177098752
369	1020198912	536870912	17069334528	1639952384	1073741824	39092187136	1092419584	536870912	28902645760	1623265280	1073741824	61469888512	162254848
370	1028435968	536870912	17069334528	1626238976	1073741824	39235821568	1074200576	536870912	29304946688	1631723520	1073741824	61469888512	196218880
371	1028370432	536870912	17069334528	1626185728	1073741824	39235821568	1074118656	536870912	29304946688	1631633408	1073741824	61469888512	194772992
372	1030057984	536870912	17069334528	1639813120	1073741824	39235821568	1089290240	536870912	29391327232	1619300352	1073741824	61626580992	185602048
373	1032790016	536870912	17069334528	1630879744	1073741824	39540781056	1108897792	536870912	29391327232	1633296384	1073741824	61626580992	165208064
374	1040728064	536870912	17069334528	1615716352	1073741824	39830884352	1100623872	536870912	29686792192	1622142976	1073741824	61786927104	191840256
375	1044938752	536870912	17069334528	1631158272	1073741824	39830884352	1084366848	536870912	29937369088	1634684928	1073741824	61786927104	174456832
376	1036906496	536870912	17069334528	1596305408	1073741824	40007675904	1051492352	536870912	30228148224	1573576704	1073741824	62367510528	212361216
377	969228288	536870912	17927553024	1493807104	1073741824	40698998784	951631872	536870912	30773006336	1505189888	1073741824	62826872832	192753664
378	971685888	536870912	17927553024	1496842240	1073741824	40698998784	954773504	536870912	30773006336	1498120192	1073741824	62897831936	177496064
379	971575296	536870912	17927553024	1496862720	1073741824	40698998784	954798080	536870912	30773006336	1497997312	1073741824	62897831936	176640000
380	963760128	536870912	18044379136	1495429120	1073741824	40822050816	972394496	536870912	30773006336	1507631104	1073741824	62916657152	165613568
381	966205440	536870912	18044379136	1512005632	1073741824	40822050816	981061632	536870912	31110090752	1488605184	1073741824	63045607424	173260800
382	971956224	536870912	18044379136	1509748736	1073741824	40933945344	981602304	536870912	31346634752	1495994368	1073741824	63045607424	167047168
383	974196736	536870912	18044379136	1517191168	1073741824	40933945344	968073216	536870912	31553105920	1499521024	1073741824	63045607424	173711360
384	977424384	536870912	18044379136	1476710400	1073741824	40933945344	991813632	536870912	31553105920	1511849984	1073741824	63045607424	167346176
385	977891328	536870912	18044379136	1474781184	1073741824	40933945344	998977536	536870912	31798603776	1513861120	1073741824	63045607424	169463808
386	977653760	536870912	18044379136	1471918080	1073741824	40933945344	997208064	536870912	32045297664	1522421760	1073741824	63045607424	177545216
387	978894848	536870912	18044379136	1471655936	1073741824	40933945344	1002741760	536870912	32290299904	1532448768	1073741824	63045607424	164679680
388	980226048	536870912	18044379136	1470758912	1073741824	40933945344	1006112768	536870912	32532156416	1536200704	1073741824	63045607424	160813056
389	981405696	536870912	18044379136	1470173184	1073741824	40933945344	1011695616	536870912	32669442048	1534971904	1073741824	63161847808	161824768
390	977440768	536870912	18044379136	1461207040	1073741824	40933945344	1020125184	536870912	32810139648	1541111808	1073741824	63181651968	186454016
391	978612224	536870912	18044379136	1461743616	1073741824	40933945344	1025032192	536870912	33061072896	1552220160	1073741824	63181651968	172802048
392	981606400	536870912	18044379136	1466081280	1073741824	40933945344	1021865984	536870912	33336963072	1535336448	1073741824	63327571968	178307072
393	982007808	536870912	18044379136	1465749504	1073741824	40933945344	1018585088	536870912	33592459264	1546051584	1073741824	63327571968	175296512
394	1003053056	536870912	18044379136	1466519552	1073741824	40933945344	984223744	536870912	33872654336	1554407424	1073741824	63327571968	184225792
395	1018294272	536870912	18332205056	1455091712	1073741824	40933945344	1010544640	536870912	33872654336	1536610304	1073741824	63456313344	199155712
396	1022763008	536870912	18631778304	1454612480	1073741824	40933945344	961024000	536870912	34057244672	1544507392	1073741824	63456313344	240529408
397	1043148800	536870912	18760577024	1455702016	1073741824	40933945344	992456704	536870912	34057244672	1564381184	1073741824	63456313344	168898560
398	1040015360	536870912	18989215744	1454772224	1073741824	40933945344	1016815616	536870912	34057244672	1554714624	1073741824	63595532288	164872192
399	1028804608	536870912	19235532800	1452339200	1073741824	40933945344	1041215488	536870912	34057244672	1566650368	1073741824	63595532288	183783424
400	1043222528	536870912	19362361344	1457123328	1073741824	40933945344	1005350912	536870912	34202112000	1580802048	1073741824	63595532288	190357504
401	1056600064	536870912	19490717696	1463910400	1073741824	40933945344	1028890624	536870912	34202112000	1567322112	1073741824	63751413760	164175872
402	1045401600	536870912	19847577600	1463476224	1073741824	40933945344	1020035072	536870912	34336608256	1581748224	1073741824	63751413760	202448896
403	1062936576	536870912	19847577600	1473126400	1073741824	40933945344	1032249344	536870912	34468077568	1574850560	1073741824	63886704640	172085248
404	1047998464	536870912	20265570304	1485025280	1073741824	40933945344	1049935872	536870912	34468077568	1563238400	1073741824	64029237248	163139584
405	1054121984	536870912	20404314112	1493659648	1073741824	40933945344	1040482304	536870912	34621243392	1561067520	1073741824	64159191040	162123776
406	1040039936	536870912	20688482304	1495707648	1073741824	40933945344	1019629568	536870912	34885791744	1567113216	1073741824	64159191040	176930816
407	1025531904	536870912	21080772608	1506050048	1073741824	40933945344	1027497984	536870912	35010375680	1576419328	1073741824	64159191040	169824256
408	1040318464	536870912	21080772608	1508732928	1073741824	40933945344	1042288640	536870912	35010375680	1587474432	1073741824	64159191040	1462534144
409	1057927168	536870912	21080772608	1527394304	1073741824	40933945344	1060208640	536870912	35010375680	1599561728	1073741824	64159191040	2835587072
410	1072877568	536870912	21080772608	1537466368	1073741824	40933945344	1076191232	536870912	35010375680	1611681792	1073741824	64159191040	4157825024
411	1080991744	536870912	21080772608	1542365184	1073741824	40933945344	1084182528	536870912	35010375680	1617686528	1073741824	64159191040	5445943296
412	1081036800	536870912	21080772608	1542352896	1073741824	40933945344	1084190720	536870912	35010375680	1617764352	1073741824	64159191040	7697965056
413	1081233408	536870912	21080772608	1542283264	1073741824	40933945344	1084215296	536870912	35010375680	1617842176	1073741824	64159191040	7697383424
414	1088012288	536870912	21080772608	1544908800	1073741824	40933945344	1093562368	536870912	35010375680	1624858624	1073741824	64159191040	7671136256
415	1107456000	536870912	21080772608	1552117760	1073741824	40933945344	1113739264	536870912	35010375680	1641734144	1073741824	64159191040	7600238592
416	1130205184	536870912	21080772608	1566932992	1073741824	40933945344	1138077696	536870912	35010375680	1657221120	1073741824	64159191040	7514718208
417	1154179072	536870912	21080772608	1573191680	1073741824	40933945344	1164959744	536870912	35010375680	1662377984	1073741824	64159191040	7446904832
418	1179070464	536870912	21080772608	1577590784	1073741824	40933945344	1192382464	536870912	35010375680	1664376832	1073741824	64159191040	7382585344
419	1204613120	536870912	21080772608	1582034944	1073741824	40933945344	1222410240	536870912	35010375680	1669718016	1073741824	64159191040	7311601664
420	1229697024	536870912	21080772608	1585967104	1073741824	40933945344	1248100352	536870912	35010375680	1674235904	1073741824	64159191040	7249113088
421	1247387648	536870912	21080772608	1588244480	1073741824	40933945344	1272369152	536870912	35010375680	1678934016	1073741824	64159191040	7197884416
422	1274908672	536870912	21080772608	1592360960	1073741824	40933945344	1299701760	536870912	35010375680	1684070400	1073741824	64159191040	7131725824
423	1299931136	536870912	21080772608	1595904000	1073741824	40933945344	1323925504	536870912	35010375680	1688752128	1073741824	64159191040	7071911936
424	1322463232	536870912	21080772608	1598443520	1073741824	40933945344	1345388544	536870912	35010375680	1693655040	1073741824	64159191040	7017377792
425	1335508992	536870912	21080772608	1600589824	1073741824	40933945344	1360506880	536870912	35010375680	1696366592	1073741824	64159191040	6982459392
426	1335439360	536870912	21080772608	1600446464	1073741824	40933945344	1360384000	536870912	35010375680	1696247808	1073741824	64159191040	6982860800
427	1337720832	536870912	21080772608	1603043328	1073741824	40933945344	1379049472	536870912	35010375680	1699102720	1073741824	64159191040	6955827200
428	1340829696	536870912	21080772608	1606889472	1073741824	40933945344	1406836736	536870912	35010375680	1703616512	1073741824	64159191040	6915284992
429	1343705088	536870912	21080772608	1610104832	1073741824	40933945344	1437093888	536870912	35010375680	1709178880	1073741824	64159191040	6872485888
430	1346428928	536870912	21080772608	1614561280	1073741824	40933945344	1466380288	536870912	35010375680	1713553408	1073741824	64159191040	6832332800
431	1348853760	536870912	21080772608	1619013632	1073741824	40933945344	1495216128	536870912	35010375680	1718669312	1073741824	64159191040	6791049216
432	1350987776	536870912	21080772608	1621983232	1073741824	40933945344	1518022656	536870912	35010375680	1723797504	1073741824	64159191040	6757691392
433	1350885376	536870912	21080772608	1621848064	1073741824	40933945344	1518010368	536870912	35010375680	1723703296	1073741824	64159191040	6755258368
434	1350885376	536870912	21080772608	1621848064	1073741824	40933945344	1518010368	536870912	35010375680	1723703296	1073741824	64159191040	6754721792
435	1352638464	536870912	21080772608	1624788992	1073741824	40933945344	1527074816	536870912	35010375680	1727221760	1073741824	64159191040	6739513344
436	1354829824	536870912	21080772608	1628184576	1073741824	40933945344	1539043328	536870912	35010375680	1730949120	1073741824	64159191040	6717423616
437	1355669504	536870912	21080772608	1629884416	1073741824	40933945344	1544245248	536870912	35010375680	1733181440	1073741824	64159191040	6702903296
438	1381629952	536870912	21080772608	1633382400	1073741824	40933945344	1555218432	536870912	35010375680	1737740288	1073741824	64159191040	6657593344
439	1408978944	536870912	21080772608	1636937728	1073741824	40933945344	1565966336	536870912	35010375680	1742503936	1073741824	64159191040	6610497536
440	1434714112	536870912	21080772608	1639649280	1073741824	40933945344	1574952960	536870912	35010375680	1746563072	1073741824	64159191040	6568787968
441	1463173120	536870912	21080772608	1639849984	1073741824	40933945344	1583661056	536870912	35010375680	1750536192	1073741824	64159191040	6529257472
442	1494781952	536870912	21080772608	1639751680	1073741824	40933945344	1590263808	536870912	35010375680	1752285184	1073741824	64159191040	6498361344
443	1520726016	536870912	21080772608	1639751680	1073741824	40933945344	1598881792	536870912	35010375680	1755287552	1073741824	64159191040	6462525440
444	1558376448	536870912	21080772608	1670414336	1073741824	40933945344	1607106560	536870912	35010375680	1757114368	1073741824	64159191040	6386049024
445	1593946112	536870912	21080772608	1696473088	1073741824	40933945344	1616654336	536870912	35010375680	1759875072	1073741824	64159191040	6313521152
446	1625001984	536870912	21080772608	1696473088	1073741824	40933945344	1627029504	536870912	35010375680	1762648064	1073741824	64159191040	6268862464
447	1644756992	536870912	21080772608	1700290560	1073741824	40933945344	1632194560	536870912	35010375680	1764065280	1073741824	64159191040	6239846400
448	1644695552	536870912	21080772608	1700421632	1073741824	40933945344	1632174080	536870912	35010375680	1764052992	1073741824	64159191040	6238375936
449	1644695552	536870912	21080772608	1700306944	1073741824	40933945344	1632182272	536870912	35010375680	1764052992	1073741824	64159191040	6238384128
450	1644695552	536870912	21080772608	1700306944	1073741824	40933945344	1632182272	536870912	35010375680	1764052992	1073741824	64159191040	6238568448
451	0	536870912	21080772608	1716432896	1073741824	40933945344	1640443904	536870912	35010375680	1766215680	1073741824	64159191040	7029243904
452	0	536870912	21080772608	1732616192	1073741824	40933945344	1650376704	536870912	35010375680	1769529344	1073741824	64159191040	7001059328
453	0	536870912	21080772608	1742712832	1073741824	40933945344	1658765312	536870912	35010375680	1770446848	1073741824	64159191040	6982037504
454	0	536870912	21080772608	1751756800	1073741824	40933945344	1663008768	536870912	35010375680	1770909696	1073741824	64159191040	6969425920
455	0	536870912	21080772608	1755930624	1073741824	40933945344	1669038080	536870912	35010375680	1771274240	1073741824	64159191040	6960766976
456	0	536870912	21080772608	1759797248	1073741824	40933945344	1675460608	536870912	35010375680	1771524096	1073741824	64159191040	6950985728
457	0	536870912	21080772608	1765486592	1073741824	40933945344	1683066880	536870912	35010375680	1771900928	1073741824	64159191040	6939430912
458	0	536870912	21080772608	1773789184	1073741824	40933945344	1690324992	536870912	35010375680	1772240896	1073741824	64159191040	6925307904
459	0	536870912	21080772608	1778466816	1073741824	40933945344	1693663232	536870912	35010375680	1772711936	1073741824	64159191040	6918008832
460	0	536870912	21080772608	1783709696	1073741824	40933945344	1699901440	536870912	35010375680	1772851200	1073741824	64159191040	6908231680
461	0	536870912	21080772608	0	1073741824	40933945344	1708900352	536870912	35010375680	1773174784	1073741824	64159191040	8075071488
462	0	536870912	21080772608	0	1073741824	40933945344	841256960	536870912	35010375680	1773776896	1073741824	64159191040	8971583488
463	0	536870912	21080772608	0	1073741824	40933945344	850083840	536870912	35010375680	1774145536	1073741824	64159191040	8964145152
464	0	536870912	21080772608	0	1073741824	40933945344	858865664	536870912	35010375680	1775579136	1073741824	64159191040	8954626048
465	0	536870912	21080772608	0	1073741824	40933945344	867123200	536870912	35010375680	1778384896	1073741824	64159191040	8942673920
466	0	536870912	21080772608	0	1073741824	40933945344	875773952	536870912	35010375680	1781579776	1073741824	64159191040	8931393536
467	0	536870912	21080772608	0	1073741824	40933945344	884424704	536870912	35010375680	1783943168	1073741824	64159191040	8921452544
468	0	536870912	21080772608	0	1073741824	40933945344	893714432	536870912	35010375680	1786839040	1073741824	64159191040	8921190400
469	0	536870912	21080772608	0	1073741824	40933945344	903282688	536870912	35010375680	1789984768	1073741824	64159191040	8908677120
470	0	536870912	21080772608	0	1073741824	40933945344	912863232	536870912	35010375680	1793142784	1073741824	64159191040	8896241664
471	0	536870912	21080772608	0	1073741824	40933945344	887062528	536870912	35010375680	1796366336	1073741824	64159191040	8926924800
472	0	536870912	21080772608	0	1073741824	40933945344	0	536870912	35010375680	960978944	1073741824	64159191040	10902446080
473	0	536870912	21080772608	0	1073741824	40933945344	0	536870912	35010375680	964509696	1073741824	64159191040	10897780736
474	0	536870912	21080772608	0	1073741824	40933945344	0	536870912	35010375680	967454720	1073741824	64159191040	10894913536
475	0	536870912	21080772608	0	1073741824	40933945344	0	536870912	35010375680	971714560	1073741824	64159191040	10890248192
476	0	536870912	21080772608	0	1073741824	40933945344	0	536870912	35010375680	975908864	1073741824	64159191040	10884808704
477	0	536870912	21080772608	0	1073741824	40933945344	0	536870912	35010375680	978923520	1073741824	64159191040	10881228800
478	0	536870912	21080772608	0	1073741824	40933945344	0	536870912	35010375680	983117824	1073741824	64159191040	10876456960
479	0	536870912	21080772608	0	1073741824	40933945344	0	536870912	35010375680	986828800	1073741824	64159191040	10873487360
480	0	536870912	21080772608	0	1073741824	40933945344	0	536870912	35010375680	990892032	1073741824	64159191040	10868789248
481	0	536870912	21080772608	0	1073741824	40933945344	0	536870912	35010375680	993783808	1073741824	64159191040	10864959488
