1	827645952	2147483648	0	1717669888	4294967296	0	1329733632	2147483648	0	3493638144	4294967296	0	363438080
2	827645952	2147483648	0	1717669888	4294967296	0	1329770496	2147483648	0	3493638144	4294967296	0	362049536
3	827645952	2147483648	0	1717669888	4294967296	0	1330069504	2147483648	0	3495743488	4294967296	0	360177664
4	827740160	2147483648	0	1718046720	4294967296	0	1330012160	2147483648	0	3495776256	4294967296	0	359251968
5	828022784	2147483648	0	1722757120	4294967296	0	1329922048	2147483648	0	3495784448	4294967296	0	356368384
6	858939392	2147483648	0	1752834048	4294967296	0	1329942528	2147483648	0	3495784448	4294967296	0	296636416
7	892653568	2147483648	0	1753063424	4294967296	0	1330102272	2147483648	0	3495784448	4294967296	0	260268032
8	898027520	2147483648	0	1753391104	4294967296	0	1330003968	2147483648	0	3495784448	4294967296	0	254509056
9	898215936	2147483648	0	1753509888	4294967296	0	1330167808	2147483648	0	3495784448	4294967296	0	251731968
10	898441216	2147483648	0	1754021888	4294967296	0	1330085888	2147483648	0	3524730880	4294967296	0	221134848
11	897380352	2147483648	0	1748951040	4294967296	0	1394847744	2147483648	0	3529355264	4294967296	0	168767488
12	895586304	2147483648	0	1741713408	4294967296	0	1422315520	2147483648	0	3519541248	4294967296	0	177790976
13	894152704	2147483648	0	1735053312	4294967296	0	1451962368	2147483648	0	3512700928	4294967296	0	182575104
14	893091840	2147483648	0	1731522560	4294967296	0	1482072064	2147483648	0	3521884160	4294967296	0	161390592
15	891695104	2147483648	0	1724108800	4294967296	0	1513144320	2147483648	0	3509108736	4294967296	0	171950080
16	890400768	2147483648	0	1718452224	4294967296	0	1541308416	2147483648	0	3501858816	4294967296	0	177795072
17	889077760	2147483648	0	1712029696	4294967296	0	1576337408	2147483648	0	3494850560	4294967296	0	177598464
18	887820288	2147483648	0	1706647552	4294967296	0	1608171520	2147483648	0	3493629952	4294967296	0	171814912
19	886673408	2147483648	0	1701445632	4294967296	0	1637662720	2147483648	0	3489415168	4294967296	0	171638784
20	884953088	2147483648	0	1725505536	4294967296	0	1661562880	2147483648	0	3469312000	4294967296	0	170504192
21	882749440	2147483648	0	1750736896	4294967296	0	1675145216	2147483648	0	3443888128	4294967296	0	189644800
22	882106368	2147483648	0	1744654336	4294967296	0	1703542784	2147483648	0	3454476288	4294967296	0	170409984
23	880889856	2147483648	0	1737596928	4294967296	0	1729314816	2147483648	0	3454930944	4294967296	0	173277184
24	879685632	2147483648	0	1730195456	4294967296	0	1756368896	2147483648	0	3454746624	4294967296	0	177754112
25	878989312	2147483648	0	1726779392	4294967296	0	1782972416	2147483648	0	3458727936	4294967296	0	169082880
26	877215744	2147483648	0	1774596096	4294967296	0	1791741952	2147483648	0	3432263680	4294967296	0	171675648
27	877555712	2147483648	0	1771962368	4294967296	0	1804529664	2147483648	0	3433857024	4294967296	0	175923200
28	877076480	2147483648	0	1764462592	4294967296	0	1827942400	2147483648	0	3451068416	4294967296	0	161153024
29	876036096	2147483648	0	1754251264	4294967296	0	1843281920	2147483648	0	3450269696	4294967296	0	174833664
30	875532288	2147483648	0	1746640896	4294967296	0	1864888320	2147483648	0	3458445312	4294967296	0	174379008
31	875159552	2147483648	0	1739771904	4294967296	0	1886576640	2147483648	0	3463139328	4294967296	0	174448640
32	878206976	2147483648	0	1733156864	4294967296	0	1910829056	2147483648	0	3465781248	4294967296	0	169226240
33	884121600	2147483648	0	1727774720	4294967296	0	1918750720	2147483648	0	3470151680	4294967296	0	173760512
34	883838976	2147483648	0	1723961344	4294967296	0	1923497984	2147483648	0	3482468352	4294967296	0	172773376
35	883105792	2147483648	0	1718804480	4294967296	0	1937514496	2147483648	0	3493609472	4294967296	0	168632320
36	882384896	2147483648	0	1713602560	4294967296	0	1955897344	2147483648	0	3493994496	4294967296	0	171274240
37	887119872	2147483648	0	1709412352	4294967296	0	1961381888	2147483648	0	3499544576	4294967296	0	172281856
38	891420672	2147483648	0	1709531136	4294967296	0	1519702016	2147483648	0	3534311424	4294967296	0	582086656
39	896352256	2147483648	0	1710010368	4294967296	0	1519616000	2147483648	0	3574231040	4294967296	0	536715264
40	897445888	2147483648	0	1710891008	4294967296	0	1519796224	2147483648	0	3619897344	4294967296	0	489177088
41	898420736	2147483648	0	1711476736	4294967296	0	1519824896	2147483648	0	3662176256	4294967296	0	445550592
42	899457024	2147483648	0	1712070656	4294967296	0	1519865856	2147483648	0	3708665856	4294967296	0	396406784
43	900820992	2147483648	0	1712492544	4294967296	0	1519910912	2147483648	0	3760017408	4294967296	0	342700032
44	901865472	2147483648	0	1713270784	4294967296	0	1519960064	2147483648	0	3810828288	4294967296	0	290803712
45	902868992	2147483648	0	1714323456	4294967296	0	1520037888	2147483648	0	3860701184	4294967296	0	238645248
46	903892992	2147483648	0	1715761152	4294967296	0	1520082944	2147483648	0	3909763072	4294967296	0	186781696
47	903995392	2147483648	0	1714978816	4294967296	0	1515130880	2147483648	0	3924082688	4294967296	0	181116928
48	904544256	2147483648	0	1713405952	4294967296	0	1510277120	2147483648	0	3939020800	4294967296	0	176574464
49	905089024	2147483648	0	1711865856	4294967296	0	1505488896	2147483648	0	3955638272	4294967296	0	170143744
50	905502720	2147483648	0	1711173632	4294967296	0	1500774400	2147483648	0	3971911680	4294967296	0	166039552
51	905068544	2147483648	0	1709211648	4294967296	0	1491484672	2147483648	0	3979567104	4294967296	0	180297728
52	905478144	2147483648	0	1708515328	4294967296	0	1486966784	2147483648	0	4001439744	4294967296	0	168816640
53	904843264	2147483648	0	1706496000	4294967296	0	1477980160	2147483648	0	4008443904	4294967296	0	179888128
54	905347072	2147483648	0	1706225664	4294967296	0	1473794048	2147483648	0	4032032768	4294967296	0	167141376
55	905089024	2147483648	0	1705754624	4294967296	0	1465364480	2147483648	0	4042018816	4294967296	0	174370816
56	905867264	2147483648	0	1707991040	4294967296	0	1461280768	2147483648	0	4043382784	4294967296	0	177168384
57	907165696	2147483648	0	1709563904	4294967296	0	1461194752	2147483648	0	3570302976	4294967296	0	646836224
58	908333056	2147483648	0	1722019840	4294967296	0	1461329920	2147483648	0	3274444800	4294967296	0	932651008
59	909369344	2147483648	0	1734627328	4294967296	0	1461387264	2147483648	0	3274596352	4294967296	0	919396352
60	910798848	2147483648	0	1752862720	4294967296	0	1461424128	2147483648	0	3274485760	4294967296	0	900542464
61	912072704	2147483648	0	1766838272	4294967296	0	1461452800	2147483648	0	3274485760	4294967296	0	885407744
62	913223680	2147483648	0	1780334592	4294967296	0	1461350400	2147483648	0	3274485760	4294967296	0	870281216
63	914620416	2147483648	0	1795407872	4294967296	0	1461510144	2147483648	0	3274485760	4294967296	0	852938752
64	915828736	2147483648	0	1811595264	4294967296	0	1463504896	2147483648	0	3274485760	4294967296	0	833736704
65	916987904	2147483648	0	1829113856	4294967296	0	1463656448	2147483648	0	3274485760	4294967296	0	815128576
66	918142976	2147483648	0	1844887552	4294967296	0	1463537664	2147483648	0	3274485760	4294967296	0	797769728
67	919310336	2147483648	0	1848782848	4294967296	0	1463537664	2147483648	0	3274485760	4294967296	0	792555520
68	920477696	2147483648	0	1865453568	4294967296	0	1463537664	2147483648	0	3274485760	4294967296	0	773795840
69	994914304	2147483648	0	1881952256	4294967296	0	1463537664	2147483648	0	3274485760	4294967296	0	683397120
70	1049341952	2147483648	0	1900888064	4294967296	0	1463537664	2147483648	0	3274485760	4294967296	0	610033664
71	1091268608	2147483648	0	1906229248	4294967296	0	1463537664	2147483648	0	3274485760	4294967296	0	562143232
72	1145257984	2147483648	0	1917313024	4294967296	0	1463537664	2147483648	0	3274485760	4294967296	0	497668096
73	1183649792	2147483648	0	1925136384	4294967296	0	1463537664	2147483648	0	3274485760	4294967296	0	449933312
74	1211162624	2147483648	0	1925648384	4294967296	0	1463537664	2147483648	0	3274485760	4294967296	0	420728832
75	1249947648	2147483648	0	1926287360	4294967296	0	1463537664	2147483648	0	3274485760	4294967296	0	380276736
76	1312833536	2147483648	0	1927024640	4294967296	0	1463537664	2147483648	0	3274485760	4294967296	0	314761216
77	1354739712	2147483648	0	1927020544	4294967296	0	1463558144	2147483648	0	3274485760	4294967296	0	270688256
78	1356161024	2147483648	0	1927020544	4294967296	0	1463570432	2147483648	0	3274485760	4294967296	0	269459456
79	1357721600	2147483648	0	1927020544	4294967296	0	1463570432	2147483648	0	3274485760	4294967296	0	268402688
80	1359020032	2147483648	0	1927282688	4294967296	0	1463570432	2147483648	0	3274485760	4294967296	0	267157504
81	1360187392	2147483648	0	1928015872	4294967296	0	1463570432	2147483648	0	3274485760	4294967296	0	263757824
82	1361358848	2147483648	0	1928716288	4294967296	0	1463570432	2147483648	0	3274485760	4294967296	0	262885376
83	1362472960	2147483648	0	1929949184	4294967296	0	1463570432	2147483648	0	3274485760	4294967296	0	260128768
84	1363705856	2147483648	0	1931284480	4294967296	0	1463570432	2147483648	0	3274485760	4294967296	0	257232896
85	1364889600	2147483648	0	1932500992	4294967296	0	1463570432	2147483648	0	3274485760	4294967296	0	255193088
86	1374429184	2147483648	0	1934082048	4294967296	0	1463570432	2147483648	0	3274485760	4294967296	0	243302400
87	1382354944	2147483648	0	1935290368	4294967296	0	1463570432	2147483648	0	3274485760	4294967296	0	233529344
88	1392795648	2147483648	0	1936605184	4294967296	0	1463570432	2147483648	0	3274485760	4294967296	0	221011968
89	1394036736	2147483648	0	1975521280	4294967296	0	1463570432	2147483648	0	3274485760	4294967296	0	179589120
90	1378516992	2147483648	0	2036809728	4294967296	0	1454981120	2147483648	0	3245490176	4294967296	0	178941952
91	1366990848	2147483648	0	2088296448	4294967296	0	1448525824	2147483648	0	3223613440	4294967296	0	172068864
92	1356832768	2147483648	0	2126594048	4294967296	0	1442803712	2147483648	0	3206426624	4294967296	0	171003904
93	1340977152	2147483648	0	2191261696	4294967296	0	1434009600	2147483648	0	3176443904	4294967296	0	169164800
94	1335230464	2147483648	0	2211192832	4294967296	0	1430667264	2147483648	0	3165011968	4294967296	0	172097536
95	1336479744	2147483648	0	2211602432	4294967296	0	1430667264	2147483648	0	3165011968	4294967296	0	170131456
96	1337729024	2147483648	0	2211926016	4294967296	0	1430667264	2147483648	0	3165011968	4294967296	0	167997440
97	1339068416	2147483648	0	2213269504	4294967296	0	1430667264	2147483648	0	3165011968	4294967296	0	165183488
98	1340477440	2147483648	0	2214465536	4294967296	0	1430667264	2147483648	0	3165011968	4294967296	0	162320384
99	1320550400	2147483648	0	2189115392	4294967296	0	1496920064	2147483648	0	3129360384	4294967296	0	186056704
100	1314852864	2147483648	0	2181296128	4294967296	0	1544466432	2147483648	0	3117842432	4294967296	0	166711296
101	1303707648	2147483648	0	2166497280	4294967296	0	1579798528	2147483648	0	3097337856	4294967296	0	168988672
102	1296396288	2147483648	0	2156744704	4294967296	0	1613426688	2147483648	0	3083649024	4294967296	0	623669248
103	1297412096	2147483648	0	2157711360	4294967296	0	1660436480	2147483648	0	3083649024	4294967296	0	2982256640
104	1298542592	2147483648	0	2158538752	4294967296	0	1706811392	2147483648	0	3083649024	4294967296	0	5328908288
105	1299595264	2147483648	0	2159632384	4294967296	0	1753575424	2147483648	0	3083649024	4294967296	0	5281148928
106	1300414464	2147483648	0	2160410624	4294967296	0	1795461120	2147483648	0	3083649024	4294967296	0	5237194752
107	1301233664	2147483648	0	2161266688	4294967296	0	1839845376	2147483648	0	3083649024	4294967296	0	5190201344
108	1302138880	2147483648	0	2162200576	4294967296	0	1882619904	2147483648	0	3083649024	4294967296	0	5144842240
109	1302994944	2147483648	0	2168844288	4294967296	0	1922736128	2147483648	0	3083649024	4294967296	0	5095571456
110	1303810048	2147483648	0	2182119424	4294967296	0	1966616576	2147483648	0	3083649024	4294967296	0	5037682688
111	1304838144	2147483648	0	2186878976	4294967296	0	2013347840	2147483648	0	3083649024	4294967296	0	4982636544
112	1305944064	2147483648	0	2203213824	4294967296	0	2056159232	2147483648	0	3083649024	4294967296	0	4920905728
113	1307062272	2147483648	0	2218188800	4294967296	0	2096451584	2147483648	0	3083649024	4294967296	0	4863713280
114	1308065792	2147483648	0	2234273792	4294967296	0	2133909504	2147483648	0	3083649024	4294967296	0	4807696384
115	1309577216	2147483648	0	2250113024	4294967296	0	2147471360	2147483648	0	3083649024	4294967296	0	4776013824
116	1310642176	2147483648	0	2266607616	4294967296	0	2147479552	2147483648	0	3083649024	4294967296	0	4759384064
117	1311703040	2147483648	0	2276089856	4294967296	0	2147483648	2147483648	0	3083649024	4294967296	0	4748083200
118	1312645120	2147483648	0	2280701952	4294967296	0	2147475456	2147483648	0	3121893376	4294967296	0	4699344896
119	1313947648	2147483648	0	2295439360	4294967296	0	2147352576	2147483648	0	3157204992	4294967296	0	4646920192
120	1314906112	2147483648	0	2310705152	4294967296	0	2147352576	2147483648	0	3197685760	4294967296	0	4589961216
121	1315586048	2147483648	0	2322165760	4294967296	0	2147377152	2147483648	0	3234893824	4294967296	0	4539088896
122	1316179968	2147483648	0	2335223808	4294967296	0	2147483648	2147483648	0	3274612736	4294967296	0	4485451776
123	1317232640	2147483648	0	2346176512	4294967296	0	2147422208	2147483648	0	3320295424	4294967296	0	4427472896
124	1318305792	2147483648	0	2346070016	4294967296	0	2147336192	2147483648	0	3369746432	4294967296	0	4374781952
125	1319665664	2147483648	0	2346070016	4294967296	0	2147332096	2147483648	0	3422412800	4294967296	0	4321255424
126	1320366080	2147483648	0	2356412416	4294967296	0	1708912640	2147483648	0	3456180224	4294967296	0	4716703744
127	1321885696	2147483648	0	2367733760	4294967296	0	1708912640	2147483648	0	3507040256	4294967296	0	4651806720
128	1323450368	2147483648	0	2367664128	4294967296	0	1708912640	2147483648	0	3567120384	4294967296	0	4588933120
129	1325006848	2147483648	0	2367791104	4294967296	0	1708912640	2147483648	0	3624660992	4294967296	0	4529864704
130	1326166016	2147483648	0	2375802880	4294967296	0	1708912640	2147483648	0	3677200384	4294967296	0	4466778112
131	1327091712	2147483648	0	2387906560	4294967296	0	1708912640	2147483648	0	3728318464	4294967296	0	4401229824
132	1327755264	2147483648	0	2401902592	4294967296	0	1708912640	2147483648	0	3769384960	4294967296	0	4338163712
133	1328484352	2147483648	0	2408656896	4294967296	0	1708912640	2147483648	0	3801903104	4294967296	0	3254030336
134	1329258496	2147483648	0	2418421760	4294967296	0	1708912640	2147483648	0	3845431296	4294967296	0	3198345216
135	1330765824	2147483648	0	2428002304	4294967296	0	1708912640	2147483648	0	3888041984	4294967296	0	3144261632
136	1332441088	2147483648	0	2430181376	4294967296	0	1708912640	2147483648	0	3931004928	4294967296	0	3096457216
137	1334345728	2147483648	0	2431238144	4294967296	0	1708912640	2147483648	0	3975872512	4294967296	0	3048316928
138	1336074240	2147483648	0	2432339968	4294967296	0	1708912640	2147483648	0	4021354496	4294967296	0	2998652928
139	1337602048	2147483648	0	2433343488	4294967296	0	1708912640	2147483648	0	4064075776	4294967296	0	2952552448
140	1339199488	2147483648	0	2434347008	4294967296	0	1708912640	2147483648	0	4107722752	4294967296	0	2905366528
141	1340551168	2147483648	0	2435174400	4294967296	0	1708912640	2147483648	0	4148240384	4294967296	0	2860986368
142	1352257536	2147483648	0	2436112384	4294967296	0	1708912640	2147483648	0	4186456064	4294967296	0	2809667584
143	1385820160	2147483648	0	2436923392	4294967296	0	1708912640	2147483648	0	4224147456	4294967296	0	2734690304
144	1406746624	2147483648	0	2437824512	4294967296	0	1708912640	2147483648	0	4259852288	4294967296	0	2675773440
145	1462546432	2147483648	0	2438746112	4294967296	0	1708912640	2147483648	0	4294926336	4294967296	0	2582532096
146	1509064704	2147483648	0	2439503872	4294967296	0	1708912640	2147483648	0	4294946816	4294967296	0	2533695488
147	1547718656	2147483648	0	2440171520	4294967296	0	1708912640	2147483648	0	4294926336	4294967296	0	2494087168
148	1608261632	2147483648	0	2441232384	4294967296	0	1708912640	2147483648	0	4294938624	4294967296	0	2431049728
149	1645998080	2147483648	0	2441990144	4294967296	0	1708912640	2147483648	0	4294967296	4294967296	0	2391707648
150	1652772864	2147483648	0	2442952704	4294967296	0	1708912640	2147483648	0	4294930432	4294967296	0	2384330752
151	1674625024	2147483648	0	2443595776	4294967296	0	1708912640	2147483648	0	4294963200	4294967296	0	2361864192
152	1676341248	2147483648	0	2444197888	4294967296	0	1708912640	2147483648	0	4294930432	4294967296	0	2358505472
153	1687801856	2147483648	0	2445053952	4294967296	0	1711009792	2147483648	0	4294930432	4294967296	0	2343616512
154	1737072640	2147483648	0	2446061568	4294967296	0	1711009792	2147483648	0	4294934528	4294967296	0	2291982336
155	1785032704	2147483648	0	2446831616	4294967296	0	1711009792	2147483648	0	4294934528	4294967296	0	2242580480
156	1838473216	2147483648	0	2447839232	4294967296	0	1711009792	2147483648	0	4294934528	4294967296	0	2187165696
157	1855803392	2147483648	0	2448818176	4294967296	0	1711009792	2147483648	0	4294934528	4294967296	0	2168025088
158	1856872448	2147483648	0	2449604608	4294967296	0	1711009792	2147483648	0	4294963200	4294967296	0	2166575104
159	1808138240	2147483648	0	2450653184	4294967296	0	1711009792	2147483648	0	4294836224	4294967296	0	2212962304
160	1809477632	2147483648	0	2493386752	4294967296	0	1711009792	2147483648	0	4294938624	4294967296	0	2170937344
161	1810644992	2147483648	0	2549370880	4294967296	0	1711009792	2147483648	0	4294938624	4294967296	0	2112819200
162	1811693568	2147483648	0	2596220928	4294967296	0	1711009792	2147483648	0	4294938624	4294967296	0	2062094336
163	1812271104	2147483648	0	2648350720	4294967296	0	1711009792	2147483648	0	4294938624	4294967296	0	1476657152
164	1812824064	2147483648	0	2674769920	4294967296	0	1711009792	2147483648	0	4294938624	4294967296	0	1449967616
165	1813577728	2147483648	0	2682597376	4294967296	0	1711009792	2147483648	0	4294946816	4294967296	0	1440165888
166	1814568960	2147483648	0	2692255744	4294967296	0	1711009792	2147483648	0	4294938624	4294967296	0	1430614016
167	1815699456	2147483648	0	2702348288	4294967296	0	1711009792	2147483648	0	4294950912	4294967296	0	1419911168
168	1816973312	2147483648	0	2706980864	4294967296	0	1711009792	2147483648	0	4294938624	4294967296	0	1412947968
169	1818140672	2147483648	0	2713591808	4294967296	0	1711009792	2147483648	0	4294942720	4294967296	0	1404628992
170	1835298816	2147483648	0	2720653312	4294967296	0	1711009792	2147483648	0	4294942720	4294967296	0	1380409344
171	1850892288	2147483648	0	2727112704	4294967296	0	1711009792	2147483648	0	4294942720	4294967296	0	1356845056
172	1854472192	2147483648	0	2730414080	4294967296	0	1711009792	2147483648	0	4294942720	4294967296	0	1350561792
173	1869709312	2147483648	0	2743222272	4294967296	0	1711009792	2147483648	0	4277616640	4294967296	0	1341636608
174	1879744512	2147483648	0	2786152448	4294967296	0	1711009792	2147483648	0	3432341504	4294967296	0	2138189824
175	1883901952	2147483648	0	2846855168	4294967296	0	1711009792	2147483648	0	3432341504	4294967296	0	2071826432
176	1884925952	2147483648	0	2903621632	4294967296	0	1711009792	2147483648	0	3432341504	4294967296	0	2010890240
177	1885888512	2147483648	0	2904641536	4294967296	0	1711009792	2147483648	0	3432341504	4294967296	0	2008862720
178	1887006720	2147483648	0	2905706496	4294967296	0	1711009792	2147483648	0	3432341504	4294967296	0	2007162880
179	1888174080	2147483648	0	2906914816	4294967296	0	1711009792	2147483648	0	3432341504	4294967296	0	2004041728
180	1889472512	2147483648	0	2908053504	4294967296	0	1711009792	2147483648	0	3432341504	4294967296	0	2001043456
181	1890885632	2147483648	0	2909298688	4294967296	0	1711009792	2147483648	0	3432341504	4294967296	0	1999077376
182	1892327424	2147483648	0	2910400512	4294967296	0	1711009792	2147483648	0	3432341504	4294967296	0	1996197888
183	1893199872	2147483648	0	2855051264	4294967296	0	1711009792	2147483648	0	3432341504	4294967296	0	2049662976
184	1894490112	2147483648	0	2856288256	4294967296	0	1711009792	2147483648	0	3432341504	4294967296	0	2047578112
185	1895890944	2147483648	0	2857373696	4294967296	0	1711009792	2147483648	0	3432341504	4294967296	0	2046631936
186	1897021440	2147483648	0	2858541056	4294967296	0	1718874112	2147483648	0	3432341504	4294967296	0	2034253824
187	1897943040	2147483648	0	2862276608	4294967296	0	1770057728	2147483648	0	3432341504	4294967296	0	1977888768
188	1898979328	2147483648	0	2866315264	4294967296	0	1821769728	2147483648	0	3432341504	4294967296	0	1920372736
189	1900089344	2147483648	0	2883293184	4294967296	0	1867452416	2147483648	0	3432341504	4294967296	0	1856716800
190	1901256704	2147483648	0	2901118976	4294967296	0	1917747200	2147483648	0	3432341504	4294967296	0	1786765312
191	1902219264	2147483648	0	2916384768	4294967296	0	1964552192	2147483648	0	3432341504	4294967296	0	1721241600
192	1903349760	2147483648	0	2930651136	4294967296	0	2009079808	2147483648	0	3432341504	4294967296	0	1656815616
193	1904316416	2147483648	0	2938953728	4294967296	0	2044231680	2147483648	0	3432341504	4294967296	0	1504411648
194	1905143808	2147483648	0	2942525440	4294967296	0	2076110848	2147483648	0	3432341504	4294967296	0	1053388800
195	1906147328	2147483648	0	2950201344	4294967296	0	2118348800	2147483648	0	3432341504	4294967296	0	1002102784
196	1907052544	2147483648	0	2965274624	4294967296	0	2147463168	2147483648	0	3432341504	4294967296	0	954540032
197	1907916800	2147483648	0	2976034816	4294967296	0	2147459072	2147483648	0	3432341504	4294967296	0	942776320
198	1908736000	2147483648	0	2987876352	4294967296	0	2147459072	2147483648	0	3432341504	4294967296	0	930967552
199	1909284864	2147483648	0	2996989952	4294967296	0	2147475456	2147483648	0	3432341504	4294967296	0	921448448
200	1910218752	2147483648	0	3000471552	4294967296	0	2147459072	2147483648	0	3432341504	4294967296	0	916365312
201	1911316480	2147483648	0	3010162688	4294967296	0	2147459072	2147483648	0	3432341504	4294967296	0	904540160
202	1912193024	2147483648	0	3019698176	4294967296	0	2147479552	2147483648	0	3432341504	4294967296	0	893747200
203	1913196544	2147483648	0	3033554944	4294967296	0	2147463168	2147483648	0	3432341504	4294967296	0	878174208
204	1913987072	2147483648	0	3045867520	4294967296	0	2147467264	2147483648	0	3432341504	4294967296	0	859975680
205	1914859520	2147483648	0	3052552192	4294967296	0	2147475456	2147483648	0	3432341504	4294967296	0	851894272
206	1915965440	2147483648	0	3053502464	4294967296	0	2147471360	2147483648	0	3434438656	4294967296	0	847921152
207	1917206528	2147483648	0	3054714880	4294967296	0	2147344384	2147483648	0	3434438656	4294967296	0	844787712
208	1918627840	2147483648	0	3054534656	4294967296	0	2147479552	2147483648	0	3434438656	4294967296	0	844480512
209	1920237568	2147483648	0	3054534656	4294967296	0	2147479552	2147483648	0	3434438656	4294967296	0	842706944
210	1921318912	2147483648	0	3055431680	4294967296	0	2147483648	2147483648	0	3434438656	4294967296	0	839634944
211	1922387968	2147483648	0	3061555200	4294967296	0	2147364864	2147483648	0	3434438656	4294967296	0	832450560
212	1923461120	2147483648	0	3074580480	4294967296	0	2147360768	2147483648	0	3434438656	4294967296	0	818569216
213	1925246976	2147483648	0	3091910656	4294967296	0	2147467264	2147483648	0	3434438656	4294967296	0	799502336
214	1927462912	2147483648	0	3106541568	4294967296	0	2147450880	2147483648	0	3434438656	4294967296	0	783552512
215	1929383936	2147483648	0	3121414144	4294967296	0	1715003392	2147483648	0	3434438656	4294967296	0	1200689152
216	1931337728	2147483648	0	3133992960	4294967296	0	1715027968	2147483648	0	3434438656	4294967296	0	1186390016
217	1933406208	2147483648	0	3136794624	4294967296	0	1714917376	2147483648	0	3434438656	4294967296	0	1181855744
218	1935491072	2147483648	0	3150950400	4294967296	0	1714917376	2147483648	0	3434438656	4294967296	0	1164419072
219	1952780288	2147483648	0	3163754496	4294967296	0	1714917376	2147483648	0	3434438656	4294967296	0	1133404160
220	2010177536	2147483648	0	3176910848	4294967296	0	1714917376	2147483648	0	3434438656	4294967296	0	1061163008
221	2039132160	2147483648	0	3177885696	4294967296	0	1714917376	2147483648	0	3434438656	4294967296	0	1028284416
222	2049343488	2147483648	0	3178876928	4294967296	0	1714917376	2147483648	0	3434438656	4294967296	0	1016360960
223	2058244096	2147483648	0	3179880448	4294967296	0	1714917376	2147483648	0	3434438656	4294967296	0	1002991616
224	2063147008	2147483648	0	3180670976	4294967296	0	1714917376	2147483648	0	3434438656	4294967296	0	511545344
225	2068508672	2147483648	0	3181412352	4294967296	0	1714917376	2147483648	0	3434438656	4294967296	0	469102592
226	2080161792	2147483648	0	3189526528	4294967296	0	1714917376	2147483648	0	3434438656	4294967296	0	448581632
227	2088538112	2147483648	0	3200122880	4294967296	0	1714917376	2147483648	0	3434438656	4294967296	0	429281280
228	2092167168	2147483648	0	3207725056	4294967296	0	1714917376	2147483648	0	3434438656	4294967296	0	417370112
229	2093334528	2147483648	0	3219210240	4294967296	0	1714917376	2147483648	0	3434438656	4294967296	0	405372928
230	2094149632	2147483648	0	3225698304	4294967296	0	1714917376	2147483648	0	3434438656	4294967296	0	397279232
231	2095226880	2147483648	0	3228876800	4294967296	0	1714917376	2147483648	0	3434438656	4294967296	0	392843264
232	1991585792	2147483648	0	3237277696	4294967296	0	1714917376	2147483648	0	3434438656	4294967296	0	487743488
233	1992654848	2147483648	0	3240955904	4294967296	0	1714917376	2147483648	0	3434438656	4294967296	0	483172352
234	1993711616	2147483648	0	3242045440	4294967296	0	1714917376	2147483648	0	3446104064	4294967296	0	466960384
235	1994780672	2147483648	0	3243147264	4294967296	0	1714917376	2147483648	0	3493834752	4294967296	0	416342016
236	1996038144	2147483648	0	3247316992	4294967296	0	1714917376	2147483648	0	3543674880	4294967296	0	361156608
237	1997160448	2147483648	0	3254648832	4294967296	0	1714917376	2147483648	0	3587866624	4294967296	0	308035584
238	1998086144	2147483648	0	3258671104	4294967296	0	1714917376	2147483648	0	3630673920	4294967296	0	258850816
239	1999097856	2147483648	0	3268620288	4294967296	0	1714917376	2147483648	0	3676647424	4294967296	0	208646144
240	2000691200	2147483648	0	3269738496	4294967296	0	1714917376	2147483648	0	3722596352	4294967296	0	158482432
241	1985400832	2147483648	0	3249475584	4294967296	0	1707073536	2147483648	0	3748458496	4294967296	0	189546496
242	1978712064	2147483648	0	3239825408	4294967296	0	1703251968	2147483648	0	3786928128	4294967296	0	184008704
243	1963257856	2147483648	0	3230568448	4294967296	0	1695686656	2147483648	0	3815542784	4294967296	0	190062592
244	1949921280	2147483648	0	3218821120	4294967296	0	1689174016	2147483648	0	3844255744	4294967296	0	191565824
245	1939316736	2147483648	0	3211112448	4294967296	0	1683886080	2147483648	0	3876888576	4294967296	0	186433536
246	1932021760	2147483648	0	3203395584	4294967296	0	1680220160	2147483648	0	3902771200	4294967296	0	180301824
247	1928978432	2147483648	0	3205500928	4294967296	0	1678475264	2147483648	0	3931934720	4294967296	0	154337280
248	1916547072	2147483648	0	3187908608	4294967296	0	1672949760	2147483648	0	3946299392	4294967296	0	177479680
249	1917845504	2147483648	0	3189514240	4294967296	0	1672949760	2147483648	0	3946156032	4294967296	0	173785088
250	1909202944	2147483648	0	3175952384	4294967296	0	1668435968	2147483648	0	3976495104	4294967296	0	174186496
251	1902407680	2147483648	0	3165200384	4294967296	0	1664909312	2147483648	0	4006744064	4294967296	0	165539840
252	1895989248	2147483648	0	3154669568	4294967296	0	1661403136	2147483648	0	4036382720	4294967296	0	157741056
253	1881939968	2147483648	0	3132502016	4294967296	0	1654456320	2147483648	0	4051660800	4294967296	0	185708544
254	1866432512	2147483648	0	3108175872	4294967296	0	1646952448	2147483648	0	4061368320	4294967296	0	179253248
255	1761058816	2147483648	0	2947457024	4294967296	0	1598500864	2147483648	0	3938103296	4294967296	0	189157376
256	1755545600	2147483648	0	2938298368	4294967296	0	1595502592	2147483648	0	3968225280	4294967296	0	162840576
257	1748795392	2147483648	0	2927558656	4294967296	0	1592045568	2147483648	0	3996205056	4294967296	0	160604160
258	1736925184	2147483648	0	2908741632	4294967296	0	1586159616	2147483648	0	4018511872	4294967296	0	176631808
259	1731244032	2147483648	0	2899841024	4294967296	0	1583247360	2147483648	0	4045299712	4294967296	0	168910848
260	1719574528	2147483648	0	2884694016	4294967296	0	1577496576	2147483648	0	4068683776	4294967296	0	181481472
261	1714294784	2147483648	0	2879447040	4294967296	0	1574658048	2147483648	0	4100808704	4294967296	0	165494784
262	1702887424	2147483648	0	2865606656	4294967296	0	1569030144	2147483648	0	4121812992	4294967296	0	177070080
263	1697603584	2147483648	0	2862546944	4294967296	0	1566248960	2147483648	0	4150861824	4294967296	0	161153024
264	1686364160	2147483648	0	2849726464	4294967296	0	1560748032	2147483648	0	4161536000	4294967296	0	182063104
265	1681186816	2147483648	0	2847592448	4294967296	0	1558024192	2147483648	0	4185448448	4294967296	0	170917888
266	1675870208	2147483648	0	2845093888	4294967296	0	1555320832	2147483648	0	4205588480	4294967296	0	162328576
267	1664864256	2147483648	0	2830065664	4294967296	0	1550127104	2147483648	0	4218494976	4294967296	0	181690368
268	1660063744	2147483648	0	2823995392	4294967296	0	1547362304	2147483648	0	4247519232	4294967296	0	169644032
269	1649618944	2147483648	0	2811269120	4294967296	0	1542291456	2147483648	0	4270407680	4294967296	0	176394240
270	1644544000	2147483648	0	2804961280	4294967296	0	1539723264	2147483648	0	4294934528	4294967296	0	166080512
271	1645395968	2147483648	0	2811645952	4294967296	0	1539678208	2147483648	0	4294963200	4294967296	0	159019008
272	1640296448	2147483648	0	2805309440	4294967296	0	1537142784	2147483648	0	4294918144	4294967296	0	170549248
273	1640833024	2147483648	0	2805825536	4294967296	0	1537146880	2147483648	0	4294918144	4294967296	0	166322176
274	1641320448	2147483648	0	2806312960	4294967296	0	1537286144	2147483648	0	4294918144	4294967296	0	165183488
275	1636376576	2147483648	0	2798034944	4294967296	0	1543553024	2147483648	0	4288266240	4294967296	0	178638848
276	1625341952	2147483648	0	2780876800	4294967296	0	1577594880	2147483648	0	4289323008	4294967296	0	177963008
277	1612369920	2147483648	0	2766049280	4294967296	0	1606901760	2147483648	0	4291375104	4294967296	0	176640000
278	1603334144	2147483648	0	2753933312	4294967296	0	1633980416	2147483648	0	4287037440	4294967296	0	177881088
279	1596796928	2147483648	0	2743209984	4294967296	0	1657208832	2147483648	0	4286582784	4294967296	0	172847104
280	1586376704	2147483648	0	2729287680	4294967296	0	1682186240	2147483648	0	4282499072	4294967296	0	178147328
281	1569964032	2147483648	0	2709368832	4294967296	0	1709768704	2147483648	0	4269375488	4294967296	0	202964992
282	1564459008	2147483648	0	2701242368	4294967296	0	1743712256	2147483648	0	4273754112	4294967296	0	179519488
283	1557348352	2147483648	0	2688995328	4294967296	0	1773125632	2147483648	0	4277379072	4294967296	0	168218624
284	1544331264	2147483648	0	2667819008	4294967296	0	1800126464	2147483648	0	4277497856	4294967296	0	179621888
285	1531879424	2147483648	0	2647277568	4294967296	0	1836138496	2147483648	0	4285915136	4294967296	0	173973504
286	1520459776	2147483648	0	2628153344	4294967296	0	1868836864	2147483648	0	4293992448	4294967296	0	168624128
287	1506181120	2147483648	0	2604916736	4294967296	0	1898147840	2147483648	0	4286246912	4294967296	0	178749440
288	1465630720	2147483648	0	2539278336	4294967296	0	1894592512	2147483648	0	4226777088	4294967296	0	157642752
289	1404538880	2147483648	0	2441003008	4294967296	0	1867862016	2147483648	0	4122693632	4294967296	0	170258432
290	1393836032	2147483648	0	2423554048	4294967296	0	1893744640	2147483648	0	4122075136	4294967296	0	176488448
291	1389215744	2147483648	0	2415353856	4294967296	0	1916248064	2147483648	0	4130308096	4294967296	0	162758656
292	1398595584	2147483648	0	2405797888	4294967296	0	1940307968	2147483648	0	3372855296	4294967296	0	902537216
293	1424855040	2147483648	0	2406486016	4294967296	0	1978949632	2147483648	0	3372855296	4294967296	0	838152192
294	1438244864	2147483648	0	2407759872	4294967296	0	2019053568	2147483648	0	3372855296	4294967296	0	780206080
295	1490145280	2147483648	0	2408816640	4294967296	0	2056761344	2147483648	0	3372855296	4294967296	0	688578560
296	1529458688	2147483648	0	2409648128	4294967296	0	2094661632	2147483648	0	3372855296	4294967296	0	610279424
297	1563226112	2147483648	0	2410627072	4294967296	0	2132549632	2147483648	0	3372855296	4294967296	0	536272896
298	1593491456	2147483648	0	2411597824	4294967296	0	2147467264	2147483648	0	3372855296	4294967296	0	487927808
299	1627365376	2147483648	0	2412244992	4294967296	0	2147471360	2147483648	0	3372855296	4294967296	0	452861952
300	1658286080	2147483648	0	2412875776	4294967296	0	2147364864	2147483648	0	3372855296	4294967296	0	419872768
301	1679769600	2147483648	0	2413391872	4294967296	0	2147475456	2147483648	0	3372855296	4294967296	0	397721600
302	1689468928	2147483648	0	2414485504	4294967296	0	2147479552	2147483648	0	3372855296	4294967296	0	386981888
303	1690578944	2147483648	0	2415456256	4294967296	0	2147479552	2147483648	0	3372855296	4294967296	0	384004096
304	1691557888	2147483648	0	2416623616	4294967296	0	2147483648	2147483648	0	3372855296	4294967296	0	382255104
305	1692606464	2147483648	0	2417557504	4294967296	0	1903902720	2147483648	0	3372855296	4294967296	0	623017984
306	1693663232	2147483648	0	2418610176	4294967296	0	1761259520	2147483648	0	3372855296	4294967296	0	766222336
307	1694887936	2147483648	0	2419617792	4294967296	0	1761280000	2147483648	0	3372855296	4294967296	0	765095936
308	1696165888	2147483648	0	2420633600	4294967296	0	1761304576	2147483648	0	3372855296	4294967296	0	761450496
309	1697292288	2147483648	0	2421768192	4294967296	0	1761312768	2147483648	0	3372855296	4294967296	0	759447552
310	1698496512	2147483648	0	2422878208	4294967296	0	1761337344	2147483648	0	3372855296	4294967296	0	757153792
311	1699532800	2147483648	0	2456948736	4294967296	0	1761357824	2147483648	0	3372855296	4294967296	0	721268736
312	1700769792	2147483648	0	2526666752	4294967296	0	1761374208	2147483648	0	3372855296	4294967296	0	648347648
313	1702117376	2147483648	0	2587213824	4294967296	0	1761398784	2147483648	0	3372855296	4294967296	0	584069120
314	1703514112	2147483648	0	2646446080	4294967296	0	1761419264	2147483648	0	3372855296	4294967296	0	522268672
315	1707454464	2147483648	0	2702884864	4294967296	0	1761570816	2147483648	0	3372855296	4294967296	0	459837440
316	1711247360	2147483648	0	2762772480	4294967296	0	1761460224	2147483648	0	3372855296	4294967296	0	395366400
317	1713651712	2147483648	0	2828537856	4294967296	0	1761607680	2147483648	0	3372855296	4294967296	0	324829184
318	1716633600	2147483648	0	2864570368	4294967296	0	1761497088	2147483648	0	3372855296	4294967296	0	274530304
319	1717325824	2147483648	0	2864668672	4294967296	0	1761370112	2147483648	0	3372855296	4294967296	0	191004672
320	1630928896	2147483648	0	2728148992	4294967296	0	1699840000	2147483648	0	3263545344	4294967296	0	181547008
321	1634340864	2147483648	0	2729218048	4294967296	0	1699721216	2147483648	0	3263545344	4294967296	0	176517120
322	1638678528	2147483648	0	2730143744	4294967296	0	1699721216	2147483648	0	3263545344	4294967296	0	172040192
323	1641418752	2147483648	0	2666442752	4294967296	0	1699721216	2147483648	0	3263545344	4294967296	0	232800256
324	1646141440	2147483648	0	2667610112	4294967296	0	1699721216	2147483648	0	3265642496	4294967296	0	224534528
325	1654116352	2147483648	0	2668679168	4294967296	0	1699721216	2147483648	0	3265642496	4294967296	0	214183936
326	1659797504	2147483648	0	2669813760	4294967296	0	1699721216	2147483648	0	3265642496	4294967296	0	206594048
327	1665511424	2147483648	0	2666455040	4294967296	0	1697681408	2147483648	0	3261833216	4294967296	0	214323200
328	1669525504	2147483648	0	2665971712	4294967296	0	1697001472	2147483648	0	3260563456	4294967296	0	210399232
329	1672265728	2147483648	0	2667077632	4294967296	0	1697001472	2147483648	0	3260563456	4294967296	0	206118912
330	1673564160	2147483648	0	2668101632	4294967296	0	1697013760	2147483648	0	3260563456	4294967296	0	202153984
331	1674682368	2147483648	0	2669223936	4294967296	0	1697013760	2147483648	0	3260563456	4294967296	0	199864320
332	1675849728	2147483648	0	2670268416	4294967296	0	1697144832	2147483648	0	3260563456	4294967296	0	197316608
333	1676967936	2147483648	0	2674397184	4294967296	0	1697148928	2147483648	0	3260563456	4294967296	0	193138688
334	1678307328	2147483648	0	2681909248	4294967296	0	1697169408	2147483648	0	3260563456	4294967296	0	184295424
335	1679388672	2147483648	0	2692026368	4294967296	0	1697185792	2147483648	0	3260563456	4294967296	0	172335104
336	1680646144	2147483648	0	2699530240	4294967296	0	1697210368	2147483648	0	3260563456	4294967296	0	163975168
337	1675948032	2147483648	0	2697183232	4294967296	0	1693491200	2147483648	0	3253936128	4294967296	0	181727232
338	1674915840	2147483648	0	2700783616	4294967296	0	1692172288	2147483648	0	3251453952	4294967296	0	184315904
339	1676083200	2147483648	0	2712064000	4294967296	0	1692184576	2147483648	0	3251453952	4294967296	0	170803200
340	1671868416	2147483648	0	2715021312	4294967296	0	1688502272	2147483648	0	3244896256	4294967296	0	182861824
341	1672904704	2147483648	0	2723954688	4294967296	0	1688514560	2147483648	0	3244896256	4294967296	0	174354432
342	1674072064	2147483648	0	2732724224	4294967296	0	1688543232	2147483648	0	3244896256	4294967296	0	163303424
343	1669816320	2147483648	0	2733121536	4294967296	0	1684889600	2147483648	0	3238387712	4294967296	0	179691520
344	1670983680	2147483648	0	2738884608	4294967296	0	1684905984	2147483648	0	3238387712	4294967296	0	174362624
345	1672130560	2147483648	0	2744983552	4294967296	0	1684926464	2147483648	0	3238387712	4294967296	0	166604800
346	1668259840	2147483648	0	2746843136	4294967296	0	1681301504	2147483648	0	3231936512	4294967296	0	178876416
347	1669083136	2147483648	0	2755203072	4294967296	0	1681354752	2147483648	0	3231936512	4294967296	0	169254912
348	1667121152	2147483648	0	2764226560	4294967296	0	1679544320	2147483648	0	3228311552	4294967296	0	169771008
349	1662722048	2147483648	0	2768527360	4294967296	0	1675841536	2147483648	0	3221934080	4294967296	0	177381376
350	1579409408	2147483648	0	2650484736	4294967296	0	1619771392	2147483648	0	3122958336	4294967296	0	203841536
351	1541545984	2147483648	0	2610483200	4294967296	0	1594572800	2147483648	0	3078385664	4294967296	0	185368576
352	1542574080	2147483648	0	2622967808	4294967296	0	1594580992	2147483648	0	3078385664	4294967296	0	172605440
353	1533546496	2147483648	0	2627395584	4294967296	0	1588580352	2147483648	0	3087011840	4294967296	0	174170112
354	1524731904	2147483648	0	2624557056	4294967296	0	1582653440	2147483648	0	3113738240	4294967296	0	167096320
355	1515077632	2147483648	0	2627239936	4294967296	0	1576185856	2147483648	0	3138899968	4294967296	0	158797824
356	1502679040	2147483648	0	2617442304	4294967296	0	1568305152	2147483648	0	3157950464	4294967296	0	174768128
357	1492275200	2147483648	0	2606776320	4294967296	0	1561382912	2147483648	0	3185098752	4294967296	0	177373184
358	1480216576	2147483648	0	2598285312	4294967296	0	1553690624	2147483648	0	3205611520	4294967296	0	190410752
359	1472323584	2147483648	0	2592120832	4294967296	0	1548304384	2147483648	0	3239227392	4294967296	0	178900992
360	1464131584	2147483648	0	2592768000	4294967296	0	1542877184	2147483648	0	3258961920	4294967296	0	175489024
361	1456308224	2147483648	0	2583236608	4294967296	0	1537769472	2147483648	0	3286007808	4294967296	0	174391296
362	1448701952	2147483648	0	2577842176	4294967296	0	1532616704	2147483648	0	3315798016	4294967296	0	165617664
363	1432875008	2147483648	0	2561347584	4294967296	0	1522573312	2147483648	0	3337203712	4294967296	0	190816256
364	1425809408	2147483648	0	2559930368	4294967296	0	1517670400	2147483648	0	3371388928	4294967296	0	173527040
365	1417588736	2147483648	0	2549018624	4294967296	0	1509740544	2147483648	0	3398123520	4294967296	0	178532352
366	1431244800	2147483648	0	2517135360	4294967296	0	1512935424	2147483648	0	3414110208	4294967296	0	185462784
367	1441808384	2147483648	0	2493464576	4294967296	0	1539121152	2147483648	0	3436318720	4294967296	0	155029504
368	1463152640	2147483648	0	2447032320	4294967296	0	1554104320	2147483648	0	3435175936	4294967296	0	173932544
369	1478721536	2147483648	0	2413674496	4294967296	0	1572696064	2147483648	0	3444592640	4294967296	0	171507712
370	1501728768	2147483648	0	2372272128	4294967296	0	1590882304	2147483648	0	3445903360	4294967296	0	177688576
371	1518567424	2147483648	0	2355736576	4294967296	0	1617043456	2147483648	0	3465404416	4294967296	0	138903552
372	1518899200	2147483648	0	2355208192	4294967296	0	1616715776	2147483648	0	3464802304	4294967296	0	139636736
373	1519005696	2147483648	0	2355195904	4294967296	0	1616715776	2147483648	0	3464802304	4294967296	0	139591680
374	1518993408	2147483648	0	2355089408	4294967296	0	1616715776	2147483648	0	3464802304	4294967296	0	139354112
375	1518981120	2147483648	0	2355208192	4294967296	0	1616625664	2147483648	0	3464802304	4294967296	0	139165696
376	1507446784	2147483648	0	2322018304	4294967296	0	1638903808	2147483648	0	3471695872	4294967296	0	159211520
377	1482571776	2147483648	0	2290184192	4294967296	0	1669414912	2147483648	0	3481137152	4294967296	0	181665792
378	1474404352	2147483648	0	2280189952	4294967296	0	1690525696	2147483648	0	3496022016	4294967296	0	166875136
379	1473835008	2147483648	0	2248884224	4294967296	0	1716645888	2147483648	0	3496198144	4294967296	0	177057792
380	1488293888	2147483648	0	2230263808	4294967296	0	1741877248	2147483648	0	3504062464	4294967296	0	206274560
381	1489559552	2147483648	0	2231275520	4294967296	0	1786650624	2147483648	0	3504033792	4294967296	0	157437952
382	1489166336	2147483648	0	2231472128	4294967296	0	1809166336	2147483648	0	3502997504	4294967296	0	139493376
383	1473974272	2147483648	0	2218893312	4294967296	0	1802899456	2147483648	0	3485806592	4294967296	0	182161408
384	1462030336	2147483648	0	2209570816	4294967296	0	1800998912	2147483648	0	3468828672	4294967296	0	153563136
385	1429389312	2147483648	0	2165829632	4294967296	0	1780289536	2147483648	0	3421646848	4294967296	0	164634624
386	1385975808	2147483648	0	2110205952	4294967296	0	1748553728	2147483648	0	3351072768	4294967296	0	170610688
387	1394135040	2147483648	0	2096685056	4294967296	0	1753821184	2147483648	0	3344101376	4294967296	0	146907136
388	1379803136	2147483648	0	2089758720	4294967296	0	1752055808	2147483648	0	3336765440	4294967296	0	179511296
389	1375170560	2147483648	0	2093461504	4294967296	0	1775415296	2147483648	0	3358654464	4294967296	0	139079680
390	1375158272	2147483648	0	2093592576	4294967296	0	1775292416	2147483648	0	3358654464	4294967296	0	139141120
391	1355431936	2147483648	0	2087780352	4294967296	0	1777979392	2147483648	0	3350278144	4294967296	0	172961792
392	1342238720	2147483648	0	2074255360	4294967296	0	1800957952	2147483648	0	3364413440	4294967296	0	166236160
393	1321390080	2147483648	0	2057826304	4294967296	0	1824722944	2147483648	0	3375599616	4294967296	0	173006848
394	1302671360	2147483648	0	2043789312	4294967296	0	1843757056	2147483648	0	3383848960	4294967296	0	173871104
395	1291563008	2147483648	0	2040823808	4294967296	0	1874366464	2147483648	0	3406659584	4294967296	0	139096064
396	1290403840	2147483648	0	2039947264	4294967296	0	1875681280	2147483648	0	3407810560	4294967296	0	139218944
397	1290375168	2147483648	0	2039934976	4294967296	0	1875681280	2147483648	0	3407810560	4294967296	0	139354112
398	1290375168	2147483648	0	2039922688	4294967296	0	1875681280	2147483648	0	3407810560	4294967296	0	139288576
399	1290280960	2147483648	0	2039943168	4294967296	0	1875599360	2147483648	0	3407695872	4294967296	0	139505664
400	1277534208	2147483648	0	2041499648	4294967296	0	1872416768	2147483648	0	3398426624	4294967296	0	165257216
401	1263169536	2147483648	0	2025463808	4294967296	0	1886810112	2147483648	0	3402899456	4294967296	0	178446336
402	1253457920	2147483648	0	2014486528	4294967296	0	1904566272	2147483648	0	3414130688	4294967296	0	171855872
403	1240834048	2147483648	0	2002112512	4294967296	0	1920499712	2147483648	0	3422490624	4294967296	0	176181248
404	1229438976	2147483648	0	1996042240	4294967296	0	1936195584	2147483648	0	3432222720	4294967296	0	170561536
405	1214955520	2147483648	0	2017292288	4294967296	0	1936678912	2147483648	0	3425476608	4294967296	0	173531136
406	1197891584	2147483648	0	2046062592	4294967296	0	1937031168	2147483648	0	3418099712	4294967296	0	176037888
407	1186824192	2147483648	0	2058399744	4294967296	0	1935470592	2147483648	0	3422519296	4294967296	0	175202304
408	1182261248	2147483648	0	2074226688	4294967296	0	1931964416	2147483648	0	3422162944	4294967296	0	170700800
409	1170132992	2147483648	0	2076471296	4294967296	0	1938898944	2147483648	0	3422941184	4294967296	0	178630656
410	1166635008	2147483648	0	2057089024	4294967296	0	1955930112	2147483648	0	3434467328	4294967296	0	172371968
411	1168982016	2147483648	0	2039181312	4294967296	0	1969201152	2147483648	0	3452440576	4294967296	0	158916608
412	1164627968	2147483648	0	2027282432	4294967296	0	1545293824	2147483648	0	3471007744	4294967296	0	581562368
413	1177985024	2147483648	0	2027905024	4294967296	0	1545428992	2147483648	0	3504168960	4294967296	0	542068736
414	1186193408	2147483648	0	2028822528	4294967296	0	1545433088	2147483648	0	3540545536	4294967296	0	497348608
415	1197563904	2147483648	0	2029981696	4294967296	0	1545453568	2147483648	0	3580452864	4294967296	0	445562880
416	1200566272	2147483648	0	2031173632	4294967296	0	1545490432	2147483648	0	3617443840	4294967296	0	402890752
417	1201614848	2147483648	0	2032308224	4294967296	0	1545510912	2147483648	0	3641401344	4294967296	0	377356288
418	1203265536	2147483648	0	2033807360	4294967296	0	1545523200	2147483648	0	3666993152	4294967296	0	351608832
419	1204908032	2147483648	0	2035286016	4294967296	0	1545543680	2147483648	0	3696099328	4294967296	0	317681664
420	1206075392	2147483648	0	2036400128	4294967296	0	1545576448	2147483648	0	3738185728	4294967296	0	272158720
421	1207345152	2147483648	0	2037542912	4294967296	0	1545592832	2147483648	0	3780579328	4294967296	0	227229696
422	1208107008	2147483648	0	2054139904	4294967296	0	1545609216	2147483648	0	3820318720	4294967296	0	170414080
423	1199366144	2147483648	0	2046500864	4294967296	0	1535168512	2147483648	0	3836821504	4294967296	0	181800960
424	1195577344	2147483648	0	2051878912	4294967296	0	1530081280	2147483648	0	3860254720	4294967296	0	162279424
425	1191768064	2147483648	0	2060009472	4294967296	0	1525071872	2147483648	0	3864977408	4294967296	0	160403456
426	1188409344	2147483648	0	2063536128	4294967296	0	1520111616	2147483648	0	3864924160	4294967296	0	162775040
427	1189789696	2147483648	0	2068357120	4294967296	0	1520148480	2147483648	0	3065163776	4294967296	0	960466944
428	1190969344	2147483648	0	2083610624	4294967296	0	1520168960	2147483648	0	3065069568	4294967296	0	943607808
429	1192005632	2147483648	0	2094833664	4294967296	0	1520234496	2147483648	0	3065069568	4294967296	0	931549184
430	1193304064	2147483648	0	2106441728	4294967296	0	1520242688	2147483648	0	3065069568	4294967296	0	918822912
431	1194508288	2147483648	0	2123563008	4294967296	0	1520287744	2147483648	0	3065069568	4294967296	0	898142208
432	1195532288	2147483648	0	2143318016	4294967296	0	1520193536	2147483648	0	3065069568	4294967296	0	877301760
433	1196748800	2147483648	0	2158178304	4294967296	0	1520459776	2147483648	0	3065069568	4294967296	0	859430912
434	1197920256	2147483648	0	2165071872	4294967296	0	1520234496	2147483648	0	3065069568	4294967296	0	852131840
435	1199144960	2147483648	0	2175889408	4294967296	0	1520365568	2147483648	0	3065069568	4294967296	0	840282112
436	1200234496	2147483648	0	2191826944	4294967296	0	1520267264	2147483648	0	3065069568	4294967296	0	821768192
437	1201373184	2147483648	0	2207440896	4294967296	0	1520283648	2147483648	0	3065069568	4294967296	0	803770368
438	1202696192	2147483648	0	2225348608	4294967296	0	1520300032	2147483648	0	3065069568	4294967296	0	784486400
439	1203998720	2147483648	0	2240155648	4294967296	0	1520320512	2147483648	0	3065069568	4294967296	0	766947328
440	1205166080	2147483648	0	2245730304	4294967296	0	1520336896	2147483648	0	3065069568	4294967296	0	762646528
441	1205080064	2147483648	0	2254831616	4294967296	0	1520345088	2147483648	0	3065069568	4294967296	0	755478528
442	1205080064	2147483648	0	2254831616	4294967296	0	1520345088	2147483648	0	3065069568	4294967296	0	777863168
443	1261453312	2147483648	0	2254831616	4294967296	0	1520345088	2147483648	0	3065069568	4294967296	0	707293184
444	1354006528	2147483648	0	2254950400	4294967296	0	1520345088	2147483648	0	3065069568	4294967296	0	612392960
445	1488207872	2147483648	0	2254831616	4294967296	0	1520345088	2147483648	0	3065069568	4294967296	0	475750400
446	1605517312	2147483648	0	2254831616	4294967296	0	1520345088	2147483648	0	3065069568	4294967296	0	356331520
447	1698447360	2147483648	0	2254831616	4294967296	0	1520345088	2147483648	0	3065069568	4294967296	0	260407296
448	1786134528	2147483648	0	2254831616	4294967296	0	1520345088	2147483648	0	3065069568	4294967296	0	170295296
449	1784889344	2147483648	0	2253664256	4294967296	0	1519779840	2147483648	0	3063652352	4294967296	0	179032064
450	1784762368	2147483648	0	2253672448	4294967296	0	1519779840	2147483648	0	3063652352	4294967296	0	178106368
451	1784983552	2147483648	0	2253672448	4294967296	0	1519779840	2147483648	0	3063652352	4294967296	0	175763456
452	695930880	2147483648	0	2253672448	4294967296	0	1519779840	2147483648	0	3063652352	4294967296	0	1267716096
453	0	2147483648	0	2253791232	4294967296	0	1519779840	2147483648	0	3063652352	4294967296	0	1266147328
454	0	2147483648	0	2253672448	4294967296	0	1519779840	2147483648	0	3063652352	4294967296	0	1270296576
455	0	2147483648	0	2272858112	4294967296	0	1519779840	2147483648	0	3063652352	4294967296	0	1249603584
456	0	2147483648	0	2368167936	4294967296	0	1519779840	2147483648	0	3063652352	4294967296	0	1150017536
457	0	2147483648	0	2458345472	4294967296	0	1519779840	2147483648	0	3063652352	4294967296	0	1056731136
458	0	2147483648	0	2458136576	4294967296	0	1519779840	2147483648	0	3063652352	4294967296	0	1055059968
459	0	2147483648	0	2458136576	4294967296	0	1519779840	2147483648	0	3063652352	4294967296	0	1055068160
460	0	2147483648	0	2372677632	4294967296	0	1519779840	2147483648	0	3063652352	4294967296	0	1141923840
461	0	2147483648	0	0	4294967296	0	1531441152	2147483648	0	3063652352	4294967296	0	2664943616
462	0	2147483648	0	0	4294967296	0	1552433152	2147483648	0	3063652352	4294967296	0	2642984960
463	0	2147483648	0	0	4294967296	0	1576386560	2147483648	0	3063652352	4294967296	0	2615169024
464	0	2147483648	0	0	4294967296	0	1602809856	2147483648	0	3063652352	4294967296	0	2589646848
465	0	2147483648	0	0	4294967296	0	1631457280	2147483648	0	3063652352	4294967296	0	2560479232
466	0	2147483648	0	0	4294967296	0	1661997056	2147483648	0	3063652352	4294967296	0	2528587776
467	0	2147483648	0	0	4294967296	0	1695838208	2147483648	0	3063652352	4294967296	0	2493292544
468	0	2147483648	0	0	4294967296	0	1728737280	2147483648	0	3063652352	4294967296	0	2461495296
469	0	2147483648	0	0	4294967296	0	1762119680	2147483648	0	3063652352	4294967296	0	2427281408
470	0	2147483648	0	0	4294967296	0	1794662400	2147483648	0	3063652352	4294967296	0	2392276992
471	0	2147483648	0	0	4294967296	0	0	2147483648	0	3067453440	4294967296	0	3587022848
472	0	2147483648	0	0	4294967296	0	0	2147483648	0	3087769600	4294967296	0	3566518272
473	0	2147483648	0	0	4294967296	0	0	2147483648	0	3108610048	4294967296	0	3540324352
474	0	2147483648	0	0	4294967296	0	0	2147483648	0	3132071936	4294967296	0	3505537024
475	0	2147483648	0	0	4294967296	0	0	2147483648	0	3156451328	4294967296	0	3471409152
476	0	2147483648	0	0	4294967296	0	0	2147483648	0	3181486080	4294967296	0	3443339264
477	0	2147483648	0	0	4294967296	0	0	2147483648	0	3204816896	4294967296	0	3412881408
478	0	2147483648	0	0	4294967296	0	0	2147483648	0	3230769152	4294967296	0	3385819136
479	0	2147483648	0	0	4294967296	0	0	2147483648	0	3258818560	4294967296	0	3356192768
480	0	2147483648	0	0	4294967296	0	0	2147483648	0	3284508672	4294967296	0	3325853696
481	0	2147483648	0	0	4294967296	0	0	2147483648	0	999354368	4294967296	0	5612044288
