0	0.0	0.0
1	0.0	0.0
2	880.46	1.17
3	1693.51	2.34
4	2225.74	3.23
5	3233.91	4.52
6	3738.73	5.52
7	4060.18	5.52
8	4060.18	5.52
9	4699.36	6.69
10	5519.66	8.3
11	5980.81	9.11
12	6317.98	9.11
13	6317.98	9.11
14	6317.98	9.11
15	6794.9	10.48
16	7254.29	11.79
17	7909.64	13.57
18	8333.25	14.93
19	9171.11	17.54
20	9572.92	18.91
21	9991.12	19.5
22	9991.12	19.5
23	10193.04	41.61
24	10193.04	41.61
25	10603.18	63.75
26	10808.98	64.01
27	11182.81	64.99
28	11478.89	65.32
29	11776.32	66.24
30	12178.33	67.08
31	12178.33	67.08
32	12562.84	67.93
33	12938.83	68.82
34	13303.36	69.46
35	13693.22	70.01
36	13884.78	70.36
37	14246.7	71.26
38	14597.38	72.28
39	15143.59	73.43
40	15688.14	74.61
41	16046.67	75.49
42	16240.48	75.81
43	16610.98	76.71
44	17757.21	79.36
45	19792.29	84.4
46	20255.76	85.79
47	20255.76	85.79
48	20965.12	87.76
49	21416.04	89.28
50	21866.92	90.33
51	22323.01	91.43
52	22867.68	93.03
53	23174.52	93.89
54	23713.63	95.5
55	24029.12	96.43
56	24350.88	97.37
57	24939.0	99.27
58	25482.32	100.9
59	25641.1	101.62
60	26198.15	126.77
61	26427.8	127.94
62	26740.69	128.93
63	26795.27	129.29
64	26795.27	129.29
65	26894.26	129.62
66	27166.38	130.07
67	27166.38	130.07
68	27166.38	130.12
69	27413.01	131.05
70	27622.37	131.61
71	27848.62	132.55
72	28287.02	134.65
73	28508.73	135.58
74	28927.48	137.31
75	30046.63	156.26
76	30673.58	225.87
77	30825.11	227.13
78	30958.38	271.49
79	31197.1	273.2
80	31595.22	276.0
81	31939.93	277.8
82	32321.99	279.69
83	32446.08	280.7
84	32665.97	286.05
85	33058.09	288.9
86	33346.39	292.04
87	33649.19	297.24
88	33847.2	298.71
89	33954.65	299.3
90	33954.65	299.3
91	33954.65	299.3
92	34199.04	300.39
93	34199.04	300.39
94	34498.88	303.07
95	34727.29	306.25
96	34961.54	308.65
97	35314.51	312.36
98	35728.9	314.54
99	35955.82	315.57
100	36200.37	316.93
101	36440.98	318.51
102	36824.03	320.73
103	37002.96	322.0
104	37389.06	330.46
105	37879.35	378.9
106	38294.81	508.29
107	38470.84	520.78
108	38569.78	523.97
109	38666.89	526.91
110	38800.9	545.92
111	38942.84	548.7
112	39073.8	552.5
113	39223.18	557.82
114	39321.32	563.47
115	39405.48	565.47
116	39472.29	570.25
117	39556.05	575.85
118	39640.86	580.71
119	39798.8	588.69
120	39860.65	589.64
121	40010.41	613.08
122	40109.2	622.82
123	40228.4	625.59
124	40277.68	626.51
125	40385.84	633.63
126	40550.43	639.95
127	40723.73	648.5
128	40851.01	668.16
129	41192.4	677.71
130	41393.13	680.86
131	41595.94	685.34
132	41747.14	690.93
133	41929.45	694.21
134	42104.66	697.04
135	42293.31	700.61
136	42488.16	885.09
137	42509.48	1060.72
138	42545.51	1092.53
139	42593.66	1116.39
140	42666.38	1132.2
141	42769.37	1147.0
142	42847.09	1161.82
143	42930.45	1177.4
144	42995.89	1201.12
145	43083.52	1209.24
146	43206.54	1221.96
147	43297.73	1234.63
148	43360.34	1249.51
149	43443.04	1268.05
150	43544.32	1270.79
151	43620.92	1282.98
152	43695.68	1302.17
153	43784.02	1310.77
154	43910.4	1325.74
155	44008.07	1333.88
156	44096.04	1350.25
157	44190.25	1352.63
158	44254.32	1355.92
159	44362.25	1373.22
160	44464.12	1387.66
161	44581.71	1400.77
162	44690.12	1407.13
163	44764.88	1410.23
164	44815.12	1418.51
165	44907.8	1438.7
166	44957.98	1504.9
167	44960.46	1820.82
168	45008.7	1831.52
169	45013.7	1885.56
170	45013.7	1944.99
171	45013.7	1971.57
172	45109.28	1972.27
173	45216.52	1974.48
174	45272.27	1977.43
175	45372.16	1988.07
176	45431.55	2004.8
177	45500.49	2033.97
178	45594.33	2034.93
179	45680.16	2036.6
180	45760.36	2037.94
181	45829.03	2052.22
182	45905.54	2064.53
183	45959.18	2066.59
184	45959.18	2120.89
185	46008.34	2146.98
186	46111.16	2172.49
187	46220.39	2173.07
188	46358.61	2175.22
189	46454.55	2175.88
190	46526.59	2178.44
191	46638.58	2204.38
192	46757.53	2207.46
193	46820.38	2207.97
194	46960.0	2211.17
195	47032.3	2217.8
196	47121.82	2224.1
197	47130.47	2224.16
198	47130.47	2224.16
199	47130.47	2224.16
200	47130.47	2224.16
201	47130.47	2224.16
202	47130.47	2224.16
203	47130.47	2224.16
204	47130.47	2224.16
205	47130.47	2224.16
206	47130.47	2224.16
207	47130.47	2224.16
208	47130.47	2224.16
209	47130.47	2224.16
210	47130.47	2224.16
211	47130.47	2224.16
212	47130.47	2224.16
213	47130.47	2224.16
214	47130.47	2224.16
215	47130.47	2224.16
216	47130.47	2224.16
217	47130.47	2224.16
218	47130.47	2224.16
219	47130.47	2224.16
220	47130.47	2224.16
221	47130.47	2224.16
222	47130.47	2224.16
223	47130.47	2224.16
224	47130.47	2224.16
225	47130.47	2224.16
226	47130.47	2224.16
227	47130.47	2224.16
228	47130.47	2224.16
229	47130.47	2224.16
230	47130.47	2224.16
231	47130.47	2224.16
232	47130.47	2224.16
233	47130.47	2224.16
234	47130.47	2224.16
235	47130.47	2224.16
236	47130.47	2224.16
237	47130.47	2224.16
238	47130.47	2224.16
239	47130.47	2224.16
240	47130.47	2224.16
241	47130.47	2224.16
242	47130.47	2224.16
243	47130.47	2224.16
244	47130.47	2224.16
245	47130.47	2224.16
246	47130.47	2224.16
247	47130.47	2224.16
248	47130.47	2224.16
249	47130.47	2224.16
250	47130.47	2224.16
251	47130.47	2224.16
252	47130.47	2224.16
253	47130.47	2224.16
254	47130.47	2224.16
255	47130.47	2224.16
256	47130.47	2224.16
257	47130.47	2224.16
258	47130.47	2224.16
259	47130.47	2224.16
260	47130.47	2224.16
261	47130.47	2224.16
262	47130.47	2224.16
263	47130.47	2224.16
264	47130.47	2224.16
265	47130.47	2224.16
266	47130.47	2224.16
267	47130.47	2224.16
268	47130.47	2224.16
269	47130.47	2224.16
270	47130.47	2224.16
271	47130.47	2224.16
272	47130.47	2224.16
273	47130.47	2224.16
274	47130.47	2224.16
275	47130.47	2224.16
276	47130.47	2224.16
277	47130.47	2224.16
278	47130.47	2224.16
279	47130.47	2224.16
280	47130.47	2224.16
281	47130.47	2224.16
282	47130.47	2224.16
283	47130.47	2224.16
284	47130.47	2224.16
285	47130.47	2224.16
286	47130.47	2224.16
287	47130.47	2224.16
288	47130.47	2224.16
289	47130.47	2224.16
290	47130.47	2224.16
291	47130.47	2224.16
292	47130.47	2224.16
293	47130.47	2224.16
294	47130.47	2224.16
295	47130.47	2224.16
296	47130.47	2224.16
297	47130.47	2224.16
298	47130.47	2224.16
299	47130.47	2224.16
300	47130.47	2224.16
301	47130.47	2224.16
302	47130.47	2224.16
303	47130.47	2224.16
304	47130.47	2224.16
305	47130.47	2224.16
306	47130.47	2224.16
307	47130.47	2224.16
308	47130.47	2224.16
309	47130.47	2224.16
310	47130.47	2224.16
311	47130.47	2224.16
312	47130.47	2224.16
313	47130.47	2224.16
314	47130.47	2224.16
315	47130.47	2224.16
316	47130.47	2224.16
317	47130.47	2224.16
318	47130.47	2224.16
319	47130.47	2224.16
