1	1410428928	536870912	0	2324492288	1073741824	0	1368064	536870912	0	1433600	1073741824	0	468844544
2	1410428928	536870912	0	2324492288	1073741824	0	1368064	536870912	0	1433600	1073741824	0	468774912
3	1410707456	536870912	0	2325024768	1073741824	0	1368064	536870912	0	1433600	1073741824	0	466894848
4	1411612672	536870912	0	2326806528	1073741824	0	1368064	536870912	0	1433600	1073741824	0	463556608
5	1412845568	536870912	0	2418831360	1073741824	0	1368064	536870912	0	1433600	1073741824	0	371216384
6	1414504448	536870912	0	2423218176	1073741824	0	1368064	536870912	0	1433600	1073741824	0	364068864
7	1416196096	536870912	0	2424696832	1073741824	0	1368064	536870912	0	1433600	1073741824	0	360742912
8	1418149888	536870912	0	2426593280	1073741824	0	1368064	536870912	0	1433600	1073741824	0	357629952
9	1429532672	536870912	0	2428461056	1073741824	0	1368064	536870912	0	1433600	1073741824	0	342880256
10	1431293952	536870912	0	2430062592	1073741824	0	1368064	536870912	0	1433600	1073741824	0	339021824
11	1461522432	536870912	0	2432016384	1073741824	0	1368064	536870912	0	1433600	1073741824	0	306475008
12	1462689792	536870912	0	2433839104	1073741824	0	1368064	536870912	0	1433600	1073741824	0	303337472
13	1463595008	536870912	0	2435510272	1073741824	0	1368064	536870912	0	1433600	1073741824	0	300609536
14	1464631296	536870912	0	2436816896	1073741824	0	1368064	536870912	0	1433600	1073741824	0	298086400
15	1473794048	536870912	0	2438770688	1073741824	0	1368064	536870912	0	1433600	1073741824	0	287379456
16	1477320704	536870912	0	2440724480	1073741824	0	1368064	536870912	0	1433600	1073741824	0	281563136
17	1478619136	536870912	0	2442416128	1073741824	0	1368064	536870912	0	1433600	1073741824	0	278171648
18	1479917568	536870912	0	2444500992	1073741824	0	1368064	536870912	0	1433600	1073741824	0	274325504
19	1481261056	536870912	0	2446573568	1073741824	0	1368064	536870912	0	1433600	1073741824	0	270307328
20	1482690560	536870912	0	2448470016	1073741824	0	1368064	536870912	0	1433600	1073741824	0	267296768
21	1484197888	536870912	0	2451079168	1073741824	0	1368064	536870912	0	1433600	1073741824	0	263000064
22	1485627392	536870912	0	2453032960	1073741824	0	1368064	536870912	0	1433600	1073741824	0	258760704
23	1487056896	536870912	0	2455326720	1073741824	0	1368064	536870912	0	1433600	1073741824	0	254500864
24	1488457728	536870912	0	2457300992	1073741824	0	1368064	536870912	0	1433600	1073741824	0	251289600
25	1490034688	536870912	0	2459324416	1073741824	0	1368064	536870912	0	1433600	1073741824	0	247267328
26	1491841024	536870912	0	2461708288	1073741824	0	1368064	536870912	0	1433600	1073741824	0	242663424
27	1493258240	536870912	0	2464374784	1073741824	0	1368064	536870912	0	1433600	1073741824	0	238075904
28	1494818816	536870912	0	2468057088	1073741824	0	1368064	536870912	0	1433600	1073741824	0	232673280
29	1496236032	536870912	0	2471550976	1073741824	0	1368064	536870912	0	1433600	1073741824	0	226975744
30	1497796608	536870912	0	2474840064	1073741824	0	1368064	536870912	0	1433600	1073741824	0	222076928
31	1499226112	536870912	0	2478067712	1073741824	0	1368064	536870912	0	1433600	1073741824	0	216834048
32	1500524544	536870912	0	2481295360	1073741824	0	1368064	536870912	0	1433600	1073741824	0	212082688
33	1501822976	536870912	0	2484477952	1073741824	0	1368064	536870912	0	1433600	1073741824	0	207679488
34	1503383552	536870912	0	2487611392	1073741824	0	1368064	536870912	0	1433600	1073741824	0	202526720
35	1505730560	536870912	0	2490757120	1073741824	0	1368064	536870912	0	1433600	1073741824	0	196898816
36	1507815424	536870912	0	2493378560	1073741824	0	1368064	536870912	0	1433600	1073741824	0	191311872
37	1510031360	536870912	0	2496241664	1073741824	0	1368064	536870912	0	1433600	1073741824	0	186470400
38	1529417728	536870912	0	2499149824	1073741824	0	1368064	536870912	0	1433600	1073741824	0	163561472
39	1622687744	536870912	0	2404851712	1073741824	1401401344	1368064	536870912	0	1433600	1073741824	0	163991552
40	1643593728	536870912	0	2359283712	1073741824	2078502912	1368064	536870912	0	1433600	1073741824	0	187715584
41	1672957952	536870912	0	2355081216	1073741824	2078502912	1368064	536870912	0	1433600	1073741824	0	180195328
42	1722261504	536870912	0	2275864576	1073741824	3373862912	1368064	536870912	0	1433600	1073741824	0	209629184
43	1769660416	536870912	8523776	2277273600	1073741824	3373862912	1368064	536870912	0	1433600	1073741824	0	159879168
44	1729900544	536870912	632307712	2230554624	1073741824	3980767232	1368064	536870912	0	1433600	1073741824	0	248197120
45	1732206592	536870912	632307712	2230784000	1073741824	3980767232	1368064	536870912	0	1433600	1073741824	0	246927360
46	1771778048	536870912	632307712	2234810368	1073741824	3980767232	1368064	536870912	0	1433600	1073741824	0	201670656
47	1803718656	536870912	632307712	2232242176	1073741824	3980767232	1368064	536870912	0	1433600	1073741824	0	187891712
48	1825943552	536870912	632307712	2229731328	1073741824	3980767232	1368064	536870912	0	1433600	1073741824	0	184217600
49	1772118016	536870912	1338834944	2233774080	1073741824	3980767232	1368064	536870912	0	1433600	1073741824	0	235966464
50	1794387968	536870912	1338834944	2237784064	1073741824	3980767232	1368064	536870912	0	1433600	1073741824	0	207601664
51	1795686400	536870912	1338834944	2237652992	1073741824	3980767232	1368064	536870912	0	1433600	1073741824	0	207425536
52	1796907008	536870912	1338834944	2238308352	1073741824	3980767232	1368064	536870912	0	1433600	1073741824	0	206905344
53	1798074368	536870912	1338834944	2242174976	1073741824	3980767232	1368064	536870912	0	1433600	1073741824	0	200364032
54	1799192576	536870912	1338834944	2245992448	1073741824	3980767232	1368064	536870912	0	1433600	1073741824	0	195432448
55	1800491008	536870912	1338834944	2262282240	1073741824	3980767232	1368064	536870912	0	1433600	1073741824	0	176746496
56	1733439488	536870912	1978204160	2338799616	1073741824	4064960512	1368064	536870912	0	1433600	1073741824	0	162238464
57	1735774208	536870912	1978204160	2300727296	1073741824	5275660288	1368064	536870912	0	1433600	1073741824	0	195051520
58	1737564160	536870912	1978204160	2298363904	1073741824	5973577728	1368064	536870912	0	1433600	1073741824	0	194584576
59	1728122880	536870912	1978204160	2346483712	1073741824	5973577728	1368064	536870912	0	1433600	1073741824	0	185696256
60	1729265664	536870912	1978204160	2357559296	1073741824	6679146496	1368064	536870912	0	1433600	1073741824	0	168894464
61	1730269184	536870912	1978204160	2331951104	1073741824	7715500032	1368064	536870912	0	1433600	1073741824	0	187351040
62	1731067904	536870912	1978204160	2309103616	1073741824	8658092032	1368064	536870912	0	1433600	1073741824	0	203665408
63	1732022272	536870912	1978204160	2311725056	1073741824	9351221248	1368064	536870912	0	1433600	1073741824	0	192651264
64	1733001216	536870912	1978204160	2319081472	1073741824	9994530816	1368064	536870912	0	1433600	1073741824	0	178294784
65	1733951488	536870912	1978204160	2300964864	1073741824	10657501184	1368064	536870912	0	1433600	1073741824	0	191569920
66	1735192576	536870912	1978204160	2287362048	1073741824	11100401664	1368064	536870912	0	1433600	1073741824	0	201125888
67	1736232960	536870912	1978204160	2292154368	1073741824	11319406592	1368064	536870912	0	1433600	1073741824	0	191180800
68	1737400320	536870912	1978204160	2311122944	1073741824	11319406592	1368064	536870912	0	1433600	1073741824	0	166998016
69	1738338304	536870912	1978204160	2274377728	1073741824	11957452800	1368064	536870912	0	1433600	1073741824	0	202084352
70	1739636736	536870912	1978204160	2286026752	1073741824	11957452800	1368064	536870912	0	1433600	1073741824	0	186368000
71	1740877824	536870912	1978204160	2290724864	1073741824	11957452800	1368064	536870912	0	1433600	1073741824	0	180715520
72	1742176256	536870912	1978204160	2290651136	1073741824	11957452800	1368064	536870912	0	1433600	1073741824	0	179359744
73	1743343616	536870912	1978204160	2290651136	1073741824	11957452800	1368064	536870912	0	1433600	1073741824	0	178585600
74	1744510976	536870912	1978204160	2290651136	1073741824	11957452800	1368064	536870912	0	1433600	1073741824	0	177520640
75	1745559552	536870912	1978204160	2251878400	1073741824	12610625536	1368064	536870912	0	1433600	1073741824	0	214933504
76	1746726912	536870912	1978204160	2288148480	1073741824	12610625536	1368064	536870912	0	1433600	1073741824	0	172634112
77	1747722240	536870912	1978204160	2240696320	1073741824	13272973312	1368064	536870912	0	1433600	1073741824	0	216608768
78	1748881408	536870912	1978204160	2264899584	1073741824	13272973312	1368064	536870912	0	1433600	1073741824	0	188788736
79	1750163456	536870912	1978204160	2268864512	1073741824	13272973312	1368064	536870912	0	1433600	1073741824	0	182546432
80	1751269376	536870912	1978204160	2274168832	1073741824	13272973312	1368064	536870912	0	1433600	1073741824	0	174854144
81	1752436736	536870912	1978204160	2279669760	1073741824	13272973312	1368064	536870912	0	1433600	1073741824	0	167124992
82	1753473024	536870912	1978204160	2285031424	1073741824	13272973312	1368064	536870912	0	1433600	1073741824	0	158490624
83	1722892288	536870912	2282483712	2272063488	1073741824	13587603456	1368064	536870912	0	1433600	1073741824	0	202256384
84	1724059648	536870912	2282483712	2286616576	1073741824	13587603456	1368064	536870912	0	1433600	1073741824	0	184217600
85	1725227008	536870912	2282483712	2301120512	1073741824	13587603456	1368064	536870912	0	1433600	1073741824	0	167780352
86	1726296064	536870912	2282483712	2255368192	1073741824	14228840448	1368064	536870912	0	1433600	1073741824	0	211959808
87	1727463424	536870912	2282483712	2277650432	1073741824	14228840448	1368064	536870912	0	1433600	1073741824	0	185638912
88	1728630784	536870912	2282483712	2297393152	1073741824	14228840448	1368064	536870912	0	1433600	1073741824	0	162709504
89	1729581056	536870912	2282483712	2241642496	1073741824	14886285312	1368064	536870912	0	1433600	1073741824	0	215941120
90	1730617344	536870912	2282483712	2247745536	1073741824	14886285312	1368064	536870912	0	1433600	1073741824	0	207806464
91	1731784704	536870912	2282483712	2253602816	1073741824	14886285312	1368064	536870912	0	1433600	1073741824	0	199122944
92	1733083136	536870912	2282483712	2260545536	1073741824	14886285312	1368064	536870912	0	1433600	1073741824	0	189493248
93	1734250496	536870912	2282483712	2267164672	1073741824	14886285312	1368064	536870912	0	1433600	1073741824	0	180363264
94	1735417856	536870912	2282483712	2273013760	1073741824	14886285312	1368064	536870912	0	1433600	1073741824	0	171700224
95	1736454144	536870912	2282483712	2278117376	1073741824	14886285312	1368064	536870912	0	1433600	1073741824	0	163454976
96	1736187904	536870912	2282483712	2281852928	1073741824	14886285312	1368064	536870912	0	1433600	1073741824	0	163172352
97	1731969024	536870912	2282483712	2281160704	1073741824	14886285312	1368064	536870912	0	1433600	1073741824	0	179474432
98	1733136384	536870912	2282483712	2287308800	1073741824	14886285312	1368064	536870912	0	1433600	1073741824	0	171810816
99	1734213632	536870912	2282483712	2291871744	1073741824	14886285312	1368064	536870912	0	1433600	1073741824	0	165666816
100	1735380992	536870912	2282483712	2296979456	1073741824	14886285312	1368064	536870912	0	1433600	1073741824	0	158035968
101	1736273920	536870912	2282483712	2251866112	1073741824	15532826624	1368064	536870912	0	1433600	1073741824	0	193052672
102	1737572352	536870912	2282483712	2254368768	1073741824	15532826624	1368064	536870912	0	1433600	1073741824	0	186318848
103	1738711040	536870912	2282483712	2260410368	1073741824	15532826624	1368064	536870912	0	1433600	1073741824	0	176713728
104	1739882496	536870912	2282483712	2265354240	1073741824	15532826624	1368064	536870912	0	1433600	1073741824	0	168501248
105	1740992512	536870912	2282483712	2269687808	1073741824	15532826624	1368064	536870912	0	1433600	1073741824	0	170823680
106	1685180416	536870912	2906669056	2173190144	1073741824	16625401856	1368064	536870912	0	1433600	1073741824	0	225452032
107	1490620416	536870912	5650984960	2032877568	1073741824	18117902336	1368064	536870912	0	1433600	1073741824	0	231034880
108	1317593088	536870912	7525953536	1829130240	1073741824	20203978752	1368064	536870912	0	1433600	1073741824	0	213184512
109	1120804864	536870912	9511227392	1670770688	1073741824	21640515584	1368064	536870912	0	1433600	1073741824	0	167702528
110	1120776192	536870912	9511227392	1641447424	1073741824	21817982976	1368064	536870912	0	1433600	1073741824	0	198377472
111	1120653312	536870912	9511227392	1641340928	1073741824	21817982976	1368064	536870912	0	1433600	1073741824	0	197832704
112	1136500736	536870912	9511227392	1652002816	1073741824	21817982976	1368064	536870912	0	1433600	1073741824	0	171708416
113	1141751808	536870912	9837678592	1654046720	1073741824	21817982976	1368064	536870912	0	1433600	1073741824	0	179073024
114	1135558656	536870912	10177425408	1661513728	1073741824	21817982976	1368064	536870912	0	1433600	1073741824	0	173289472
115	1135996928	536870912	10508988416	1668476928	1073741824	21817982976	1368064	536870912	0	1433600	1073741824	0	160047104
116	1124061184	536870912	10971299840	1650855936	1073741824	21971292160	1368064	536870912	0	1433600	1073741824	0	182956032
117	1134178304	536870912	11283267584	1651519488	1073741824	21971292160	1368064	536870912	0	1433600	1073741824	0	181071872
118	1116663808	536870912	11909369856	1659105280	1073741824	21971292160	1368064	536870912	0	1433600	1073741824	0	187088896
119	1125806080	536870912	12227887104	1667469312	1073741824	21971292160	1368064	536870912	0	1433600	1073741824	0	163164160
120	1143422976	536870912	12650213376	1640673280	1073741824	22276763648	1368064	536870912	0	1433600	1073741824	0	162349056
121	1111228416	536870912	13483679744	1646268416	1073741824	22276763648	1368064	536870912	0	1433600	1073741824	0	179294208
122	1097093120	536870912	13936615424	1621405696	1073741824	22448435200	1368064	536870912	0	1433600	1073741824	0	214728704
123	1115701248	536870912	14554152960	1629822976	1073741824	22448435200	1368064	536870912	0	1433600	1073741824	0	178016256
124	1124061184	536870912	15240892416	1635794944	1073741824	22448435200	1368064	536870912	0	1433600	1073741824	0	157351936
125	1095405568	536870912	15927214080	1612722176	1073741824	22604804096	1368064	536870912	0	1433600	1073741824	0	205426688
126	1127768064	536870912	15927214080	1621102592	1073741824	22604804096	1368064	536870912	0	1433600	1073741824	0	156585984
127	1075441664	536870912	16835956736	1625993216	1073741824	22604804096	1368064	536870912	0	1433600	1073741824	0	203153408
128	1090691072	536870912	17042137088	1634009088	1073741824	22604804096	1368064	536870912	0	1433600	1073741824	0	169418752
129	1106989056	536870912	17122361344	1600888832	1073741824	22921846784	1368064	536870912	0	1433600	1073741824	0	183037952
130	1107435520	536870912	17419657216	1607467008	1073741824	22921846784	1368064	536870912	0	1433600	1073741824	0	169062400
131	1100550144	536870912	17738133504	1614307328	1073741824	22921846784	1368064	536870912	0	1433600	1073741824	0	164036608
132	1101373440	536870912	17738133504	1614479360	1073741824	22921846784	1368064	536870912	0	1433600	1073741824	0	161906688
133	1101312000	536870912	17738133504	1614331904	1073741824	22921846784	1368064	536870912	0	1433600	1073741824	0	161665024
134	1101312000	536870912	17738133504	1614331904	1073741824	22921846784	1368064	536870912	0	1433600	1073741824	0	161357824
135	1061453824	536870912	18038988800	1616519168	1073741824	22921846784	1368064	536870912	0	1433600	1073741824	0	195284992
136	1067499520	536870912	18038988800	1619283968	1073741824	22921846784	1368064	536870912	0	1433600	1073741824	0	180690944
137	1075892224	536870912	18038988800	1621970944	1073741824	22921846784	1368064	536870912	0	1433600	1073741824	0	166371328
138	1076011008	536870912	18038988800	1621958656	1073741824	22921846784	1368064	536870912	0	1433600	1073741824	0	166322176
139	1075998720	536870912	18038988800	1622077440	1073741824	22921846784	1368064	536870912	0	1433600	1073741824	0	166195200
140	1079214080	536870912	18038988800	1616474112	1073741824	23079997440	1368064	536870912	0	1433600	1073741824	0	163426304
141	1051766784	536870912	18335158272	1621696512	1073741824	23208124416	1368064	536870912	0	1433600	1073741824	0	180236288
142	910528512	536870912	19497816064	1439240192	1073741824	24649023488	1368064	536870912	0	1433600	1073741824	0	172060672
143	750534656	536870912	20628291584	1262903296	1073741824	25870622720	1368064	536870912	0	1433600	1073741824	0	151703552
144	614133760	536870912	21153615872	1150906368	1073741824	26450116608	1368064	536870912	0	1433600	1073741824	0	195915776
145	625995776	536870912	21229473792	1151680512	1073741824	26521477120	1368064	536870912	0	1433600	1073741824	0	181747712
146	633556992	536870912	21358280704	1165963264	1073741824	26547154944	1368064	536870912	0	1433600	1073741824	0	168951808
147	647675904	536870912	21437685760	1172074496	1073741824	26627469312	1368064	536870912	0	1433600	1073741824	0	163495936
148	649207808	536870912	21587320832	1180540928	1073741824	26688684032	1368064	536870912	0	1433600	1073741824	0	158834688
149	647753728	536870912	21716582400	1172291584	1073741824	26763509760	1368064	536870912	0	1433600	1073741824	0	178835456
150	651370496	536870912	21912985600	1190371328	1073741824	26802974720	1368064	536870912	0	1433600	1073741824	0	154656768
151	658255872	536870912	22069264384	1203384320	1073741824	26837217280	1368064	536870912	0	1433600	1073741824	0	167227392
152	674394112	536870912	22227787776	1211355136	1073741824	26917388288	1368064	536870912	0	1433600	1073741824	0	141438976
153	676360192	536870912	22375653376	1214803968	1073741824	26953953280	1368064	536870912	0	1433600	1073741824	0	167833600
154	685637632	536870912	22375653376	1212727296	1073741824	27038793728	1368064	536870912	0	1433600	1073741824	0	173715456
155	673083392	536870912	22465060864	1207287808	1073741824	27191164928	1368064	536870912	0	1433600	1073741824	0	191422464
156	679628800	536870912	22465060864	1201143808	1073741824	27359145984	1368064	536870912	0	1433600	1073741824	0	185430016
157	672858112	536870912	22545383424	1212465152	1073741824	27436564480	1368064	536870912	0	1433600	1073741824	0	178515968
158	681201664	536870912	22545383424	1206554624	1073741824	27599491072	1368064	536870912	0	1433600	1073741824	0	170237952
159	663187456	536870912	22828748800	1196564480	1073741824	27763060736	1368064	536870912	0	1433600	1073741824	0	194080768
160	676212736	536870912	22935928832	1213349888	1073741824	27875598336	1368064	536870912	0	1433600	1073741824	0	157683712
161	671891456	536870912	23048466432	1207312384	1073741824	28000620544	1368064	536870912	0	1433600	1073741824	0	165310464
162	663834624	536870912	23162957824	1213583360	1073741824	28120461312	1368064	536870912	0	1433600	1073741824	0	163766272
163	658518016	536870912	23350935552	1199390720	1073741824	28310855680	1368064	536870912	0	1433600	1073741824	0	181465088
164	670208000	536870912	23350935552	1193283584	1073741824	28456259584	1368064	536870912	0	1433600	1073741824	0	168820736
165	670388224	536870912	23514050560	1201332224	1073741824	28588216320	1368064	536870912	0	1433600	1073741824	0	157175808
166	660320256	536870912	23658942464	1193979904	1073741824	28765822976	1368064	536870912	0	1433600	1073741824	0	174624768
167	656494592	536870912	23699415040	1195724800	1073741824	28800208896	1368064	536870912	0	1433600	1073741824	0	189984768
168	658247680	536870912	23699415040	1196761088	1073741824	28800208896	1368064	536870912	0	1433600	1073741824	0	187711488
169	658329600	536870912	23699415040	1196761088	1073741824	28800208896	1368064	536870912	0	1433600	1073741824	0	186761216
170	668188672	536870912	23699415040	1195036672	1073741824	28950638592	1368064	536870912	0	1433600	1073741824	0	175460352
171	658939904	536870912	23874269184	1205886976	1073741824	29110489088	1368064	536870912	0	1433600	1073741824	0	165093376
172	646717440	536870912	24065097728	1193783296	1073741824	29337247744	1368064	536870912	0	1433600	1073741824	0	183128064
173	658132992	536870912	24065097728	1197633536	1073741824	29480964096	1368064	536870912	0	1433600	1073741824	0	160276480
174	665780224	536870912	24129282048	1179746304	1073741824	29615816704	1368064	536870912	0	1433600	1073741824	0	174993408
175	556716032	536870912	24565452800	1092341760	1073741824	29821100032	1368064	536870912	0	1433600	1073741824	0	154714112
176	499597312	536870912	24607973376	1003040768	1073741824	29842198528	1368064	536870912	0	1433600	1073741824	0	173797376
177	504819712	536870912	24607973376	994271232	1073741824	29842198528	1368064	536870912	0	1433600	1073741824	0	163352576
178	522006528	536870912	24607973376	1017319424	1073741824	29842198528	1368064	536870912	0	1433600	1073741824	0	173715456
179	530919424	536870912	24607973376	1050755072	1073741824	29842198528	1368064	536870912	0	1433600	1073741824	0	159842304
180	537067520	536870912	24626704384	1067503616	1073741824	29842198528	1368064	536870912	0	1433600	1073741824	0	170688512
181	540073984	536870912	24657911808	1077493760	1073741824	29864329216	1368064	536870912	0	1433600	1073741824	0	172400640
182	539844608	536870912	24673296384	1080872960	1073741824	29906157568	1368064	536870912	0	1433600	1073741824	0	172175360
183	544718848	536870912	24693063680	1090985984	1073741824	29947375616	1368064	536870912	0	1433600	1073741824	0	158842880
184	545488896	536870912	24714756096	1088040960	1073741824	30002237440	1368064	536870912	0	1433600	1073741824	0	176771072
185	545337344	536870912	24727068672	1084256256	1073741824	30069198848	1368064	536870912	0	1433600	1073741824	0	182009856
186	547397632	536870912	24739459072	1094664192	1073741824	30107111424	1368064	536870912	0	1433600	1073741824	0	165502976
187	546836480	536870912	24756875264	1086156800	1073741824	30178328576	1368064	536870912	0	1433600	1073741824	0	174202880
188	544399360	536870912	24770404352	1081544704	1073741824	30223069184	1368064	536870912	0	1433600	1073741824	0	182898688
189	539131904	536870912	24790376448	1076006912	1073741824	30282227712	1368064	536870912	0	1433600	1073741824	0	190681088
190	539312128	536870912	24790376448	1076477952	1073741824	30282227712	1368064	536870912	0	1433600	1073741824	0	189829120
191	541392896	536870912	24790376448	1103634432	1073741824	30282227712	1368064	536870912	0	1433600	1073741824	0	158593024
192	539422720	536870912	24802820096	1082945536	1073741824	30482243584	1368064	536870912	0	1433600	1073741824	0	186687488
193	539914240	536870912	24802820096	1076469760	1073741824	30503272448	1368064	536870912	0	1433600	1073741824	0	193163264
194	543653888	536870912	24802820096	1081827328	1073741824	30608445440	1368064	536870912	0	1433600	1073741824	0	187482112
195	543969280	536870912	24812863488	1085505536	1073741824	30741975040	1368064	536870912	0	1433600	1073741824	0	182153216
196	549117952	536870912	24812863488	1092300800	1073741824	30847537152	1368064	536870912	0	1433600	1073741824	0	173928448
197	552132608	536870912	24817172480	1086730240	1073741824	30987776000	1368064	536870912	0	1433600	1073741824	0	180531200
198	543813632	536870912	24867405824	1070395392	1073741824	31045529600	1368064	536870912	0	1433600	1073741824	0	204414976
199	551378944	536870912	24867405824	1093988352	1073741824	31045529600	1368064	536870912	0	1433600	1073741824	0	168337408
200	548130816	536870912	24892473344	1084203008	1073741824	31148236800	1368064	536870912	0	1433600	1073741824	0	184008704
201	550707200	536870912	24902627328	1084141568	1073741824	31197720576	1368064	536870912	0	1433600	1073741824	0	187084800
202	551432192	536870912	24916045824	1087381504	1073741824	31241908224	1368064	536870912	0	1433600	1073741824	0	183738368
203	556617728	536870912	24916045824	1109209088	1073741824	31261007872	1368064	536870912	0	1433600	1073741824	0	171327488
204	557797376	536870912	24922263552	1093840896	1073741824	31347679232	1368064	536870912	0	1433600	1073741824	0	183304192
205	559329280	536870912	24928739328	1090527232	1073741824	31415717888	1368064	536870912	0	1433600	1073741824	0	169668608
206	506990592	536870912	24972587008	974102528	1073741824	31439011840	1368064	536870912	0	1433600	1073741824	0	165994496
207	505237504	536870912	24972587008	975286272	1073741824	31439011840	1368064	536870912	0	1433600	1073741824	0	173187072
208	508723200	536870912	24972587008	996061184	1073741824	31439011840	1368064	536870912	0	1433600	1073741824	0	173711360
209	513449984	536870912	24972587008	1005432832	1073741824	31439011840	1368064	536870912	0	1433600	1073741824	0	175267840
210	518017024	536870912	24972587008	1019904000	1073741824	31439011840	1368064	536870912	0	1433600	1073741824	0	174338048
211	522551296	536870912	24972587008	1034620928	1073741824	31439011840	1368064	536870912	0	1433600	1073741824	0	165318656
212	526893056	536870912	24972587008	1036849152	1073741824	31439011840	1368064	536870912	0	1433600	1073741824	0	171290624
213	531263488	536870912	24972587008	1039155200	1073741824	31439011840	1368064	536870912	0	1433600	1073741824	0	176017408
214	537812992	536870912	24972587008	1047322624	1073741824	31439011840	1368064	536870912	0	1433600	1073741824	0	158019584
215	549666816	536870912	25012740096	1045262336	1073741824	31439011840	1368064	536870912	0	1433600	1073741824	0	167677952
216	559992832	536870912	25055870976	1046786048	1073741824	31439011840	1368064	536870912	0	1433600	1073741824	0	161705984
217	549605376	536870912	25157500928	1044783104	1073741824	31439011840	1368064	536870912	0	1433600	1073741824	0	189005824
218	555532288	536870912	25297412096	1048305664	1073741824	31439011840	1368064	536870912	0	1433600	1073741824	0	182996992
219	552525824	536870912	25329713152	1056780288	1073741824	31439011840	1368064	536870912	0	1433600	1073741824	0	175108096
220	566771712	536870912	25389981696	1060540416	1073741824	31439011840	1368064	536870912	0	1433600	1073741824	0	156332032
221	564322304	536870912	25389981696	1054457856	1073741824	31439011840	1368064	536870912	0	1433600	1073741824	0	180031488
222	574013440	536870912	25389981696	1056284672	1073741824	31439011840	1368064	536870912	0	1433600	1073741824	0	167878656
223	571166720	536870912	25468194816	1062526976	1073741824	31439011840	1368064	536870912	0	1433600	1073741824	0	164413440
224	565854208	536870912	25554169856	1067429888	1073741824	31439011840	1368064	536870912	0	1433600	1073741824	0	167624704
225	577998848	536870912	25576398848	1069826048	1073741824	31439011840	1368064	536870912	0	1433600	1073741824	0	164450304
226	569454592	536870912	25679179776	1076199424	1073741824	31439011840	1368064	536870912	0	1433600	1073741824	0	166477824
227	569319424	536870912	25759006720	1081634816	1073741824	31439011840	1368064	536870912	0	1433600	1073741824	0	163594240
228	564637696	536870912	25837817856	1087369216	1073741824	31439011840	1368064	536870912	0	1433600	1073741824	0	163905536
229	567631872	536870912	25902809088	1092489216	1073741824	31439011840	1368064	536870912	0	1433600	1073741824	0	158560256
230	567152640	536870912	25983856640	1094012928	1073741824	31439011840	1368064	536870912	0	1433600	1073741824	0	170115072
231	567799808	536870912	26077544448	1098280960	1073741824	31439011840	1368064	536870912	0	1433600	1073741824	0	167706624
232	575959040	536870912	26145583104	1096388608	1073741824	31457759232	1368064	536870912	0	1433600	1073741824	0	164597760
233	575614976	536870912	26245066752	1096822784	1073741824	31464968192	1368064	536870912	0	1433600	1073741824	0	174465024
234	591486976	536870912	26274312192	1098489856	1073741824	31464968192	1368064	536870912	0	1433600	1073741824	0	167768064
235	571588608	536870912	26471100416	1103572992	1073741824	31464968192	1368064	536870912	0	1433600	1073741824	0	172052480
236	567910400	536870912	26546577408	1105604608	1073741824	31464968192	1368064	536870912	0	1433600	1073741824	0	183463936
237	567808000	536870912	26546577408	1105604608	1073741824	31464968192	1368064	536870912	0	1433600	1073741824	0	184164352
238	578031616	536870912	26546577408	1108475904	1073741824	31464968192	1368064	536870912	0	1433600	1073741824	0	169164800
239	515915776	536870912	26638381056	1028083712	1073741824	31531790336	1368064	536870912	0	1433600	1073741824	0	157573120
240	499404800	536870912	26638381056	982609920	1073741824	31531790336	1368064	536870912	0	1433600	1073741824	0	172109824
241	514985984	536870912	26638381056	980328448	1073741824	31531790336	1368064	536870912	0	1433600	1073741824	0	181035008
242	533815296	536870912	26638381056	983986176	1073741824	31531790336	1368064	536870912	0	1433600	1073741824	0	159997952
243	548175872	536870912	26638381056	982781952	1073741824	31531790336	1368064	536870912	0	1433600	1073741824	0	165818368
244	561909760	536870912	26638381056	980537344	1073741824	31531790336	1368064	536870912	0	1433600	1073741824	0	176574464
245	575713280	536870912	26638381056	983785472	1073741824	31531790336	1368064	536870912	0	1433600	1073741824	0	157753344
246	586919936	536870912	26638381056	980721664	1073741824	31531790336	1368064	536870912	0	1433600	1073741824	0	172027904
247	594616320	536870912	26638381056	980185088	1073741824	31531790336	1368064	536870912	0	1433600	1073741824	0	174706688
248	594763776	536870912	26638381056	980111360	1073741824	31531790336	1368064	536870912	0	1433600	1073741824	0	174297088
249	604667904	536870912	26638381056	977813504	1073741824	31531790336	1368064	536870912	0	1433600	1073741824	0	188727296
250	622936064	536870912	26638381056	982274048	1073741824	31531790336	1368064	536870912	0	1433600	1073741824	0	164671488
251	635285504	536870912	26638381056	989515776	1073741824	31531790336	1368064	536870912	0	1433600	1073741824	0	165974016
252	604794880	536870912	26869473280	1024159744	1073741824	31531790336	1368064	536870912	0	1433600	1073741824	0	160419840
253	581070848	536870912	27030044672	1053249536	1073741824	31531790336	1368064	536870912	0	1433600	1073741824	0	156499968
254	563097600	536870912	27110318080	1079250944	1073741824	31531790336	1368064	536870912	0	1433600	1073741824	0	175165440
255	561631232	536870912	27173392384	1099931648	1073741824	31567388672	1368064	536870912	0	1433600	1073741824	0	163233792
256	564011008	536870912	27190816768	1104216064	1073741824	31594844160	1368064	536870912	0	1433600	1073741824	0	157167616
257	552861696	536870912	27227922432	1093906432	1073741824	31673569280	1368064	536870912	0	1433600	1073741824	0	180662272
258	553054208	536870912	27261247488	1088143360	1073741824	31759323136	1368064	536870912	0	1433600	1073741824	0	187392000
259	550539264	536870912	27272155136	1091633152	1073741824	31768444928	1368064	536870912	0	1433600	1073741824	0	186773504
260	554070016	536870912	27272155136	1101533184	1073741824	31768444928	1368064	536870912	0	1433600	1073741824	0	172199936
261	563167232	536870912	27288641536	1096458240	1073741824	31827656704	1368064	536870912	0	1433600	1073741824	0	168390656
262	571133952	536870912	27352985600	1098366976	1073741824	31854546944	1368064	536870912	0	1433600	1073741824	0	160821248
263	579932160	536870912	27431563264	1100582912	1073741824	31875067904	1368064	536870912	0	1433600	1073741824	0	159637504
264	562569216	536870912	27554275328	1104748544	1073741824	31875067904	1368064	536870912	0	1433600	1073741824	0	191393792
265	572669952	536870912	27597529088	1118224384	1073741824	31875067904	1368064	536870912	0	1433600	1073741824	0	165916672
266	573857792	536870912	27613782016	1116692480	1073741824	31931170816	1368064	536870912	0	1433600	1073741824	0	164564992
267	568168448	536870912	27692716032	1097703424	1073741824	32025300992	1368064	536870912	0	1433600	1073741824	0	183701504
268	572510208	536870912	27714949120	1101877248	1073741824	32031727616	1368064	536870912	0	1433600	1073741824	0	146436096
269	488771584	536870912	27787173888	1004998656	1073741824	32076951552	1368064	536870912	0	1433600	1073741824	0	170803200
270	473497600	536870912	27787173888	984326144	1073741824	32076951552	1368064	536870912	0	1433600	1073741824	0	173543424
271	485548032	536870912	27787173888	992940032	1073741824	32076951552	1368064	536870912	0	1433600	1073741824	0	167120896
272	489582592	536870912	27787173888	1002008576	1073741824	32076951552	1368064	536870912	0	1433600	1073741824	0	169443328
273	497532928	536870912	27787173888	1005703168	1073741824	32076951552	1368064	536870912	0	1433600	1073741824	0	171024384
274	502038528	536870912	27787173888	1016709120	1073741824	32076951552	1368064	536870912	0	1433600	1073741824	0	169951232
275	516075520	536870912	27787173888	1024176128	1073741824	32076951552	1368064	536870912	0	1433600	1073741824	0	161230848
276	516177920	536870912	27787173888	1021009920	1073741824	32076951552	1368064	536870912	0	1433600	1073741824	0	178212864
277	520839168	536870912	27787173888	1031544832	1073741824	32076951552	1368064	536870912	0	1433600	1073741824	0	162717696
278	528838656	536870912	27787173888	1041670144	1073741824	32076951552	1368064	536870912	0	1433600	1073741824	0	157106176
279	534654976	536870912	27787173888	1044475904	1073741824	32076951552	1368064	536870912	0	1433600	1073741824	0	175710208
280	540282880	536870912	27797114880	1055621120	1073741824	32076951552	1368064	536870912	0	1433600	1073741824	0	171864064
281	536322048	536870912	27813744640	1065619456	1073741824	32076951552	1368064	536870912	0	1433600	1073741824	0	177455104
282	537067520	536870912	27841159168	1074900992	1073741824	32076951552	1368064	536870912	0	1433600	1073741824	0	179785728
283	545112064	536870912	27841159168	1087995904	1073741824	32076951552	1368064	536870912	0	1433600	1073741824	0	157904896
284	550301696	536870912	27848478720	1083592704	1073741824	32109084672	1368064	536870912	0	1433600	1073741824	0	168185856
285	543830016	536870912	27871068160	1075650560	1073741824	32135237632	1368064	536870912	0	1433600	1073741824	0	188833792
286	554291200	536870912	27871068160	1090056192	1073741824	32135237632	1368064	536870912	0	1433600	1073741824	0	162766848
287	547368960	536870912	27893190656	1087971328	1073741824	32168439808	1368064	536870912	0	1433600	1073741824	0	174833664
288	547631104	536870912	27900633088	1081847808	1073741824	32222818304	1368064	536870912	0	1433600	1073741824	0	183177216
289	549978112	536870912	27900633088	1090879488	1073741824	32222818304	1368064	536870912	0	1433600	1073741824	0	171802624
290	552005632	536870912	27900633088	1099649024	1073741824	32222818304	1368064	536870912	0	1433600	1073741824	0	159641600
291	550383616	536870912	27910881280	1096310784	1073741824	32274640896	1368064	536870912	0	1433600	1073741824	0	165896192
292	550428672	536870912	27918274560	1093578752	1073741824	32320532480	1368064	536870912	0	1433600	1073741824	0	168751104
293	550490112	536870912	27918274560	1102323712	1073741824	32320532480	1368064	536870912	0	1433600	1073741824	0	171642880
294	550998016	536870912	27918274560	1110433792	1073741824	32320532480	1368064	536870912	0	1433600	1073741824	0	175579136
295	551792640	536870912	27918274560	1121693696	1073741824	32320532480	1368064	536870912	0	1433600	1073741824	0	174878720
296	555458560	536870912	27918274560	1113190400	1073741824	32416100352	1368064	536870912	0	1433600	1073741824	0	178495488
297	559300608	536870912	27918274560	1116770304	1073741824	32456351744	1368064	536870912	0	1433600	1073741824	0	169897984
298	561770496	536870912	27918274560	1098760192	1073741824	32547434496	1368064	536870912	0	1433600	1073741824	0	171737088
299	522272768	536870912	27968942080	1044283392	1073741824	32609464320	1368064	536870912	0	1433600	1073741824	0	159817728
300	472633344	536870912	27968942080	935317504	1073741824	32609464320	1355776	536870912	0	1421312	1073741824	0	185057280
301	476778496	536870912	27968942080	952020992	1073741824	32609464320	1355776	536870912	0	1421312	1073741824	0	163225600
302	477122560	536870912	27968942080	957505536	1073741824	32609464320	1351680	536870912	0	1417216	1073741824	0	171757568
303	477794304	536870912	27968942080	965468160	1073741824	32609464320	1347584	536870912	0	1413120	1073741824	0	177954816
304	480968704	536870912	27968942080	977813504	1073741824	32609464320	1347584	536870912	0	1413120	1073741824	0	161615872
305	482213888	536870912	27968942080	985116672	1073741824	32609464320	1347584	536870912	0	1413120	1073741824	0	168792064
306	482824192	536870912	27968942080	988991488	1073741824	32609464320	1343488	536870912	0	1409024	1073741824	0	178925568
307	485236736	536870912	27968942080	1001443328	1073741824	32609464320	1343488	536870912	0	1409024	1073741824	0	163373056
308	481730560	536870912	27968942080	1030651904	1073741824	32609464320	1339392	536870912	0	1404928	1073741824	0	179585024
309	480362496	536870912	27968942080	1058054144	1073741824	32609464320	1339392	536870912	0	1404928	1073741824	0	175919104
310	480788480	536870912	27968942080	1077121024	1073741824	32609464320	1339392	536870912	0	1400832	1073741824	0	169938944
311	482344960	536870912	27968942080	1076699136	1073741824	32646524928	1339392	536870912	0	1400832	1073741824	0	171507712
312	483872768	536870912	27968942080	1079918592	1073741824	32665960448	1339392	536870912	0	1400832	1073741824	0	166604800
313	483205120	536870912	27968942080	1088471040	1073741824	32665960448	1335296	536870912	0	1396736	1073741824	0	182800384
314	487407616	536870912	27968942080	1101107200	1073741824	32665960448	1335296	536870912	0	1396736	1073741824	0	164749312
315	490844160	536870912	27968942080	1078280192	1073741824	32732168192	1335296	536870912	0	1396736	1073741824	0	184844288
316	494489600	536870912	27968942080	1098366976	1073741824	32732168192	1335296	536870912	0	1396736	1073741824	0	160235520
317	497541120	536870912	27968942080	1077145600	1073741824	32804175872	1335296	536870912	0	1396736	1073741824	0	179236864
318	500957184	536870912	27968942080	1074356224	1073741824	32810979328	1335296	536870912	0	1396736	1073741824	0	180850688
319	504090624	536870912	27968942080	1086812160	1073741824	32810979328	1335296	536870912	0	1396736	1073741824	0	165048320
320	506060800	536870912	27968942080	1079480320	1073741824	32810979328	1335296	536870912	0	1396736	1073741824	0	182009856
321	509960192	536870912	27968942080	1083723776	1073741824	32810979328	1335296	536870912	0	1396736	1073741824	0	174587904
322	538177536	536870912	27968942080	1065709568	1073741824	32832102400	1335296	536870912	0	1396736	1073741824	0	170582016
323	553766912	536870912	28002783232	1058168832	1073741824	32832102400	1331200	536870912	0	1392640	1073741824	0	171929600
324	560136192	536870912	28061724672	1049272320	1073741824	32832102400	1331200	536870912	0	1392640	1073741824	0	184356864
325	572129280	536870912	28123738112	1052319744	1073741824	32832102400	1331200	536870912	0	1392640	1073741824	0	168996864
326	547885056	536870912	28303704064	1053954048	1073741824	32832102400	1331200	536870912	0	1392640	1073741824	0	192106496
327	559149056	536870912	28341059584	1056464896	1073741824	32832102400	1331200	536870912	0	1392640	1073741824	0	179462144
328	553611264	536870912	28436881408	1058586624	1073741824	32832102400	1331200	536870912	0	1392640	1073741824	0	181600256
329	539893760	536870912	28509274112	1060724736	1073741824	32832102400	1331200	536870912	0	1392640	1073741824	0	181256192
330	535470080	536870912	28537806848	1058480128	1073741824	32832102400	1331200	536870912	0	1392640	1073741824	0	185212928
331	557481984	536870912	28537806848	1061158912	1073741824	32832102400	1331200	536870912	0	1392640	1073741824	0	158859264
332	573485056	536870912	28537806848	1053904896	1073741824	32832102400	1331200	536870912	0	1388544	1073741824	0	158269440
333	557506560	536870912	28627484672	1057337344	1073741824	32832102400	1331200	536870912	0	1388544	1073741824	0	169545728
334	573243392	536870912	28627484672	1050378240	1073741824	32832102400	1331200	536870912	0	1388544	1073741824	0	177090560
335	497037312	536870912	28721270784	1013317632	1073741824	32832102400	1323008	536870912	0	1384448	1073741824	0	151052288
336	448864256	536870912	28721270784	916783104	1073741824	32832102400	1196032	536870912	0	1290240	1073741824	0	182624256
337	465920000	536870912	28721270784	920948736	1073741824	32832102400	1196032	536870912	0	1290240	1073741824	0	159084544
338	472375296	536870912	28721270784	921300992	1073741824	32832102400	1155072	536870912	0	1253376	1073741824	0	165744640
339	479916032	536870912	28721270784	922865664	1073741824	32832102400	1146880	536870912	0	1241088	1073741824	0	170582016
340	491978752	536870912	28721270784	926126080	1073741824	32832102400	1146880	536870912	0	1241088	1073741824	0	155901952
341	492920832	536870912	28721270784	926466048	1073741824	32832102400	1105920	536870912	0	1200128	1073741824	0	177205248
342	503697408	536870912	28721270784	929996800	1073741824	32832102400	1105920	536870912	0	1200128	1073741824	0	161472512
343	503386112	536870912	28721270784	930750464	1073741824	32832102400	1060864	536870912	0	1159168	1073741824	0	177750016
344	519098368	536870912	28721270784	934563840	1073741824	32832102400	1060864	536870912	0	1159168	1073741824	0	158367744
345	518111232	536870912	28721270784	935583744	1073741824	32832102400	1011712	536870912	0	1110016	1073741824	0	165752832
346	514162688	536870912	28721270784	936542208	1073741824	32832102400	933888	536870912	0	1015808	1073741824	0	188768256
347	528973824	536870912	28721270784	940068864	1073741824	32832102400	933888	536870912	0	1015808	1073741824	0	167940096
348	523206656	536870912	28721602560	941506560	1073741824	32832102400	868352	536870912	0	933888	1073741824	0	184918016
349	535707648	536870912	28721602560	946089984	1073741824	32832102400	868352	536870912	0	1286144	1073741824	0	161132544
350	536854528	536870912	28721602560	947306496	1073741824	32832102400	811008	536870912	0	1224704	1073741824	0	176136192
351	546082816	536870912	28721602560	949219328	1073741824	32832102400	811008	536870912	0	1224704	1073741824	0	162369536
352	539344896	536870912	28750090240	952848384	1073741824	32832102400	806912	536870912	0	1208320	1073741824	0	172634112
353	541093888	536870912	28764065792	956059648	1073741824	32832102400	1159168	536870912	0	1208320	1073741824	0	166842368
354	544702464	536870912	28776497152	958853120	1073741824	32832102400	1138688	536870912	0	1200128	1073741824	0	167919616
355	551256064	536870912	28776497152	961564672	1073741824	32832102400	1081344	536870912	0	1175552	1073741824	0	165904384
356	553541632	536870912	28776497152	963313664	1073741824	32832102400	1056768	536870912	0	1146880	1073741824	0	172830720
357	555560960	536870912	28776497152	965566464	1073741824	32832102400	1032192	536870912	0	1130496	1073741824	0	182833152
358	568266752	536870912	28776497152	968278016	1073741824	32832102400	1032192	536870912	0	1130496	1073741824	0	168321024
359	536199168	536870912	28869230592	971341824	1073741824	32832102400	1032192	536870912	0	1130496	1073741824	0	195608576
360	536662016	536870912	28869881856	974585856	1073741824	32832102400	1032192	536870912	0	1130496	1073741824	0	192659456
361	536653824	536870912	28885307392	977510400	1073741824	32832102400	1032192	536870912	0	1130496	1073741824	0	181915648
362	537239552	536870912	28895059968	980529152	1073741824	32832102400	1032192	536870912	0	1130496	1073741824	0	177782784
363	535703552	536870912	28900098048	983748608	1073741824	32832102400	1032192	536870912	0	1130496	1073741824	0	168329216
364	523874304	536870912	28911280128	982798336	1073741824	32832102400	1024000	536870912	0	1126400	1073741824	0	178049024
365	516980736	536870912	28911280128	982450176	1073741824	32832102400	950272	536870912	0	1060864	1073741824	0	184233984
366	530149376	536870912	28911280128	985346048	1073741824	32832102400	950272	536870912	0	1060864	1073741824	0	162971648
367	534065152	536870912	28911280128	994045952	1073741824	32832102400	917504	536870912	0	1015808	1073741824	0	159936512
368	533905408	536870912	28911280128	1015795712	1073741824	32832102400	864256	536870912	0	925696	1073741824	0	158044160
369	529604608	536870912	28911280128	1030774784	1073741824	32832102400	839680	536870912	0	839680	1073741824	0	156049408
370	528576512	536870912	28911280128	1029566464	1073741824	32832102400	798720	536870912	0	802816	1073741824	0	185794560
371	532574208	536870912	28911280128	1035149312	1073741824	32832102400	786432	536870912	0	790528	1073741824	0	194281472
372	532545536	536870912	28911280128	1035767808	1073741824	32832102400	786432	536870912	0	790528	1073741824	0	192778240
373	532787200	536870912	28911280128	1036922880	1073741824	32832102400	786432	536870912	0	790528	1073741824	0	189988864
374	533233664	536870912	28911280128	1048866816	1073741824	32832102400	786432	536870912	0	790528	1073741824	0	172752896
375	535687168	536870912	28911280128	1044717568	1073741824	32832102400	770048	536870912	0	778240	1073741824	0	154161152
376	528105472	536870912	28911280128	1017516032	1073741824	32832102400	737280	536870912	0	761856	1073741824	0	139116544
377	489742336	536870912	28911280128	978137088	1073741824	32832102400	737280	536870912	0	761856	1073741824	0	139681792
378	467681280	536870912	28911280128	931778560	1073741824	32832102400	737280	536870912	0	757760	1073741824	0	138985472
379	443404288	536870912	28911280128	897699840	1073741824	32832102400	737280	536870912	0	753664	1073741824	0	147390464
380	385114112	536870912	28911280128	874971136	1073741824	32832102400	720896	536870912	0	749568	1073741824	0	155705344
381	364535808	536870912	28911280128	875163648	1073741824	32832102400	692224	536870912	0	729088	1073741824	0	167768064
382	341389312	536870912	28911280128	872206336	1073741824	32832102400	667648	536870912	0	667648	1073741824	0	175923200
383	318144512	536870912	28911280128	878637056	1073741824	32832102400	655360	536870912	0	655360	1073741824	0	157306880
384	287399936	536870912	28911280128	888016896	1073741824	32832102400	651264	536870912	0	634880	1073741824	0	169426944
385	299147264	536870912	28911280128	891891712	1073741824	32832102400	638976	536870912	0	622592	1073741824	0	169529344
386	301236224	536870912	28911280128	894775296	1073741824	32832102400	610304	536870912	0	622592	1073741824	0	168370176
387	308637696	536870912	28911280128	900939776	1073741824	32832102400	573440	536870912	0	622592	1073741824	0	157822976
388	308998144	536870912	28911280128	899616768	1073741824	32832102400	561152	536870912	0	614400	1073741824	0	168431616
389	310964224	536870912	28911280128	902422528	1073741824	32832102400	561152	536870912	0	1175552	1073741824	0	144232448
390	293597184	536870912	28911280128	905277440	1073741824	32832102400	1130496	536870912	0	954368	1073741824	0	168624128
391	280788992	536870912	28911280128	907038720	1073741824	32832102400	888832	536870912	0	843776	1073741824	0	177307648
392	292315136	536870912	28911280128	910266368	1073741824	32832102400	1015808	536870912	0	835584	1073741824	0	160264192
393	286777344	536870912	28911280128	917647360	1073741824	32832102400	798720	536870912	0	716800	1073741824	0	157667328
394	297193472	536870912	28911280128	919187456	1073741824	32832102400	692224	536870912	0	663552	1073741824	0	153317376
395	297443328	536870912	28911280128	917798912	1073741824	32832102400	598016	536870912	0	651264	1073741824	0	170467328
396	278589440	536870912	28911280128	918605824	1073741824	32832102400	663552	536870912	0	643072	1073741824	0	173002752
397	284934144	536870912	28911280128	924897280	1073741824	32832102400	659456	536870912	0	1003520	1073741824	0	173166592
398	289587200	536870912	28911280128	930820096	1073741824	32832102400	651264	536870912	0	839680	1073741824	0	170287104
399	298668032	536870912	28911280128	934416384	1073741824	32832102400	651264	536870912	0	839680	1073741824	0	156585984
400	305639424	536870912	28911280128	929406976	1073741824	32832102400	622592	536870912	0	729088	1073741824	0	173146112
401	290729984	536870912	28911280128	909623296	1073741824	32832102400	565248	536870912	0	733184	1073741824	0	187068416
402	295944192	536870912	28911280128	907894784	1073741824	32832102400	761856	536870912	0	729088	1073741824	0	159956992
403	286195712	536870912	28911280128	910798848	1073741824	32832102400	733184	536870912	0	651264	1073741824	0	166703104
404	290033664	536870912	28911280128	913661952	1073741824	32832102400	618496	536870912	0	638976	1073741824	0	160854016
405	298930176	536870912	28911280128	913260544	1073741824	32832102400	618496	536870912	0	638976	1073741824	0	157126656
406	294764544	536870912	28911280128	906948608	1073741824	32832102400	561152	536870912	0	622592	1073741824	0	157622272
407	301932544	536870912	28911280128	886005760	1073741824	32832102400	557056	536870912	0	966656	1073741824	0	158601216
408	143265792	536870912	28911280128	622866432	1073741824	32832102400	552960	536870912	0	622592	1073741824	0	199585792
409	130576384	536870912	28911280128	574537728	1073741824	32832102400	905216	536870912	0	622592	1073741824	0	143482880
410	106364928	536870912	28911280128	579608576	1073741824	32832102400	905216	536870912	0	622592	1073741824	0	153374720
411	101298176	536870912	28911280128	581804032	1073741824	32832102400	782336	536870912	0	622592	1073741824	0	158433280
412	98435072	536870912	28911280128	571535360	1073741824	32832102400	663552	536870912	0	622592	1073741824	0	181264384
413	105672704	536870912	28911280128	573095936	1073741824	32832102400	569344	536870912	0	622592	1073741824	0	155148288
414	108724224	536870912	28911280128	562786304	1073741824	32832102400	552960	536870912	0	937984	1073741824	0	173494272
415	117096448	536870912	28911280128	568274944	1073741824	32832102400	552960	536870912	0	897024	1073741824	0	170598400
416	127488000	536870912	28911280128	570957824	1073741824	32832102400	552960	536870912	0	765952	1073741824	0	157396992
417	137846784	536870912	28911280128	574844928	1073741824	32832102400	552960	536870912	0	765952	1073741824	0	146534400
418	148094976	536870912	28911280128	580554752	1073741824	32832102400	552960	536870912	0	765952	1073741824	0	139788288
419	148783104	536870912	28911280128	524259328	1073741824	32832102400	778240	536870912	0	716800	1073741824	0	205000704
420	161849344	536870912	28911280128	536674304	1073741824	32832102400	778240	536870912	0	716800	1073741824	0	174800896
421	174600192	536870912	28911280128	540430336	1073741824	32832102400	778240	536870912	0	716800	1073741824	0	155258880
422	179097600	536870912	28911280128	532733952	1073741824	32832102400	626688	536870912	0	651264	1073741824	0	170139648
423	191012864	536870912	28911280128	531111936	1073741824	32832102400	626688	536870912	0	651264	1073741824	0	156254208
424	198463488	536870912	28911280128	539017216	1073741824	32832102400	626688	536870912	0	856064	1073741824	0	145354752
425	202854400	536870912	28911280128	546201600	1073741824	32832102400	626688	536870912	0	856064	1073741824	0	142307328
426	208781312	536870912	28911280128	544727040	1073741824	32832102400	626688	536870912	0	843776	1073741824	0	138727424
427	215773184	536870912	28911280128	525414400	1073741824	32832102400	626688	536870912	0	843776	1073741824	0	158588928
428	224329728	536870912	28911280128	530980864	1073741824	32832102400	626688	536870912	0	843776	1073741824	0	145985536
429	233172992	536870912	28911280128	532848640	1073741824	32832102400	720896	536870912	0	843776	1073741824	0	144535552
430	237809664	536870912	28911280128	498208768	1073741824	32832102400	606208	536870912	0	684032	1073741824	0	174419968
431	250425344	536870912	28911280128	499625984	1073741824	32832102400	688128	536870912	0	647168	1073741824	0	162787328
432	261873664	536870912	28911280128	490196992	1073741824	32832102400	659456	536870912	0	626688	1073741824	0	168202240
433	268255232	536870912	28911280128	491487232	1073741824	32832102400	659456	536870912	0	626688	1073741824	0	150933504
434	275714048	536870912	28911280128	496640000	1073741824	32832102400	659456	536870912	0	954368	1073741824	0	139390976
435	280403968	536870912	28911280128	486006784	1073741824	32832102400	659456	536870912	0	954368	1073741824	0	145141760
436	281559040	536870912	28911280128	462991360	1073741824	32832102400	659456	536870912	0	946176	1073741824	0	154787840
437	284078080	536870912	28911280128	454856704	1073741824	32832102400	663552	536870912	0	634880	1073741824	0	161902592
438	286269440	536870912	28911280128	436563968	1073741824	32832102400	806912	536870912	0	618496	1073741824	0	150425600
439	284696576	536870912	28911280128	427171840	1073741824	32832102400	749568	536870912	0	614400	1073741824	0	177606656
440	288616448	536870912	28911280128	428871680	1073741824	32832102400	659456	536870912	0	614400	1073741824	0	946798592
441	292462592	536870912	28911280128	431357952	1073741824	32832102400	659456	536870912	0	614400	1073741824	0	2356023296
442	296718336	536870912	28911280128	435843072	1073741824	32832102400	659456	536870912	0	614400	1073741824	0	3798474752
443	303194112	536870912	28911280128	440844288	1073741824	32832102400	659456	536870912	0	614400	1073741824	0	5352558592
444	310091776	536870912	28911280128	446582784	1073741824	32832102400	659456	536870912	0	966656	1073741824	0	6834368512
445	318746624	536870912	28911280128	454557696	1073741824	32832102400	659456	536870912	0	966656	1073741824	0	7019823104
446	328949760	536870912	28911280128	463130624	1073741824	32832102400	659456	536870912	0	966656	1073741824	0	6997983232
447	338956288	536870912	28911280128	473747456	1073741824	32832102400	659456	536870912	0	966656	1073741824	0	6975180800
448	349704192	536870912	28911280128	482701312	1073741824	32832102400	659456	536870912	0	966656	1073741824	0	6952251392
449	359931904	536870912	28911280128	489918464	1073741824	32832102400	659456	536870912	0	966656	1073741824	0	6931492864
450	370290688	536870912	28911280128	498638848	1073741824	32832102400	659456	536870912	0	966656	1073741824	0	6911401984
451	380612608	536870912	28911280128	508092416	1073741824	32832102400	659456	536870912	0	966656	1073741824	0	6888288256
452	391401472	536870912	28911280128	518320128	1073741824	32832102400	659456	536870912	0	966656	1073741824	0	6865899520
453	401776640	536870912	28911280128	528842752	1073741824	32832102400	659456	536870912	0	966656	1073741824	0	6842974208
454	413212672	536870912	28911280128	534728704	1073741824	32832102400	659456	536870912	0	966656	1073741824	0	6823526400
455	424476672	536870912	28911280128	542965760	1073741824	32832102400	659456	536870912	0	966656	1073741824	0	6801887232
456	436424704	536870912	28911280128	552288256	1073741824	32832102400	659456	536870912	0	966656	1073741824	0	6777720832
457	447680512	536870912	28911280128	560140288	1073741824	32832102400	659456	536870912	0	966656	1073741824	0	6757715968
458	459362304	536870912	28911280128	569462784	1073741824	32832102400	659456	536870912	0	966656	1073741824	0	6736261120
459	470814720	536870912	28911280128	579280896	1073741824	32832102400	659456	536870912	0	966656	1073741824	0	6714003456
460	472244224	536870912	28911280128	581890048	1073741824	32832102400	659456	536870912	0	966656	1073741824	0	6709166080
461	472403968	536870912	28911280128	589856768	1073741824	32832102400	659456	536870912	0	966656	1073741824	0	6699638784
462	472403968	536870912	28911280128	599994368	1073741824	32832102400	659456	536870912	0	966656	1073741824	0	6686920704
463	472403968	536870912	28911280128	602566656	1073741824	32832102400	659456	536870912	0	966656	1073741824	0	6684110848
464	472403968	536870912	28911280128	604512256	1073741824	32832102400	659456	536870912	0	966656	1073741824	0	6682075136
465	472403968	536870912	28911280128	604499968	1073741824	32832102400	659456	536870912	0	966656	1073741824	0	6678503424
466	472403968	536870912	28911280128	609730560	1073741824	32832102400	659456	536870912	0	966656	1073741824	0	6671515648
467	472403968	536870912	28911280128	612741120	1073741824	32832102400	659456	536870912	0	966656	1073741824	0	6668111872
468	472510464	536870912	28911280128	615202816	1073741824	32832102400	659456	536870912	0	966656	1073741824	0	6664880128
469	472416256	536870912	28911280128	625508352	1073741824	32832102400	659456	536870912	0	966656	1073741824	0	6653296640
470	472547328	536870912	28911280128	635285504	1073741824	32832102400	659456	536870912	0	966656	1073741824	0	6641168384
471	472514560	536870912	28911280128	643522560	1073741824	32832102400	659456	536870912	0	966656	1073741824	0	6628548608
472	475086848	536870912	28911280128	646914048	1073741824	32832102400	659456	536870912	0	966656	1073741824	0	6608887808
473	481890304	536870912	28911280128	653062144	1073741824	32832102400	659456	536870912	0	966656	1073741824	0	6594949120
474	497164288	536870912	28911280128	662138880	1073741824	32832102400	659456	536870912	0	966656	1073741824	0	6568747008
475	513003520	536870912	28911280128	672837632	1073741824	32832102400	659456	536870912	0	966656	1073741824	0	6540627968
476	527941632	536870912	28911280128	678535168	1073741824	32832102400	659456	536870912	0	966656	1073741824	0	6519259136
477	546447360	536870912	28911280128	684371968	1073741824	32832102400	659456	536870912	0	966656	1073741824	0	6493388800
478	558329856	536870912	28911280128	691302400	1073741824	32832102400	659456	536870912	0	966656	1073741824	0	6472880128
479	564580352	536870912	28911280128	697352192	1073741824	32832102400	659456	536870912	0	966656	1073741824	0	6460174336
480	579198976	536870912	28911280128	705441792	1073741824	32832102400	659456	536870912	0	966656	1073741824	0	6435897344
481	593117184	536870912	28911280128	716083200	1073741824	32832102400	659456	536870912	0	966656	1073741824	0	6409293824
482	594952192	536870912	28911280128	718692352	1073741824	32832102400	659456	536870912	0	966656	1073741824	0	6404640768
483	0	536870912	28911280128	727060480	1073741824	32832102400	659456	536870912	0	966656	1073741824	0	6792192000
484	0	536870912	28911280128	736178176	1073741824	32832102400	659456	536870912	0	966656	1073741824	0	6760054784
485	0	536870912	28911280128	745738240	1073741824	32832102400	659456	536870912	0	966656	1073741824	0	6742691840
486	0	536870912	28911280128	756002816	1073741824	32832102400	659456	536870912	0	966656	1073741824	0	6727909376
487	0	536870912	28911280128	759332864	1073741824	32832102400	659456	536870912	0	966656	1073741824	0	6723403776
488	0	536870912	28911280128	761327616	1073741824	32832102400	921600	536870912	0	966656	1073741824	0	6720184320
489	0	536870912	28911280128	762273792	1073741824	32832102400	880640	536870912	0	966656	1073741824	0	6719455232
490	0	536870912	28911280128	770793472	1073741824	32832102400	880640	536870912	0	966656	1073741824	0	6709936128
491	0	536870912	28911280128	781602816	1073741824	32832102400	880640	536870912	0	966656	1073741824	0	6696943616
492	0	536870912	28911280128	790958080	1073741824	32832102400	880640	536870912	0	966656	1073741824	0	6686437376
493	0	536870912	28911280128	798908416	1073741824	32832102400	880640	536870912	0	966656	1073741824	0	6669193216
494	0	536870912	28911280128	0	1073741824	32832102400	1667072	536870912	0	1085440	1073741824	0	7301103616
