1	1441075200	536870912	0	2867195904	1073741824	0	1794592768	536870912	0	3110600704	1073741824	0	2488225792
2	1441169408	536870912	0	2867281920	1073741824	0	1794592768	536870912	0	3110600704	1073741824	0	2487713792
3	1441193984	536870912	0	2867314688	1073741824	0	1794592768	536870912	0	3110600704	1073741824	0	2488487936
4	1441193984	536870912	0	2867314688	1073741824	0	1794592768	536870912	0	3110600704	1073741824	0	2487943168
5	1441193984	536870912	0	2867314688	1073741824	0	1794592768	536870912	0	3110600704	1073741824	0	2488012800
6	1441193984	536870912	0	2867314688	1073741824	0	1794592768	536870912	0	3110600704	1073741824	0	2487152640
7	1441193984	536870912	0	2867314688	1073741824	0	1794592768	536870912	0	3110600704	1073741824	0	2487029760
8	1441193984	536870912	0	2867314688	1073741824	0	1794592768	536870912	0	3133538304	1073741824	0	2458767360
9	1441193984	536870912	0	2867314688	1073741824	0	1794592768	536870912	0	3156094976	1073741824	0	2437623808
10	1441193984	536870912	0	2867195904	1073741824	0	1794592768	536870912	0	3181056000	1073741824	0	2412113920
11	1441169408	536870912	0	2867281920	1073741824	0	1794592768	536870912	0	3207794688	1073741824	0	2385350656
12	1441198080	536870912	0	2867208192	1073741824	0	1794740224	536870912	0	3386449920	1073741824	0	2205822976
13	1441198080	536870912	0	2867326976	1073741824	0	1794772992	536870912	0	3763970048	1073741824	0	1828343808
14	1441198080	536870912	0	2867339264	1073741824	0	1794658304	536870912	0	4073299968	1073741824	0	1518223360
15	1441210368	536870912	0	2879283200	1073741824	0	1794793472	536870912	0	4267802624	1073741824	0	1312112640
16	1441275904	536870912	0	2774683648	1073741824	0	1794797568	536870912	0	4294946816	1073741824	0	1390080000
17	1474088960	536870912	0	2775564288	1073741824	0	1794809856	536870912	0	4294942720	1073741824	0	1349922816
18	1501339648	536870912	0	2813136896	1073741824	0	1794682880	536870912	0	4294946816	1073741824	0	1284694016
19	1503203328	536870912	0	2842636288	1073741824	0	1794818048	536870912	0	4294946816	1073741824	0	1251901440
20	1503399936	536870912	0	2842996736	1073741824	0	1794826240	536870912	0	4294946816	1073741824	0	1248608256
21	1503854592	536870912	0	2843435008	1073741824	0	1794838528	536870912	0	4294946816	1073741824	0	1249890304
22	1504473088	536870912	0	2843852800	1073741824	0	1794719744	536870912	0	4294946816	1073741824	0	1249218560
23	1504796672	536870912	0	2844274688	1073741824	0	1794854912	536870912	0	4294946816	1073741824	0	1247444992
24	1505214464	536870912	0	2844672000	1073741824	0	1794859008	536870912	0	4294946816	1073741824	0	1246863360
25	1505619968	536870912	0	2845085696	1073741824	0	1794879488	536870912	0	4294946816	1073741824	0	1246928896
26	1505939456	536870912	0	2845368320	1073741824	0	1794887680	536870912	0	4294946816	1073741824	0	1244954624
27	1506398208	536870912	0	2845749248	1073741824	0	1794895872	536870912	0	4294950912	1073741824	0	1243148288
28	1507069952	536870912	0	2846388224	1073741824	0	1796997120	536870912	0	4294950912	1073741824	0	1239441408
29	1507745792	536870912	0	2847133696	1073741824	0	1797005312	536870912	0	4294893568	1073741824	0	1238175744
30	1508356096	536870912	0	2847797248	1073741824	0	1797013504	536870912	0	4294836224	1073741824	0	1237753856
31	1509093376	536870912	0	2849771520	1073741824	0	1797025792	536870912	0	4294885376	1073741824	0	1234731008
32	1509720064	536870912	0	2850504704	1073741824	0	1797025792	536870912	0	4294942720	1073741824	0	1232736256
33	1510424576	536870912	0	2851274752	1073741824	0	1796898816	536870912	0	4294881280	1073741824	0	1223114752
34	1511190528	536870912	0	2851995648	1073741824	0	1796898816	536870912	0	4294934528	1073741824	0	1221287936
35	1511747584	536870912	0	2852618240	1073741824	0	1796898816	536870912	0	4294946816	1073741824	0	1220407296
36	1512415232	536870912	0	2853425152	1073741824	0	1796898816	536870912	0	4294877184	1073741824	0	1218609152
37	1512984576	536870912	0	2854129664	1073741824	0	1796898816	536870912	0	4294868992	1073741824	0	1216421888
38	1513664512	536870912	0	2854838272	1073741824	0	1796898816	536870912	0	4294963200	1073741824	0	1215741952
39	1514541056	536870912	0	2855661568	1073741824	0	1796898816	536870912	0	4294840320	1073741824	0	1213460480
40	1515319296	536870912	0	2856484864	1073741824	0	1796898816	536870912	0	4294868992	1073741824	0	1211699200
41	1516101632	536870912	0	2857226240	1073741824	0	1796898816	536870912	0	4294877184	1073741824	0	1209741312
42	1516601344	536870912	0	2857766912	1073741824	0	1796898816	536870912	0	4294955008	1073741824	0	1207992320
43	1517408256	536870912	0	2858672128	1073741824	0	1796898816	536870912	0	4294938624	1073741824	0	1206779904
44	1518026752	536870912	0	2860089344	1073741824	0	1796898816	536870912	0	4294938624	1073741824	0	1203163136
45	1518948352	536870912	0	2861608960	1073741824	0	1796898816	536870912	0	4294938624	1073741824	0	1202618368
46	1519853568	536870912	0	2863329280	1073741824	0	1796898816	536870912	0	4294938624	1073741824	0	1200246784
47	1520730112	536870912	0	2864713728	1073741824	0	1796898816	536870912	0	4294967296	1073741824	0	1196953600
48	1521676288	536870912	0	2866311168	1073741824	0	1796898816	536870912	0	4294963200	1073741824	0	1195593728
49	1522442240	536870912	0	2867445760	1073741824	0	1796898816	536870912	0	4294938624	1073741824	0	1193611264
50	1523417088	536870912	0	2869063680	1073741824	0	1796898816	536870912	0	4294836224	1073741824	0	1191010304
51	1524383744	536870912	0	2870386688	1073741824	0	1796898816	536870912	0	4294938624	1073741824	0	1189711872
52	1525145600	536870912	0	2871508992	1073741824	0	1796898816	536870912	0	4294938624	1073741824	0	1187270656
53	1525952512	536870912	0	2872782848	1073741824	0	1796898816	536870912	0	4294938624	1073741824	0	1185853440
54	1591459840	536870912	0	2873643008	1073741824	0	2048950272	536870912	0	4294938624	1073741824	0	864862208
55	1666334720	536870912	0	2874654720	1073741824	0	2147483648	536870912	0	4294938624	1073741824	0	687091712
56	1777516544	536870912	0	2875555840	1073741824	0	2147483648	536870912	0	4294942720	1073741824	0	571322368
57	1807294464	536870912	0	2876350464	1073741824	0	2147483648	536870912	0	4294942720	1073741824	0	539668480
58	1807888384	536870912	0	2877534208	1073741824	0	2147401728	536870912	0	4294942720	1073741824	0	538812416
59	1808666624	536870912	0	2878726144	1073741824	0	2147430400	536870912	0	4294811648	1073741824	0	535990272
60	1809637376	536870912	0	2880086016	1073741824	0	2147442688	536870912	0	4294942720	1073741824	0	533663744
61	1810706432	536870912	0	2881380352	1073741824	0	2147459072	536870912	0	4294942720	1073741824	0	530923520
62	1811849216	536870912	0	2882846720	1073741824	0	2147463168	536870912	0	4294942720	1073741824	0	520368128
63	1812852736	536870912	0	2884751360	1073741824	0	2147332096	536870912	0	4294946816	1073741824	0	516218880
64	1814183936	536870912	0	2886115328	1073741824	0	2147463168	536870912	0	3288170496	1073741824	0	1525968896
65	1814900736	536870912	0	2887569408	1073741824	0	2147467264	536870912	0	3288170496	1073741824	0	1524711424
66	1816059904	536870912	0	2888863744	1073741824	0	2147479552	536870912	0	3288170496	1073741824	0	1522487296
67	1816879104	536870912	0	2889900032	1073741824	0	2147475456	536870912	0	3288170496	1073741824	0	1520844800
68	1817620480	536870912	0	2891157504	1073741824	0	2147483648	536870912	0	3288170496	1073741824	0	1519611904
69	1818628096	536870912	0	2892521472	1073741824	0	2147483648	536870912	0	3288170496	1073741824	0	1516834816
70	1819672576	536870912	0	2893885440	1073741824	0	2147356672	536870912	0	3288170496	1073741824	0	1514909696
71	1820602368	536870912	0	2895093760	1073741824	0	2147409920	536870912	0	3288170496	1073741824	0	1513394176
72	1821446144	536870912	0	2896015360	1073741824	0	2147422208	536870912	0	3288170496	1073741824	0	1511124992
73	1822113792	536870912	0	2897047552	1073741824	0	2147409920	536870912	0	3288170496	1073741824	0	1501048832
74	1822838784	536870912	0	2898067456	1073741824	0	2147360768	536870912	0	3288170496	1073741824	0	1499353088
75	1823662080	536870912	0	2899034112	1073741824	0	2147479552	536870912	0	3288170496	1073741824	0	1496354816
76	1824690176	536870912	0	2967818240	1073741824	0	2147377152	536870912	0	3288170496	1073741824	0	1426255872
77	1825628160	536870912	0	3075936256	1073741824	0	2147393536	536870912	0	3288170496	1073741824	0	1316663296
78	1825550336	536870912	0	3127070720	1073741824	0	2147446784	536870912	0	3288170496	1073741824	0	1262764032
79	1826791424	536870912	0	3209867264	1073741824	0	2147434496	536870912	0	3288170496	1073741824	0	1178271744
80	1827729408	536870912	0	3305467904	1073741824	0	2147270656	536870912	0	3288170496	1073741824	0	1078784000
81	1828540416	536870912	0	3417645056	1073741824	0	2147414016	536870912	0	3288170496	1073741824	0	961888256
82	1829376000	536870912	0	3473846272	1073741824	0	2147381248	536870912	0	3290267648	1073741824	0	900870144
83	1830150144	536870912	0	3474849792	1073741824	0	2147446784	536870912	0	3290267648	1073741824	0	899510272
84	1831464960	536870912	0	3475742720	1073741824	0	2147442688	536870912	0	3290267648	1073741824	0	896520192
85	1832742912	536870912	0	3477147648	1073741824	0	2147401728	536870912	0	3290267648	1073741824	0	894586880
86	1834131456	536870912	0	3478589440	1073741824	0	2147397632	536870912	0	3290267648	1073741824	0	891752448
87	1835704320	536870912	0	3479867392	1073741824	0	2147434496	536870912	0	3290267648	1073741824	0	889004032
88	1836650496	536870912	0	3480784896	1073741824	0	2147405824	536870912	0	3290267648	1073741824	0	887558144
89	1837649920	536870912	0	3481808896	1073741824	0	1803497472	536870912	0	3290267648	1073741824	0	1231110144
90	1838858240	536870912	0	3482972160	1073741824	0	1803497472	536870912	0	3290267648	1073741824	0	1228791808
91	1839824896	536870912	0	3483979776	1073741824	0	1803497472	536870912	0	3290267648	1073741824	0	1226862592
92	1840984064	536870912	0	3485179904	1073741824	0	1803497472	536870912	0	3290267648	1073741824	0	1224228864
93	1842245632	536870912	0	3486408704	1073741824	0	1803497472	536870912	0	3290267648	1073741824	0	1223806976
94	1859690496	536870912	0	3487420416	1073741824	0	1803497472	536870912	0	3290267648	1073741824	0	1204879360
95	1860681728	536870912	0	3488415744	1073741824	0	1803497472	536870912	0	3290267648	1073741824	0	1202368512
96	1861484544	536870912	0	3489411072	1073741824	0	1803497472	536870912	0	3290267648	1073741824	0	1198616576
97	1862594560	536870912	0	3490263040	1073741824	0	1803497472	536870912	0	3290267648	1073741824	0	1197010944
98	1863340032	536870912	0	3491074048	1073741824	0	1803497472	536870912	0	3290267648	1073741824	0	1194504192
99	1864212480	536870912	0	3492122624	1073741824	0	1803497472	536870912	0	3290267648	1073741824	0	1192800256
100	1865187328	536870912	0	3493076992	1073741824	0	1803763712	536870912	0	3290267648	1073741824	0	1191817216
101	1866100736	536870912	0	3493933056	1073741824	0	1803522048	536870912	0	3290267648	1073741824	0	1176735744
102	1866715136	536870912	0	3494551552	1073741824	0	1803657216	536870912	0	3290267648	1073741824	0	1179553792
103	1867108352	536870912	0	3495129088	1073741824	0	1803530240	536870912	0	3290267648	1073741824	0	1177661440
104	1868173312	536870912	0	3495960576	1073741824	0	1803665408	536870912	0	3290267648	1073741824	0	1175781376
105	1869197312	536870912	0	3496833024	1073741824	0	1803673600	536870912	0	3290267648	1073741824	0	1173192704
106	1870434304	536870912	0	3498029056	1073741824	0	1803673600	536870912	0	3290267648	1073741824	0	1169285120
107	1871163392	536870912	0	3498848256	1073741824	0	1803673600	536870912	0	3290267648	1073741824	0	1167441920
108	1872150528	536870912	0	3499606016	1073741824	0	1803702272	536870912	0	3290267648	1073741824	0	1165959168
109	1873137664	536870912	0	3500531712	1073741824	0	1803710464	536870912	0	3290267648	1073741824	0	1162174464
110	1873784832	536870912	0	3501133824	1073741824	0	1803710464	536870912	0	3290267648	1073741824	0	1161035776
111	1874714624	536870912	0	3502223360	1073741824	0	1803730944	536870912	0	3290267648	1073741824	0	1156612096
112	1875832832	536870912	0	3503239168	1073741824	0	1803730944	536870912	0	3290267648	1073741824	0	1137225728
113	1876824064	536870912	0	3504168960	1073741824	0	1803751424	536870912	0	3290267648	1073741824	0	1134596096
114	1877856256	536870912	0	3504992256	1073741824	0	1803751424	536870912	0	3290267648	1073741824	0	1131319296
115	1878609920	536870912	0	3505762304	1073741824	0	1803632640	536870912	0	3290267648	1073741824	0	1235046400
116	1878978560	536870912	0	3506311168	1073741824	0	1803632640	536870912	0	3290267648	1073741824	0	1221496832
117	1879875584	536870912	0	3506966528	1073741824	0	1803632640	536870912	0	3290267648	1073741824	0	1200324608
118	1880752128	536870912	0	3507798016	1073741824	0	1803632640	536870912	0	3290267648	1073741824	0	1156829184
119	1881702400	536870912	0	3508879360	1073741824	0	1803632640	536870912	0	3290267648	1073741824	0	1154592768
120	1882529792	536870912	0	3509559296	1073741824	0	1803632640	536870912	0	3290267648	1073741824	0	1148555264
121	1883332608	536870912	0	3510288384	1073741824	0	1803632640	536870912	0	3290267648	1073741824	0	1145995264
122	1883967488	536870912	0	3511713792	1073741824	0	1803632640	536870912	0	3290267648	1073741824	0	1142816768
123	1885360128	536870912	0	3512774656	1073741824	0	1803632640	536870912	0	3290267648	1073741824	0	1140793344
124	1886691328	536870912	0	3513344000	1073741824	0	1803632640	536870912	0	3290267648	1073741824	0	1139400704
125	1887948800	536870912	0	3514085376	1073741824	0	1803632640	536870912	0	3585441792	1073741824	0	839090176
126	1888636928	536870912	0	3515088896	1073741824	0	1803632640	536870912	0	3898925056	1073741824	0	522219520
127	1889447936	536870912	0	3515805696	1073741824	0	1803632640	536870912	0	4109455360	1073741824	0	310353920
128	1963458560	536870912	0	3515097088	1073741824	0	1803001856	536870912	0	4277866496	1073741824	0	227848192
129	2051334144	536870912	0	3510771712	1073741824	0	1801916416	536870912	0	4281561088	1073741824	75550720	155049984
130	2068398080	536870912	0	3511332864	1073741824	0	1801846784	536870912	0	4189069312	1073741824	1016344576	232222720
131	2082746368	536870912	0	3511562240	1073741824	0	1801777152	536870912	0	4031827968	1073741824	3309338624	373747712
132	2092421120	536870912	0	3512340480	1073741824	0	1801777152	536870912	0	4037517312	1073741824	3309338624	353927168
133	2094071808	536870912	0	3513847808	1073741824	0	1801777152	536870912	0	4037451776	1073741824	3309338624	350965760
134	2095374336	536870912	0	3515183104	1073741824	0	1801777152	536870912	0	4037361664	1073741824	3309338624	346861568
135	2097274880	536870912	0	3516608512	1073741824	0	1801777152	536870912	0	4037623808	1073741824	3309338624	344412160
136	2097238016	536870912	0	3516624896	1073741824	0	1801777152	536870912	0	4037496832	1073741824	3309338624	342540288
137	2097238016	536870912	0	3516624896	1073741824	0	1801777152	536870912	0	4037496832	1073741824	3309338624	342269952
138	2097238016	536870912	0	3516624896	1073741824	0	1801777152	536870912	0	4037664768	1073741824	3309338624	341278720
139	2097238016	536870912	0	3516624896	1073741824	0	1801777152	536870912	0	4037664768	1073741824	3309338624	342081536
140	2097225728	536870912	0	3516624896	1073741824	0	1801777152	536870912	0	4037664768	1073741824	3309338624	341434368
141	2097213440	536870912	0	3516624896	1073741824	0	1801777152	536870912	0	4037795840	1073741824	3309338624	341794816
142	2097725440	536870912	0	3516887040	1073741824	0	1801777152	536870912	0	4038062080	1073741824	3309338624	340901888
143	2099277824	536870912	0	3517788160	1073741824	0	1801777152	536870912	0	4038430720	1073741824	3309338624	338587648
144	2099527680	536870912	0	3517984768	1073741824	0	1801777152	536870912	0	4038864896	1073741824	3309338624	336465920
145	2099625984	536870912	0	3518099456	1073741824	0	1801777152	536870912	0	4038696960	1073741824	3309338624	335400960
146	2100793344	536870912	0	3519148032	1073741824	0	1801777152	536870912	0	4039352320	1073741824	3309338624	334696448
147	2101186560	536870912	0	3519672320	1073741824	0	1801777152	536870912	0	4039495680	1073741824	3309338624	331956224
148	2101829632	536870912	0	3520839680	1073741824	0	1801777152	536870912	0	4039737344	1073741824	3309338624	330985472
149	2102439936	536870912	0	3521695744	1073741824	0	1995030528	536870912	0	4034875392	1073741824	3309338624	141271040
150	2099437568	536870912	0	3464425472	1073741824	137265152	1994096640	536870912	0	4010196992	1073741824	3396096000	236740608
151	2099781632	536870912	0	3399016448	1073741824	609746944	1993850880	536870912	0	4007985152	1073741824	3424063488	314114048
152	2096513024	536870912	0	3383517184	1073741824	742510592	1992806400	536870912	0	3983155200	1073741824	3544698880	358465536
153	2096525312	536870912	0	3383496704	1073741824	742510592	1992806400	536870912	0	3981565952	1073741824	3544698880	359936000
154	2096680960	536870912	0	3383652352	1073741824	742510592	1992806400	536870912	0	3963211776	1073741824	3661430784	377200640
155	2097356800	536870912	0	3384492032	1073741824	742510592	1992806400	536870912	0	3952902144	1073741824	3705090048	387862528
156	2097704960	536870912	0	3392413696	1073741824	742510592	1992806400	536870912	0	3952902144	1073741824	3705090048	380682240
157	2097704960	536870912	0	3397001216	1073741824	742510592	1992806400	536870912	0	3932856320	1073741824	3854774272	396578816
158	2097836032	536870912	0	3455053824	1073741824	742510592	1992953856	536870912	0	3914260480	1073741824	4031152128	358780928
159	2097860608	536870912	0	3551784960	1073741824	742510592	1992970240	536870912	0	3910922240	1073741824	4062777344	261783552
160	2097860608	536870912	0	3563712512	1073741824	742510592	1992986624	536870912	0	3884441600	1073741824	4419076096	274903040
161	2097860608	536870912	0	3563716608	1073741824	742510592	1992888320	536870912	0	3884544000	1073741824	4419076096	275759104
162	2097868800	536870912	0	3563532288	1073741824	742510592	1992888320	536870912	0	3884134400	1073741824	4419076096	267571200
163	2097774592	536870912	0	3563556864	1073741824	742510592	1992888320	536870912	0	3884040192	1073741824	4419076096	261947392
164	2097590272	536870912	0	3563065344	1073741824	742510592	1993867264	536870912	0	3800309760	1073741824	5578272768	358973440
165	2097549312	536870912	0	3563085824	1073741824	742510592	2019897344	536870912	0	3798482944	1073741824	5632122880	335933440
166	2097430528	536870912	0	3563216896	1073741824	742510592	2049912832	536870912	0	3798372352	1073741824	5632122880	304455680
167	2097549312	536870912	0	3563089920	1073741824	742510592	2081771520	536870912	0	3798409216	1073741824	5632122880	270843904
168	2097549312	536870912	0	3563077632	1073741824	742510592	2104184832	536870912	0	3798409216	1073741824	5632122880	252231680
169	2097430528	536870912	0	3563089920	1073741824	742510592	2120437760	536870912	0	3798409216	1073741824	5632122880	231264256
170	2097434624	536870912	0	3563089920	1073741824	742510592	2147328000	536870912	0	3804176384	1073741824	5632122880	196648960
171	2097553408	536870912	0	3562971136	1073741824	742510592	2147463168	536870912	0	3804024832	1073741824	5632122880	196767744
172	2097553408	536870912	0	3563089920	1073741824	742510592	2147336192	536870912	0	3811028992	1073741824	5632122880	191774720
173	2097553408	536870912	0	3563200512	1073741824	742510592	2147336192	536870912	0	3812896768	1073741824	5632122880	188305408
174	2097717248	536870912	0	3458404352	1073741824	742510592	2147479552	536870912	0	3822870528	1073741824	5632122880	283111424
175	2098130944	536870912	0	3458650112	1073741824	742510592	2147483648	536870912	0	3831603200	1073741824	5632122880	275509248
176	2098454528	536870912	0	3459149824	1073741824	742510592	2147352576	536870912	0	3839807488	1073741824	5632122880	267231232
177	2099421184	536870912	0	3459837952	1073741824	742510592	2147450880	536870912	0	3852369920	1073741824	5632122880	251621376
178	2100219904	536870912	0	3460427776	1073741824	742510592	2147483648	536870912	0	3863711744	1073741824	5632122880	237879296
179	2101059584	536870912	0	3461218304	1073741824	742510592	2147368960	536870912	0	3867746304	1073741824	5632122880	231628800
180	2101530624	536870912	0	3461918720	1073741824	742510592	2147446784	536870912	0	3869376512	1073741824	5632122880	228384768
181	2101706752	536870912	0	3462041600	1073741824	742510592	2147454976	536870912	0	3869347840	1073741824	5632122880	228102144
182	2101579776	536870912	0	3462041600	1073741824	742510592	2147454976	536870912	0	3870961664	1073741824	5632122880	227696640
183	2101579776	536870912	0	3462172672	1073741824	742510592	2147381248	536870912	0	3871481856	1073741824	5632122880	217653248
184	2101817344	536870912	0	3462942720	1073741824	742510592	2147483648	536870912	0	3873984512	1073741824	5632122880	214659072
185	2102128640	536870912	0	3464220672	1073741824	742510592	2147414016	536870912	0	3883327488	1073741824	5632122880	202858496
186	2103095296	536870912	0	3464814592	1073741824	742510592	2147409920	536870912	0	3891187712	1073741824	5632122880	192884736
187	2104889344	536870912	0	3465887744	1073741824	742510592	2147454976	536870912	0	3893723136	1073741824	5632122880	187924480
188	2104979456	536870912	0	3466686464	1073741824	742510592	2147430400	536870912	0	3894910976	1073741824	5632122880	186421248
189	2105499648	536870912	0	3467714560	1073741824	742510592	1869279232	536870912	0	3905265664	1073741824	5632122880	454791168
190	2107379712	536870912	0	3468656640	1073741824	742510592	1869152256	536870912	0	3917156352	1073741824	5632122880	440651776
191	2109423616	536870912	0	3469778944	1073741824	742510592	1869152256	536870912	0	3925057536	1073741824	5632122880	429465600
192	2111315968	536870912	0	3470794752	1073741824	742510592	1869152256	536870912	0	3937968128	1073741824	5632122880	412041216
193	2112999424	536870912	0	3471749120	1073741824	742510592	1869152256	536870912	0	3949326336	1073741824	5632122880	397852672
194	2114584576	536870912	0	3472506880	1073741824	742510592	1869152256	536870912	0	3958919168	1073741824	5632122880	382713856
195	2117459968	536870912	0	3473149952	1073741824	742510592	1869152256	536870912	0	3969273856	1073741824	5632122880	368107520
196	2118725632	536870912	0	3474010112	1073741824	742510592	1869152256	536870912	0	3978813440	1073741824	5632122880	357502976
197	2119602176	536870912	0	3474821120	1073741824	742510592	1869152256	536870912	0	3988328448	1073741824	5632122880	347996160
198	2120605696	536870912	0	3475570688	1073741824	742510592	1869283328	536870912	0	3998728192	1073741824	5632122880	335216640
199	2121609216	536870912	0	3476467712	1073741824	742510592	1869283328	536870912	0	4009250816	1073741824	5632122880	321679360
200	2122620928	536870912	0	3477438464	1073741824	742510592	1869156352	536870912	0	4020920320	1073741824	5632122880	307408896
201	2123534336	536870912	0	3478310912	1073741824	742510592	1869156352	536870912	0	4031393792	1073741824	5632122880	292900864
202	2124431360	536870912	0	3479314432	1073741824	742510592	1869156352	536870912	0	4043026432	1073741824	5632122880	276885504
203	2125312000	536870912	0	3480088576	1073741824	742510592	1869156352	536870912	0	4055597056	1073741824	5632122880	263524352
204	2126368768	536870912	0	3481071616	1073741824	742510592	1869156352	536870912	0	4064698368	1073741824	5632122880	251748352
205	2127192064	536870912	0	3482001408	1073741824	742510592	1869156352	536870912	0	4075667456	1073741824	5632122880	237207552
206	2127765504	536870912	0	3483066368	1073741824	742510592	1869156352	536870912	0	4086263808	1073741824	5632122880	225808384
207	2128670720	536870912	0	3483607040	1073741824	742510592	1869156352	536870912	0	4097843200	1073741824	5632122880	209866752
208	2129907712	536870912	0	3484270592	1073741824	742510592	1869156352	536870912	0	4110798848	1073741824	5632122880	195551232
209	2131435520	536870912	0	3496800256	1073741824	742510592	1869156352	536870912	0	4123119616	1073741824	5632122880	168726528
210	2133053440	536870912	0	3504017408	1073741824	742510592	1868746752	536870912	0	4015865856	1073741824	7212093440	264445952
211	2134581248	536870912	0	3511128064	1073741824	742510592	1868746752	536870912	0	4024877056	1073741824	7212093440	249974784
212	2136203264	536870912	0	3512107008	1073741824	742510592	1868746752	536870912	0	4033794048	1073741824	7212093440	235716608
213	2137739264	536870912	0	3512913920	1073741824	742510592	1868746752	536870912	0	4044615680	1073741824	7212093440	223039488
214	2139656192	536870912	0	3513819136	1073741824	742510592	1868746752	536870912	0	4055146496	1073741824	7212093440	207392768
215	2140717056	536870912	0	3514986496	1073741824	742510592	1868746752	536870912	0	4062789632	1073741824	7212093440	197529600
216	2142470144	536870912	0	3515928576	1073741824	742510592	1868746752	536870912	0	4072689664	1073741824	7212093440	181870592
217	2143903744	536870912	0	3516780544	1073741824	742510592	1868746752	536870912	0	4083228672	1073741824	7212093440	169181184
218	2145501184	536870912	0	3517804544	1073741824	742510592	1868746752	536870912	0	4094046208	1073741824	7212093440	156151808
219	2147397632	536870912	0	3518033920	1073741824	742510592	1868701696	536870912	0	4024283136	1073741824	8756256768	224866304
220	2147385344	536870912	0	3518205952	1073741824	742510592	1868701696	536870912	0	4031406080	1073741824	8756256768	215613440
221	2147401728	536870912	0	3519430656	1073741824	742510592	1868701696	536870912	0	4037210112	1073741824	8756256768	208351232
222	2147409920	536870912	0	3520483328	1073741824	742510592	1868701696	536870912	0	4042883072	1073741824	8756256768	202424320
223	2147442688	536870912	0	3521740800	1073741824	742510592	1868701696	536870912	0	4047982592	1073741824	8756256768	194445312
224	2147438592	536870912	0	3522826240	1073741824	742510592	1868701696	536870912	0	4054159360	1073741824	8756256768	184295424
225	2147438592	536870912	0	3523461120	1073741824	742510592	1868701696	536870912	0	4056424448	1073741824	8756256768	181116928
226	2147409920	536870912	0	3524050944	1073741824	742510592	1868701696	536870912	0	4056346624	1073741824	8756256768	178032640
227	2147463168	536870912	0	3524050944	1073741824	742510592	1868701696	536870912	0	4056387584	1073741824	8756256768	180408320
228	2147397632	536870912	0	3524198400	1073741824	742510592	1868701696	536870912	0	4057305088	1073741824	8756256768	179142656
229	2147373056	536870912	0	3525324800	1073741824	742510592	1868701696	536870912	0	4061171712	1073741824	8756256768	171753472
230	2147438592	536870912	0	3526324224	1073741824	742510592	1868701696	536870912	0	4065153024	1073741824	8756256768	168431616
231	2147438592	536870912	0	3527692288	1073741824	742510592	1868701696	536870912	0	4068802560	1073741824	8756256768	164626432
232	2147438592	536870912	0	3528855552	1073741824	742510592	1868701696	536870912	0	4072886272	1073741824	8756256768	159375360
233	2147368960	536870912	0	3537891328	1073741824	742510592	1868656640	536870912	0	3988754432	1073741824	10298134528	234840064
234	2147377152	536870912	0	3543855104	1073741824	742510592	1868656640	536870912	0	3991465984	1073741824	10298134528	226336768
235	2147446784	536870912	0	3544760320	1073741824	742510592	1868656640	536870912	0	3995848704	1073741824	10298134528	219516928
236	2147450880	536870912	0	3551703040	1073741824	742510592	1868656640	536870912	0	3997863936	1073741824	10298134528	208617472
237	2147377152	536870912	0	3552485376	1073741824	742510592	1868656640	536870912	0	4001005568	1073741824	10298134528	207593472
238	2147467264	536870912	0	3556663296	1073741824	742510592	1868656640	536870912	0	4001062912	1073741824	10298134528	199880704
239	2147381248	536870912	0	3560181760	1073741824	742510592	1868656640	536870912	0	4001087488	1073741824	10298134528	198455296
240	2147479552	536870912	0	3561566208	1073741824	742510592	1868656640	536870912	0	4001087488	1073741824	10298134528	194646016
241	2147479552	536870912	0	3562799104	1073741824	742510592	1868656640	536870912	0	4001091584	1073741824	10298134528	196472832
242	2147438592	536870912	0	3563442176	1073741824	742510592	1868656640	536870912	0	4001103872	1073741824	10298134528	194629632
243	2147426304	536870912	0	3563954176	1073741824	742510592	1868656640	536870912	0	4001640448	1073741824	10298134528	194183168
244	2147426304	536870912	0	3563954176	1073741824	742510592	1868656640	536870912	0	4001804288	1073741824	10298134528	189931520
245	2147426304	536870912	0	3563954176	1073741824	742510592	1870753792	536870912	0	4001804288	1073741824	10298134528	190963712
246	2147426304	536870912	0	3563954176	1073741824	742510592	1870753792	536870912	0	4001808384	1073741824	10298134528	189595648
247	2147426304	536870912	0	3563954176	1073741824	742510592	1870753792	536870912	0	4001808384	1073741824	10298134528	190771200
248	2147426304	536870912	0	3563954176	1073741824	742510592	1870753792	536870912	0	4001808384	1073741824	10298134528	191533056
249	2147426304	536870912	0	3563954176	1073741824	742510592	1870753792	536870912	0	4001939456	1073741824	10298134528	190930944
250	2147229696	536870912	0	3564630016	1073741824	742510592	1975017472	536870912	0	3944509440	1073741824	11126292480	139575296
251	2057388032	536870912	452669440	3365486592	1073741824	2035462144	1966399488	536870912	3670016	3872800768	1073741824	11498897408	516587520
252	2057289728	536870912	452669440	3364687872	1073741824	2035462144	1905557504	536870912	123830272	3682742272	1073741824	14759542784	772554752
253	2058391552	536870912	452669440	3364786176	1073741824	2035462144	1896951808	536870912	391262208	3642736640	1073741824	15412326400	820551680
254	2058850304	536870912	452669440	3366084608	1073741824	2035462144	1943080960	536870912	391262208	3642662912	1073741824	15412326400	773115904
255	2058850304	536870912	452669440	3367374848	1073741824	2035462144	1987092480	536870912	391262208	3642806272	1073741824	15412326400	726462464
256	2058850304	536870912	452669440	3368935424	1073741824	2035462144	2034585600	536870912	391262208	3642728448	1073741824	15412326400	676978688
257	2058850304	536870912	452669440	3368988672	1073741824	2035462144	2058715136	536870912	391262208	3642871808	1073741824	15412326400	651059200
258	2058731520	536870912	452669440	3369644032	1073741824	2035462144	2091606016	536870912	391262208	3642916864	1073741824	15412326400	617926656
259	2058735616	536870912	452669440	3370786816	1073741824	2035462144	2106068992	536870912	391262208	3642957824	1073741824	15412326400	601116672
260	2058735616	536870912	452669440	3370782720	1073741824	2035462144	2123370496	536870912	391262208	3643088896	1073741824	15412326400	583168000
261	2060312576	536870912	452669440	3371454464	1073741824	2035462144	2147352576	536870912	391262208	3643006976	1073741824	15412326400	557166592
262	2061049856	536870912	452669440	3371835392	1073741824	2035462144	2147360768	536870912	391262208	3643006976	1073741824	15412326400	555954176
263	2061979648	536870912	452669440	3372290048	1073741824	2035462144	2147483648	536870912	391262208	3643027456	1073741824	15412326400	553287680
264	2063155200	536870912	452669440	3372789760	1073741824	2035462144	2147426304	536870912	391262208	3643080704	1073741824	15412326400	545431552
265	2064457728	536870912	452669440	3374219264	1073741824	2035462144	2147414016	536870912	391262208	3643080704	1073741824	15412326400	541724672
266	2065432576	536870912	452669440	3375915008	1073741824	2035462144	2147418112	536870912	391262208	3643174912	1073741824	15412326400	537554944
267	2067726336	536870912	452669440	3377213440	1073741824	2035462144	2147311616	536870912	391262208	3643277312	1073741824	15412326400	535916544
268	2070228992	536870912	452669440	3378712576	1073741824	2035462144	2147483648	536870912	391262208	3643506688	1073741824	15412326400	530202624
269	2070618112	536870912	452669440	3378688000	1073741824	2035462144	2147414016	536870912	391262208	3643514880	1073741824	15412326400	528613376
270	2070659072	536870912	452669440	3379068928	1073741824	2035462144	2147414016	536870912	391262208	3643469824	1073741824	15412326400	528433152
271	2070540288	536870912	452669440	3379204096	1073741824	2035462144	2147426304	536870912	391262208	3643473920	1073741824	15412326400	529137664
272	2070540288	536870912	452669440	3380121600	1073741824	2035462144	2147442688	536870912	391262208	3643736064	1073741824	15412326400	530006016
273	2070540288	536870912	452669440	3382996992	1073741824	2035462144	2147471360	536870912	391262208	3643482112	1073741824	15412326400	527437824
274	2071576576	536870912	452669440	3386392576	1073741824	2035462144	2147471360	536870912	391262208	3643744256	1073741824	15412326400	521895936
275	2072989696	536870912	452669440	3388252160	1073741824	2035462144	2147454976	536870912	391262208	3643691008	1073741824	15412326400	519385088
276	2073288704	536870912	452669440	3388764160	1073741824	2035462144	2147454976	536870912	391262208	3643899904	1073741824	15412326400	518459392
277	2074394624	536870912	452669440	3389825024	1073741824	2035462144	2147467264	536870912	391262208	3643994112	1073741824	15412326400	516136960
278	2075897856	536870912	452669440	3391135744	1073741824	2035462144	2147475456	536870912	391262208	3644239872	1073741824	15412326400	514961408
279	2077167616	536870912	452669440	3392200704	1073741824	2035462144	2147479552	536870912	391262208	3644444672	1073741824	15412326400	512126976
280	2079526912	536870912	452669440	3400757248	1073741824	2035462144	2147360768	536870912	391262208	3644579840	1073741824	15412326400	501174272
281	1982865408	536870912	452669440	3411533824	1073741824	2035462144	2147401728	536870912	391262208	3645480960	1073741824	15412326400	587755520
282	1990254592	536870912	452669440	3421577216	1073741824	2035462144	2147328000	536870912	391262208	3647770624	1073741824	15412326400	569610240
283	2002358272	536870912	452669440	3432116224	1073741824	2035462144	2147344384	536870912	391262208	3649744896	1073741824	15412326400	543625216
284	2007793664	536870912	452669440	3447480320	1073741824	2035462144	2147479552	536870912	391262208	3651997696	1073741824	15412326400	519667712
285	2010152960	536870912	452669440	3452465152	1073741824	2035462144	2147385344	536870912	391262208	3654840320	1073741824	15412326400	504545280
286	2010865664	536870912	452669440	3452997632	1073741824	2035462144	2147418112	536870912	391262208	3655426048	1073741824	15412326400	503476224
287	2012172288	536870912	452669440	3455127552	1073741824	2035462144	2147459072	536870912	391262208	3655340032	1073741824	15412326400	500117504
288	2013794304	536870912	452669440	3456811008	1073741824	2035462144	2147483648	536870912	391262208	3655385088	1073741824	15412326400	496070656
289	2014859264	536870912	452669440	3457806336	1073741824	2035462144	2147430400	536870912	391262208	3655446528	1073741824	15412326400	494264320
290	2016100352	536870912	452669440	3459354624	1073741824	2035462144	2147414016	536870912	391262208	3655446528	1073741824	15412326400	484306944
291	2017517568	536870912	452669440	3460046848	1073741824	2035462144	2147414016	536870912	391262208	3655614464	1073741824	15412326400	480055296
292	2019540992	536870912	452669440	3460919296	1073741824	2035462144	2147446784	536870912	391262208	3655487488	1073741824	15412326400	477208576
293	2021441536	536870912	452669440	3461480448	1073741824	2035462144	2147471360	536870912	391262208	3655626752	1073741824	15412326400	474275840
294	2021470208	536870912	452669440	3461521408	1073741824	2035462144	2147348480	536870912	391262208	3655507968	1073741824	15412326400	474304512
295	2022522880	536870912	452669440	3461988352	1073741824	2035462144	2147475456	536870912	391262208	3655651328	1073741824	15412326400	472399872
296	2030522368	536870912	452669440	3463385088	1073741824	2035462144	2147344384	536870912	391262208	3655954432	1073741824	15412326400	466485248
297	2042961920	536870912	452669440	3464712192	1073741824	2035462144	2147401728	536870912	391262208	3656007680	1073741824	15412326400	452501504
298	2047819776	536870912	452669440	3465994240	1073741824	2035462144	1754050560	536870912	391262208	3656724480	1073741824	15412326400	841961472
299	2048831488	536870912	452669440	3467235328	1073741824	2035462144	1754050560	536870912	391262208	3658268672	1073741824	15412326400	837697536
300	2050101248	536870912	452669440	3468296192	1073741824	2035462144	1754050560	536870912	391262208	3659374592	1073741824	15412326400	834236416
301	2051268608	536870912	452669440	3469541376	1073741824	2035462144	1754050560	536870912	391262208	3661221888	1073741824	15412326400	829599744
302	2052190208	536870912	452669440	3470577664	1073741824	2035462144	1754050560	536870912	391262208	3661565952	1073741824	15412326400	827355136
303	2053353472	536870912	452669440	3471769600	1073741824	2035462144	1754050560	536870912	391262208	3661459456	1073741824	15412326400	823926784
304	2053738496	536870912	452669440	3473555456	1073741824	2035462144	1754050560	536870912	391262208	3661590528	1073741824	15412326400	821567488
305	2053738496	536870912	452669440	3473457152	1073741824	2035462144	1754050560	536870912	391262208	3661590528	1073741824	15412326400	821084160
306	2053726208	536870912	452669440	3473457152	1073741824	2035462144	1754050560	536870912	391262208	3661467648	1073741824	15412326400	821133312
307	2053738496	536870912	452669440	3473444864	1073741824	2035462144	1754050560	536870912	391262208	3661598720	1073741824	15412326400	820043776
308	2053730304	536870912	452669440	3473457152	1073741824	2035462144	1754050560	536870912	391262208	3661479936	1073741824	15412326400	819531776
309	2053742592	536870912	452669440	3473416192	1073741824	2035462144	1754050560	536870912	391262208	3661488128	1073741824	15412326400	819695616
310	2053660672	536870912	452669440	3473473536	1073741824	2035462144	1754050560	536870912	391262208	3661488128	1073741824	15412326400	819859456
311	2053742592	536870912	452669440	3473473536	1073741824	2035462144	1754050560	536870912	391262208	3661623296	1073741824	15412326400	819798016
312	2055409664	536870912	452669440	3482288128	1073741824	2035462144	1754181632	536870912	391262208	3661643776	1073741824	15412326400	811405312
313	2060173312	536870912	452669440	3499814912	1073741824	2035462144	1754054656	536870912	391262208	3661701120	1073741824	15412326400	790487040
314	2070089728	536870912	452669440	3504742400	1073741824	2035462144	1754054656	536870912	391262208	3661709312	1073741824	15412326400	775880704
315	2073047040	536870912	452669440	3506278400	1073741824	2035462144	1754054656	536870912	391262208	3661901824	1073741824	15412326400	766607360
316	2073751552	536870912	452669440	3507122176	1073741824	2035462144	1754054656	536870912	391262208	3662798848	1073741824	15412326400	766160896
317	2075090944	536870912	452669440	3508281344	1073741824	2035462144	1754054656	536870912	391262208	3663769600	1073741824	15412326400	763674624
318	2076459008	536870912	452669440	3509665792	1073741824	2035462144	1754054656	536870912	391262208	3665297408	1073741824	15412326400	759631872
319	2077859840	536870912	452669440	3511025664	1073741824	2035462144	1754058752	536870912	391262208	3666771968	1073741824	15412326400	756617216
320	2079297536	536870912	452669440	3512451072	1073741824	2035462144	1754058752	536870912	391262208	3668058112	1073741824	15412326400	751304704
321	2080550912	536870912	452669440	3513511936	1073741824	2035462144	1754058752	536870912	391262208	3669422080	1073741824	15412326400	747261952
322	2083778560	536870912	452669440	3514671104	1073741824	2035462144	1754189824	536870912	391262208	3671007232	1073741824	15412326400	740917248
323	2093281280	536870912	452669440	3515969536	1073741824	2035462144	1754062848	536870912	391262208	3672731648	1073741824	15412326400	728551424
324	2095476736	536870912	452669440	3517362176	1073741824	2035462144	1754062848	536870912	391262208	3674402816	1073741824	15412326400	722731008
325	2096820224	536870912	452669440	3518816256	1073741824	2035462144	1754062848	536870912	391262208	3675979776	1073741824	15412326400	718356480
326	2098249728	536870912	452669440	3524177920	1073741824	2035462144	1754066944	536870912	391262208	3677224960	1073741824	15412326400	710365184
327	2099548160	536870912	452669440	3533926400	1073741824	2035462144	1754066944	536870912	391262208	3679444992	1073741824	15412326400	695824384
328	2100768768	536870912	452669440	3535355904	1073741824	2035462144	1754066944	536870912	391262208	3680899072	1073741824	15412326400	691372032
329	2107715584	536870912	452669440	3536818176	1073741824	2035462144	1754066944	536870912	391262208	3682410496	1073741824	15412326400	680861696
330	2110050304	536870912	452669440	3538284544	1073741824	2035462144	1754066944	536870912	391262208	3683725312	1073741824	15412326400	674410496
331	2111639552	536870912	452669440	3539763200	1073741824	2035462144	1754066944	536870912	391262208	3684929536	1073741824	15412326400	669499392
332	2112884736	536870912	452669440	3540926464	1073741824	2035462144	1754066944	536870912	391262208	3687075840	1073741824	15412326400	664526848
333	2114170880	536870912	452669440	3542355968	1073741824	2035462144	1754066944	536870912	391262208	3688419328	1073741824	15412326400	660246528
334	2117156864	536870912	452669440	3549184000	1073741824	2035462144	1754066944	536870912	391262208	3690049536	1073741824	15412326400	649691136
335	2121175040	536870912	452669440	3550744576	1073741824	2035462144	1754198016	536870912	391262208	3692040192	1073741824	15412326400	641691648
336	2122694656	536870912	452669440	3552178176	1073741824	2035462144	1754198016	536870912	391262208	3693580288	1073741824	15412326400	637300736
337	2124091392	536870912	452669440	3554930688	1073741824	2035462144	1754071040	536870912	391262208	3694858240	1073741824	15412326400	630779904
338	2126053376	536870912	452669440	3557429248	1073741824	2035462144	1754071040	536870912	391262208	3696492544	1073741824	15412326400	624214016
339	2128883712	536870912	452669440	3558969344	1073741824	2035462144	1754071040	536870912	391262208	3698147328	1073741824	15412326400	617336832
340	2130366464	536870912	452669440	3561164800	1073741824	2035462144	1754079232	536870912	391262208	3699216384	1073741824	15412326400	612163584
341	2132901888	536870912	452669440	3579502592	1073741824	2035462144	1754079232	536870912	391262208	3700056064	1073741824	15412326400	589832192
342	2135080960	536870912	452669440	3625496576	1073741824	2035462144	1754079232	536870912	391262208	3701649408	1073741824	15412326400	538497024
343	2136522752	536870912	452669440	3662979072	1073741824	2035462144	1754079232	536870912	391262208	3701657600	1073741824	15412326400	498028544
344	2147373056	536870912	452669440	3701637120	1073741824	2035462144	1754079232	536870912	391262208	3701780480	1073741824	15412326400	445149184
345	2147381248	536870912	452669440	3739267072	1073741824	2035462144	1754079232	536870912	391262208	3701944320	1073741824	15412326400	406732800
346	2147307520	536870912	452669440	3744219136	1073741824	2035462144	1754079232	536870912	391262208	3701862400	1073741824	15412326400	400830464
347	2147426304	536870912	452669440	3744219136	1073741824	2035462144	1754079232	536870912	391262208	3701993472	1073741824	15412326400	399904768
348	2147438592	536870912	452669440	3744468992	1073741824	2035462144	1754079232	536870912	391262208	3702001664	1073741824	15412326400	399679488
349	2147438592	536870912	452669440	3744456704	1073741824	2035462144	1754079232	536870912	391262208	3701878784	1073741824	15412326400	399396864
350	2147434496	536870912	452669440	3744473088	1073741824	2035462144	1754079232	536870912	391262208	3702013952	1073741824	15412326400	400449536
351	2147446784	536870912	452669440	3744358400	1073741824	2035462144	1754079232	536870912	391262208	3701903360	1073741824	15412326400	399880192
352	2147450880	536870912	452669440	3744358400	1073741824	2035462144	1754079232	536870912	391262208	3702034432	1073741824	15412326400	400134144
353	2147450880	536870912	452669440	3744358400	1073741824	2035462144	1754079232	536870912	391262208	3702034432	1073741824	15412326400	399593472
354	2147450880	536870912	452669440	3744358400	1073741824	2035462144	1754079232	536870912	391262208	3702034432	1073741824	15412326400	399466496
355	2147450880	536870912	452669440	3744358400	1073741824	2035462144	1754079232	536870912	391262208	3701936128	1073741824	15412326400	399110144
356	2147450880	536870912	452669440	3744489472	1073741824	2035462144	1754079232	536870912	391262208	3702067200	1073741824	15412326400	398987264
357	2147450880	536870912	452669440	3744362496	1073741824	2035462144	1754079232	536870912	391262208	3701948416	1073741824	15412326400	400277504
358	2147450880	536870912	452669440	3744362496	1073741824	2035462144	1777799168	536870912	391262208	3702079488	1073741824	15412326400	373440512
359	2147450880	536870912	452669440	3744337920	1073741824	2035462144	1802784768	536870912	391262208	3702095872	1073741824	15412326400	347238400
360	2147438592	536870912	452669440	3744362496	1073741824	2035462144	1832144896	536870912	391262208	3701985280	1073741824	15412326400	317509632
361	2147450880	536870912	452669440	3744362496	1073741824	2035462144	1863995392	536870912	391262208	3701985280	1073741824	15412326400	284794880
362	2147450880	536870912	452669440	3744362496	1073741824	2035462144	1888374784	536870912	391262208	3702116352	1073741824	15412326400	259936256
363	2147450880	536870912	452669440	3744362496	1073741824	2035462144	1901142016	536870912	391262208	3702116352	1073741824	15412326400	246022144
364	2147454976	536870912	452669440	3744350208	1073741824	2035462144	1932075008	536870912	391262208	3701989376	1073741824	15412326400	214347776
365	2147454976	536870912	452669440	3744362496	1073741824	2035462144	1963794432	536870912	391262208	3701989376	1073741824	15412326400	181846016
366	2147454976	536870912	452669440	3526012928	1073741824	3487617024	1995907072	536870912	391262208	3701997568	1073741824	15412326400	371224576
367	2147454976	536870912	452669440	3526000640	1073741824	3487617024	2029330432	536870912	391262208	3701997568	1073741824	15412326400	338583552
368	2147454976	536870912	452669440	3526012928	1073741824	3487617024	2061312000	536870912	391262208	3702018048	1073741824	15412326400	305598464
369	2147454976	536870912	452669440	3526000640	1073741824	3487617024	2094735360	536870912	391262208	3702149120	1073741824	15412326400	272019456
370	2147442688	536870912	452669440	3526012928	1073741824	3487617024	2129076224	536870912	391262208	3702149120	1073741824	15412326400	237170688
371	2147454976	536870912	452669440	3526012928	1073741824	3487617024	2147446784	536870912	391262208	3702149120	1073741824	15412326400	217509888
372	2147336192	536870912	452669440	3526012928	1073741824	3487617024	2147483648	536870912	391262208	3702022144	1073741824	15412326400	216702976
373	2147434496	536870912	452669440	3526406144	1073741824	3487617024	2147459072	536870912	391262208	3702153216	1073741824	15412326400	216879104
374	2147319808	536870912	452669440	3526270976	1073741824	3487617024	2147446784	536870912	391262208	3702312960	1073741824	15412326400	208863232
375	2147434496	536870912	452669440	3526270976	1073741824	3487617024	2147454976	536870912	391262208	3702185984	1073741824	15412326400	209326080
376	2147336192	536870912	452669440	3526270976	1073741824	3487617024	2147319808	536870912	391262208	3702321152	1073741824	15412326400	205836288
377	2147454976	536870912	452669440	3526270976	1073741824	3487617024	2147450880	536870912	391262208	3702194176	1073741824	15412326400	204578816
378	2147438592	536870912	452669440	3526389760	1073741824	3487617024	2147188736	536870912	391262208	3702194176	1073741824	15412326400	204582912
379	2147385344	536870912	452669440	3526590464	1073741824	3487617024	2147454976	536870912	391262208	3702329344	1073741824	15412326400	204414976
380	2147434496	536870912	452669440	3526795264	1073741824	3487617024	2147344384	536870912	391262208	3702419456	1073741824	15412326400	204623872
381	2147434496	536870912	452669440	3526742016	1073741824	3487617024	2147377152	536870912	391262208	3702489088	1073741824	15412326400	204742656
382	2042888192	536870912	452669440	3421933568	1073741824	3487617024	2069155840	536870912	391262208	3702513664	1073741824	15412326400	496586752
383	2043404288	536870912	452669440	3422621696	1073741824	3487617024	2069069824	536870912	391262208	3702583296	1073741824	15412326400	494469120
384	2044162048	536870912	452669440	3423547392	1073741824	3487617024	2069069824	536870912	391262208	3702665216	1073741824	15412326400	494567424
385	2044882944	536870912	452669440	3424186368	1073741824	3487617024	2069069824	536870912	391262208	3702779904	1073741824	15412326400	493088768
386	2046234624	536870912	452669440	3425181696	1073741824	3487617024	2069069824	536870912	391262208	3702853632	1073741824	15412326400	491966464
387	2048036864	536870912	452669440	3426234368	1073741824	3487617024	2069069824	536870912	391262208	3702919168	1073741824	15412326400	488763392
388	2049859584	536870912	452669440	3427405824	1073741824	3487617024	2069069824	536870912	391262208	3703398400	1073741824	15412326400	485261312
389	2051002368	536870912	452669440	3428442112	1073741824	3487617024	2069200896	536870912	391262208	3703914496	1073741824	15412326400	480174080
390	2052435968	536870912	452669440	3429736448	1073741824	3487617024	2069073920	536870912	391262208	3704578048	1073741824	15412326400	479621120
391	2053476352	536870912	452669440	3430510592	1073741824	3487617024	2069073920	536870912	391262208	3705389056	1073741824	15412326400	476528640
392	2054672384	536870912	452669440	3431849984	1073741824	3487617024	2069073920	536870912	391262208	3706159104	1073741824	15412326400	474529792
393	2056359936	536870912	452669440	3433521152	1073741824	3487617024	2069073920	536870912	391262208	3706793984	1073741824	15412326400	470634496
394	2057945088	536870912	452669440	3434934272	1073741824	3487617024	2069073920	536870912	391262208	3707084800	1073741824	15412326400	467017728
395	2059366400	536870912	452669440	3436290048	1073741824	3487617024	2069073920	536870912	391262208	3707731968	1073741824	15412326400	463081472
396	2061058048	536870912	452669440	3437797376	1073741824	3487617024	2069073920	536870912	391262208	3708567552	1073741824	15412326400	459091968
397	2062675968	536870912	452669440	3439550464	1073741824	3487617024	2069073920	536870912	391262208	3709259776	1073741824	15412326400	454594560
398	2064457728	536870912	452669440	3441049600	1073741824	3487617024	2069073920	536870912	391262208	3710181376	1073741824	15412326400	449372160
399	2068336640	536870912	452669440	3442016256	1073741824	3487617024	2069073920	536870912	391262208	3710840832	1073741824	15412326400	445411328
400	2077220864	536870912	452669440	3446542336	1073741824	3487617024	2069204992	536870912	391262208	3711823872	1073741824	15412326400	432218112
401	2090762240	536870912	452669440	3461652480	1073741824	3487617024	2069082112	536870912	391262208	3712774144	1073741824	15412326400	403488768
402	2093457408	536870912	452669440	3479060480	1073741824	3487617024	2069082112	536870912	391262208	3713638400	1073741824	15412326400	383090688
403	2094985216	536870912	452669440	3499499520	1073741824	3487617024	2069082112	536870912	391262208	3714445312	1073741824	15412326400	358645760
404	2096594944	536870912	452669440	3505958912	1073741824	3487617024	2069082112	536870912	391262208	3715342336	1073741824	15412326400	349646848
405	2098298880	536870912	452669440	3507855360	1073741824	3487617024	2069082112	536870912	391262208	3716292608	1073741824	15412326400	344555520
406	2099621888	536870912	452669440	3510116352	1073741824	3487617024	2069082112	536870912	391262208	3717177344	1073741824	15412326400	335265792
407	2100523008	536870912	452669440	3510956032	1073741824	3487617024	2069082112	536870912	391262208	3718057984	1073741824	15412326400	335253504
408	2101624832	536870912	452669440	3512070144	1073741824	3487617024	2069082112	536870912	391262208	3718721536	1073741824	15412326400	334028800
409	2103369728	536870912	452669440	3513724928	1073741824	3487617024	2069082112	536870912	391262208	3719585792	1073741824	15412326400	329715712
410	2113212416	536870912	452669440	3515539456	1073741824	3487617024	2069082112	536870912	391262208	3720454144	1073741824	15412326400	316735488
411	2121433088	536870912	452669440	3517075456	1073741824	3487617024	2069082112	536870912	391262208	3721216000	1073741824	15412326400	305266688
412	2127548416	536870912	452669440	3518517248	1073741824	3487617024	2069082112	536870912	391262208	3722248192	1073741824	15412326400	297103360
413	2133184512	536870912	452669440	3519815680	1073741824	3487617024	2069082112	536870912	391262208	3722895360	1073741824	15412326400	288362496
414	2134708224	536870912	452669440	3521245184	1073741824	3487617024	2069082112	536870912	391262208	3723800576	1073741824	15412326400	284651520
415	2136023040	536870912	452669440	3530932224	1073741824	3487617024	2069082112	536870912	391262208	3724476416	1073741824	15412326400	271986688
416	2137452544	536870912	452669440	3542757376	1073741824	3487617024	2069082112	536870912	391262208	3725000704	1073741824	15412326400	257413120
417	2138284032	536870912	452669440	3559251968	1073741824	3487617024	2069082112	536870912	391262208	3725549568	1073741824	15412326400	233500672
418	2139058176	536870912	452669440	3569987584	1073741824	3487617024	2069082112	536870912	391262208	3726299136	1073741824	15412326400	221663232
419	2139963392	536870912	452669440	3578163200	1073741824	3487617024	2069082112	536870912	391262208	3726905344	1073741824	15412326400	213164032
420	2140651520	536870912	452669440	3579928576	1073741824	3487617024	2069082112	536870912	391262208	3727564800	1073741824	15412326400	209223680
421	2141503488	536870912	452669440	3584540672	1073741824	3487617024	2069082112	536870912	391262208	3727773696	1073741824	15412326400	204275712
422	2143141888	536870912	452669440	3585847296	1073741824	3487617024	2069082112	536870912	391262208	3728359424	1073741824	15412326400	199712768
423	2146488320	536870912	452669440	3586752512	1073741824	3487617024	2069082112	536870912	391262208	3728965632	1073741824	15412326400	195219456
424	2147434496	536870912	452669440	3587489792	1073741824	3487617024	2069082112	536870912	391262208	3729244160	1073741824	15412326400	191655936
425	2147454976	536870912	452669440	3588222976	1073741824	3487617024	2069082112	536870912	391262208	3729854464	1073741824	15412326400	190644224
426	2147438592	536870912	452669440	3588972544	1073741824	3487617024	2069082112	536870912	391262208	3730427904	1073741824	15412326400	188653568
427	2147323904	536870912	452669440	3589955584	1073741824	3487617024	2077339648	536870912	391262208	3731177472	1073741824	15412326400	175210496
428	2147471360	536870912	452669440	3591102464	1073741824	3487617024	2094067712	536870912	391262208	3648331776	1073741824	16770191360	216834048
429	2147237888	536870912	452669440	3592257536	1073741824	3487617024	2117042176	536870912	391262208	3648835584	1073741824	16770191360	196468736
430	2147274752	536870912	452669440	3592372224	1073741824	3487617024	2141945856	536870912	391262208	3648843776	1073741824	16770191360	170958848
431	2147233792	536870912	452669440	3592372224	1073741824	3487617024	2147434496	536870912	391262208	3648753664	1073741824	16770191360	165208064
432	2147352576	536870912	452669440	3592437760	1073741824	3487617024	2147303424	536870912	391262208	3648774144	1073741824	16770191360	164659200
433	2147352576	536870912	452669440	3592437760	1073741824	3487617024	2147434496	536870912	391262208	3648774144	1073741824	16770191360	165101568
434	2147340288	536870912	452669440	3592441856	1073741824	3487617024	2147434496	536870912	391262208	3648905216	1073741824	16770191360	165777408
435	2147356672	536870912	452669440	3592441856	1073741824	3487617024	2147176448	536870912	391262208	3648917504	1073741824	16770191360	163459072
436	2147344384	536870912	452669440	3592441856	1073741824	3487617024	2147307520	536870912	391262208	3648925696	1073741824	16770191360	163180544
437	2147332096	536870912	452669440	3592323072	1073741824	3487617024	0	536870912	391262208	3648802816	1073741824	16770191360	1881014272
438	2147319808	536870912	452669440	3592441856	1073741824	3487617024	0	536870912	391262208	3648815104	1073741824	16770191360	1880846336
439	2147307520	536870912	452669440	3592409088	1073741824	3487617024	0	536870912	391262208	3648815104	1073741824	16770191360	1880952832
440	2147274752	536870912	452669440	3592396800	1073741824	3487617024	0	536870912	391262208	3648946176	1073741824	16770191360	1881276416
441	2147262464	536870912	452669440	3592384512	1073741824	3487617024	0	536870912	391262208	3648946176	1073741824	16770191360	1881927680
442	2147250176	536870912	452669440	3592372224	1073741824	3487617024	0	536870912	391262208	3648946176	1073741824	16770191360	1881272320
443	2147368960	536870912	452669440	3592359936	1073741824	3487617024	0	536870912	391262208	3648946176	1073741824	16770191360	1880911872
444	2147356672	536870912	452669440	3592347648	1073741824	3487617024	0	536870912	391262208	3648946176	1073741824	16770191360	1881235456
445	2147344384	536870912	452669440	3592335360	1073741824	3487617024	0	536870912	391262208	3648946176	1073741824	16770191360	1880850432
446	2147332096	536870912	452669440	3592454144	1073741824	3487617024	0	536870912	391262208	3648946176	1073741824	16770191360	1881530368
447	2147467264	536870912	452669440	3592835072	1073741824	3487617024	0	536870912	391262208	3648946176	1073741824	16770191360	1881243648
448	2147483648	536870912	452669440	3592843264	1073741824	3487617024	0	536870912	391262208	3648847872	1073741824	16770191360	1880227840
449	2147483648	536870912	452669440	3594526720	1073741824	3487617024	0	536870912	391262208	3648978944	1073741824	16770191360	1878953984
450	2147303424	536870912	452669440	3596349440	1073741824	3487617024	0	536870912	391262208	3648978944	1073741824	16770191360	1877340160
451	2147434496	536870912	452669440	3596337152	1073741824	3487617024	0	536870912	391262208	3648978944	1073741824	16770191360	1876414464
452	2147303424	536870912	452669440	3597766656	1073741824	3487617024	0	536870912	391262208	3648991232	1073741824	16770191360	1875304448
453	2147434496	536870912	452669440	3628859392	1073741824	3487617024	0	536870912	391262208	3649064960	1073741824	16770191360	1843929088
454	2147401728	536870912	452669440	3639492608	1073741824	3487617024	0	536870912	391262208	2589753344	1073741824	16770191360	2907381760
455	2147450880	536870912	452669440	3668185088	1073741824	3487617024	0	536870912	391262208	2589876224	1073741824	16770191360	2880323584
456	2147434496	536870912	452669440	3668303872	1073741824	3487617024	0	536870912	391262208	2589892608	1073741824	16770191360	2880475136
457	2147450880	536870912	452669440	3668275200	1073741824	3487617024	0	536870912	391262208	2589782016	1073741824	16770191360	2880253952
458	2147450880	536870912	452669440	3668307968	1073741824	3487617024	0	536870912	391262208	2589782016	1073741824	16770191360	2880798720
459	2147450880	536870912	452669440	3668307968	1073741824	3487617024	0	536870912	391262208	2589782016	1073741824	16770191360	2880704512
460	2147450880	536870912	452669440	3668189184	1073741824	3487617024	0	536870912	391262208	2589782016	1073741824	16770191360	2880770048
461	2147332096	536870912	452669440	3668189184	1073741824	3487617024	0	536870912	391262208	2589782016	1073741824	16770191360	2879811584
462	2147332096	536870912	452669440	3668189184	1073741824	3487617024	0	536870912	391262208	2589782016	1073741824	16770191360	2879320064
463	2147332096	536870912	452669440	3668189184	1073741824	3487617024	0	536870912	391262208	2589782016	1073741824	16770191360	2879766528
464	2147332096	536870912	452669440	3668189184	1073741824	3487617024	0	536870912	391262208	2589782016	1073741824	16770191360	2880098304
465	2147332096	536870912	452669440	3668189184	1073741824	3487617024	0	536870912	391262208	2589782016	1073741824	16770191360	2880147456
466	2147332096	536870912	452669440	3668189184	1073741824	3487617024	0	536870912	391262208	2589782016	1073741824	16770191360	2879950848
467	2147332096	536870912	452669440	3668189184	1073741824	3487617024	0	536870912	391262208	2589782016	1073741824	16770191360	2879868928
468	2147332096	536870912	452669440	3668189184	1073741824	3487617024	0	536870912	391262208	2589782016	1073741824	16770191360	2881941504
469	2147442688	536870912	452669440	3668299776	1073741824	3487617024	0	536870912	391262208	2589896704	1073741824	16770191360	2882035712
